1467978293
1467985050
1468047774
63169727
1467885732
348277775
511321613
210356694
1467994873
1468014396
2647510955
1467877736
2998305
1467975141
1469399184
1468020459
1469402817
1467994741
176441879
1468308650
1468164454
1467893136
1469300322
1467910339
1468032369
122138382
194058756
1467877604
1467870496
1469415535
1467905923
1468410195
1467922223
138018465
1467913312
172732233
1467975900
1467871750
1468054135
1467890812
1468018671
1467885307
1569586535
1467886235
1468098297
1467886125
1467879552
1467913883
629228237
1467883459
3004004
1468043984
1468098265
1468049518
1467975816
1467920311
1468318208
1467892254
1467902576
115215861
651611295
1468040421
1469300476
103047057
1468045229
1467884369
1467870640
94890401
1467871394
1467976035
1469303350
1468034731
1469432051
1467976306
1467910471
1467977475
1468013038
1090806234
2369146
1467932396
2634725616
630067963
1468218804
1469370922
187187929
1468017310
1468305337
1467975262
1468167515
1468022095
1468717808
1467899889
1467899424
348185166
1467935532
1467977461
305747815
1468018124
1468118376
1468300173
1469341199
1468330541
1467986387
1468024573
168116841
486891108
1468034711
115445870
349731146
154912011
191142417
152232793
1467884734
2604439219
1168968566
1468018300
1467908585
1468300220
1468278855
1468279846
1468299981
1468002286
1468159709
1469286943
1468077267
54482363
1468308466
1468303938
1468012296
1468181808
1468039577
5345506
122587715
1468045657
5465154
1467878601
1467975826
1468672135
1469412359
1468042924
194077374
1569589690
1467875006
1469360789
1467975209
1467875985
1468244802
1468368381
146688921
1467915696
110981745
1467904354
1467903511
1467878199
1468040461
176174397
1469430913
1467935311
1468024260
129319778
1467868450
1468288786
1468046402
1468163116
1467886466
2661980410
1468024250
1467994505
1468367588
1468046259
1467923315
1467900133
1467919774
1468260865
1467868090
1468375887
1468279798
1467876067
1467976993
1468300157
1467886730
1468308642
95572399
1467872529
1468332750
671553655
1468707016
1468010648
1467994780
1467866677
1467919245
1467895044
1468300212
171498803
1467878188
1468371833
1468353658
1469262794
1469314627
1469364473
1468213212
1467913598
1469368745
359591152
1469334016
1468097930
347135246
1469364576
1467982595
1467877077
1467975230
672343012
1467867901
5485376
378704738
1468097922
146688767
1468370069
787375939
1469300400
61103881
1468049344
1467885079
1467874158
29758512
1467910391
1569772068
1469433695
1567829573
77321
1467986365
1468165504
1467932442
5461670
1467913386
1467937279
1468013295
1469355642
1469396599
1468010606
785922314
1467967445
1468356295
1469292984
1468046849
1469335633
1469349149
345948949
1467898309
1467896427
1468047077
1467871215
1467885566
1467879231
5448577
1468047240
