1467869763
1468423210
1467917663
1467878225
1468022038
5427088
1469336069
1468047458
1467869160
1468045664
1467911560
7281120
1467916648
1467869737
1467868718
1467909362
1467877378
1468014376
2756730
124563508
1467897007
1467868515
1468047860
1469382710
608573732
638484273
1467944747
1467894435
4407767
154655146
1467925179
1467874207
1468019272
1468170932
1467892965
1468348512
1469422011
1468011372
1468014159
1467890527
299814479
1468039784
1467917051
1468371122
1467891611
1467978336
1467883157
1467872610
1467878978
1467881636
1467889928
1467894816
1467902407
1468046632
1467888318
1467883030
1467920194
60533728
1467894597
1569589874
1468205472
1468359558
1467906730
1467916053
1467910899
1467890379
1467932954
1467965407
1467984489
787598592
1468048001
1468046813
1467975990
1157281366
122926603
501141808
1888927
1467923888
1468012588
1467970157
1468002051
125065571
1467871778
122280467
1467887498
1468197202
1031425153
1467893972
1468049164
1469395952
1467900456
1469414215
1467875296
1467873324
3005328
1467877629
1467879445
1469415469
1467902587
1467889952
1467870890
1469253737
636987713
1467975862
1467928724
1467917204
1468040079
166412133
1467975778
1467907163
1467910702
1468010861
1467892046
278989958
1467936701
1469336121
349313739
2644087936
1468082160
1467901632
1467917041
503061554
1468079396
1467897467
1468278816
1467887659
1468063846
613170513
1468220201
5246079
788044382
1467880967
1467983276
1467890574
1467907362
1468015933
1469375324
1467899206
107614607
1467913138
1467876178
1467879524
1467918943
1468048928
1467868692
1467900858
1467871497
1468010692
1468043971
1467867736
1469419953
411704427
1468338188
1467876560
1468306463
1468208822
1467922942
2211264
1468010592
1467932613
1467877482
1468058347
1467910810
1467910914
1468135122
1468264751
1468034720
1467911591
1467885927
