1467935857
282818792
1468011893
1467976048
1467934672
1468081077
1468025890
2702083
790253278
1467889744
1468174117
1467877551
1569575885
631799096
193808821
1468312604
292802
190967556
377867937
1469337813
1467970934
1468374902
1467873639
337020305
1468162623
1468285355
1467975836
1468008821
1467894490
1467903042
1468002124
1468044620
1467920026
1468285371
1469312942
1469292932
1467872423
347375715
184774526
1467890981
1468160670
1569593751
1468049783
1468012320
1467881193
381193721
1468028533
1469294107
1467877141
1468009477
1468300228
1467871642
1467905391
1468163131
1468346515
1568576335
1468134444
1467986477
1468098057
637199775
1468374958
1468011609
1468341784
1468451088
1468071357
377758815
1468045100
687648
1469347702
1467917177
106790437
1467888594
1467877411
1469335069
1467938196
1569780246
1467876684
161304261
1469319879
1468313457
1467873313
45987930
1467896799
98897360
1467900262
1468040259
380505015
383213448
1468370061
1467882503
1928145
1467907537
1468223891
1467936038
1468043867
1468086936
1469288899
1467883803
1469309671
1467903975
380169175
1467979305
1467878871
1467871630
1469377691
1467932827
98371333
1469336564
1467874654
351278824
676438865
667044818
1467966542
1467935894
1469380739
1468346523
190967567
529547138
2752095
1468308506
1468039828
112820110
1467888390
385865946
347542167
1467975849
1467919787
1468011647
1467976152
1467879018
1468300125
1468267960
1467975627
121787785
1468008763
1467969511
1468324992
1467917143
378938223
1468714065
190967545
1569772195
1467917156
1467917858
1467896591
1468007711
1467917752
164552947
346649386
1467975920
1467979968
1467900620
1468293590
1469318805
1467876008
1468009211
2361519
1467878555
1467918460
1468300244
1469334213
3708936
1468374966
1467877208
1467935919
5489144
786524039
1467975702
1467979959
1467936813
510812848
1468023720
1157831129
1468324376
1467894065
1157831107
1468363743
191988592
1467883243
