1467976024
1468373202
121555656
1468030701
1467912116
1468025741
1467911171
644220474
1467898083
1468008811
670376080
1467883737
166067123
630136731
60530393
1102620528
1469353161
5445305
1468380865
1467870335
1467975944
1468011618
1168580195
1569575065
1467898557
1468023777
1468223899
1468310831
1467917966
1467896405
1468048803
1467899053
1467925702
1467894952
1468277679
166605299
165236853
98905473
1469406469
1468011656
383197859
1468432328
1569772150
1467897293
1467932841
1467912239
179913543
2903019
1469333022
1468278924
1569604268
1468004540
305267042
1569604393
1469387853
679743817
1467910461
1467867255
1467886536
1468039862
380592959
1467887798
1467869473
1467917979
1469303060
52908417
1468022021
794588607
1468304511
1468049228
1467876810
1467915175
1469362368
1468283215
1468117160
1468023758
2642238
1467976142
1467975737
1467975680
1468285530
128840573
1467877163
6257054
1469347909
346903694
1468018145
1467911611
1467971022
1467897398
690128
1467975242
