1469369283
1469383229
1468046716
1468340838
2604439752
1468141305
1468007824
1468046694
1468116051
1468373128
1468050627
1467866691
1468010840
1467986632
1468122927
1468041038
1468220209
351223381
1467918521
1469389359
1468007701
1468217034
1468270886
1467887441
1468285036
1467868118
1468050008
1468046730
1174059463
1468099331
1567645188
1467887892
1468163322
1469327340
1468024822
1174059419
1468351029
1468141313
2604439664
1468351044
1467870680
1468096608
1467885799
1468373121
1468217942
1468373143
2604438717
1469376573
1467872033
1467865831
