1468208822
1468047860
1468371733
1468045100
1467982595
107614607
1469355642
1467975990
1467976035
1467911581
1469403003
1467875539
1467907163
1467888390
1469388122
1467878199
1467910810
1469253737
1467886607
1468117328
1469375324
166412133
1467902407
1157281366
1468034703
1467913386
1468098265
1468205472
122138382
1467905391
1467878676
1467920725
1467910914
1468034720
1469364473
1467890527
1468197202
1467902576
2634725616
1468098057
1467869737
1468065130
4407767
3529
1468046632
1468097930
1468022055
122280467
1468028533
1928145
1467884734
1467880004
1467868804
1467880624
1467899889
1467986387
1467872529
1468308642
1467967445
1469415426
1467871778
1468019889
1467935532
353317091
1467900858
1469334016
1467916648
1468318208
1467889928
1467900207
1468018300
1467910339
1467878398
1467891611
1468370069
1467910899
1467983276
1468170932
1467913312
1468313457
122926603
1467887659
1467877077
1468040079
1467994505
1467910391
1468047458
1468356295
1467868450
1467913883
161304261
1469380739
503061554
671553655
1468010592
1469312942
1467873324
1468300220
1467944747
1468074483
1468039784
1469341199
176441879
1090806234
2998305
59937812
1469382710
411704427
45987930
1467917041
1468034711
170982134
115445870
1467881636
138018465
299814479
1467882503
1467883030
1467881377
1468018671
1467986365
1467978336
1468300212
1467994873
1467886730
1467899222
1468299981
1468013038
146688921
1467866805
1467892784
1468717808
687648
3005328
1468042924
1467876810
1468018124
1468014376
1468097922
1468279846
1467871406
1888927
168116841
636987713
1467890994
210356694
1467870640
1467886466
1467880519
1467886510
1469402817
1468063846
7281120
1468409408
1467917051
1467919245
2369146
1468010692
1467882096
1467868692
1468278855
1467878790
1467868131
1467923905
1467894816
1569772068
1467879231
1469349149
1468046813
1468267960
1468043903
1468135122
1467893972
349731146
1467910702
1467885307
1468303938
1468300173
1467879524
1467922223
1468046402
661960156
1467885079
1467913598
2604439219
1569787192
1467873794
1468279798
1468017281
1469415469
1467878978
1467892965
1467917204
60533728
1469414215
1106261562
1468375887
1468014159
788044382
613170513
1468330541
125065571
1468055374
1468163116
1469419953
1468013295
1467877057
1467887498
1467978271
1468371122
1468044599
1468049344
1467901893
