194077374
166067123
1467975755
98897360
1468018145
1467975849
1468044620
1467898083
1469387853
5445305
1467871230
1468025741
1467991777
1467975836
1467917143
1467896405
1467903975
1468231761
1468009211
1468039828
1468707016
639938970
1468030701
1468223891
1468282331
630136731
380042430
1467917979
794588607
1467908282
347542167
1467903042
1468039577
1467877551
154891469
1468048803
1467976142
637199775
1467910461
346903694
166605299
1467925702
1168580195
1468008821
1468285530
1467903822
1468009477
1467882380
112820110
1468054135
1467886536
1569780246
1468326049
1467917929
1467908320
1467876271
1467975920
1467883737
176174397
153991600
282818792
1468283215
1102620528
346649386
380592959
1467969511
60530393
1467878555
1468011656
1468011618
116452243
