1467872853
1467867176
1467875846
146688767
2702083
1467907362
1467897467
1467869144
1469314627
1468008321
1468012885
1468198157
1467965407
1467910797
1467876895
1468048001
1467875034
1467878601
1467871797
1468308650
1467873155
193558320
1467913988
1467976306
1467874972
1467871275
1467867736
1467888318
1467880091
1467870335
1468332750
608573732
1468008014
1467911591
1467873025
1469336564
638484273
1468266440
1468213212
1467892552
1467876294
1467902381
1467877450
1467883157
1468308466
1468288786
1467900456
1468163553
1467922942
785922314
