1468285036
1468270886
1468217034
1468041105
1467986632
1468116051
2767657
667046396
1467866691
1467872033
1467872119
667046363
1468007824
1467887441
1468099331
1468163322
1468046694
1468047413
1469383229
2604439664
1468373121
1468220209
1467902722
1468373143
5490989
1468050627
1469389359
1468046716
1468047422
1567645188
1468007701
1468351044
2604439752
667034690
1468096608
1468007787
1467920391
1468141313
1469425213
1174059463
1467870680
1468041098
1468373128
1469376573
1468050008
1467887892
1468024822
2604438717
351223381
1468010840
1468373114
1469327340
1467917940
1468046730
1468041038
1467868118
1468141305
1467918521
1468217942
59937929
1468351029
1467885799
1468122927
1469369283
1174059419
