536238034
786524039
191343811
1467877411
1468025890
1468373202
1468011893
1467975737
1467911611
1467979305
1467971022
184774526
191988592
1469334213
1468048408
1468039862
1468008763
1467869193
1467899424
1467869921
377821045
1467888594
1468012296
1468277679
1469362368
1468023788
1468307954
667034408
1467979968
1468162623
1467890812
349313739
1467877141
1467935189
1467890239
667032006
1467895264
529547138
1467917156
292802
1469319879
1468302789
1467874654
1468045229
1467909362
1468341784
337020305
1467975816
1467898557
1467878934
121555656
1467871394
1467915696
1468160670
54482363
1468075684
1467877895
190967556
630067963
1469399184
2636590395
1467899053
1467875985
1467877629
194058756
1467935311
1467977475
1467875296
1467919787
1467975262
1468423210
377758815
1468049783
1467886687
3708936
383213448
98905473
1469286943
385865946
1468310831
1467871642
179913543
1467873639
1468023720
1468045657
1157831129
1467894952
348277775
1467879552
1467881193
1467975680
5485376
1467932841
380505015
1467917858
1468007711
1467976152
1467876613
193808821
1468451088
1469309671
1467972257
1469288899
1468011609
1468011647
1468081077
1467917177
1467932396
1467878871
347375715
1467891657
1469381553
644220474
1468190412
1467903511
1468380865
1469292932
1467976024
1467897293
1468285371
63169727
1468015933
1467907537
1567829573
1469335069
1468278924
1467894500
1467920311
2900032
1467979959
1468040259
1157831107
381193721
1467879018
1467966542
1467975900
1469300400
1468244802
496099903
1468324376
510812848
667042634
96225376
1467911343
1467887798
1468082160
1467896427
1469318805
1469347702
190967545
5489144
1468348512
1468285355
1467975826
