1468285036
1468270886
1468217034
1468116051
667046396
1467866691
1467872033
1467872119
667046363
1468007824
1467887441
1468163322
1468099331
1469383229
1468373121
1468220209
2604439664
1468373143
1468050627
1469389359
1468046716
1567645188
1468007701
2604439752
667034690
1468096608
1174059463
1467870680
1468373128
1467887892
1468050008
1469376573
1468024822
2604438717
1468373114
1468010840
351223381
1469327340
1467917940
1468046730
1468041038
1467918521
1467868118
59937929
1468217942
1468046694
1468122927
1467885799
1469369283
1174059419
