1468002286
1469335633
1467970157
172732233
1468037889
378704738
94890401
124563508
77321
1468043971
1469406469
1467892254
1467904354
1469370922
1468134444
1468010648
1468306463
1468048928
187187929
1468167515
1468015873
378938223
1467908585
1467975702
1467894065
1467915175
1467877163
305747815
790253278
622050361
1467924024
110981745
5461670
1468047774
1468049518
1468118376
3004004
1468374966
1468043984
1467884369
1468300228
103047057
1467932442
1468174117
1468164454
1468020371
1468046259
1467920026
1467878458
1467910045
1467900620
1468165504
1469300476
1468046849
501141808
1569604393
1467916053
1468010606
1469368745
278989958
1467975778
1467886980
1468040461
411249412
1569583482
1467938196
1469294107
1468324992
1468017310
190967567
347135246
1468428976
1468040421
787375939
651611295
1468024250
1467898131
1468371833
1469347909
1467901632
1468010861
1469422011
1468218804
1569604268
1468058347
1468071357
1468304511
1467975164
1467890981
1468363743
1468086936
10368
1469430913
171498803
1468046822
1469303350
1467892046
1467876067
2211264
1467894597
1468714065
1467886125
1467976048
1467932954
121787785
129319778
1467978187
1467885566
1468374958
1031425153
1469360789
1469356027
1168968566
1467905923
1468300109
345948949
1469364576
1468353658
1469432051
1467984489
1467923888
1467897007
1468410195
672343012
1467911171
1468012588
1467902587
1469262794
1467970934
1467918943
1468346515
1468370061
95572399
122587715
348882731
1468264751
1467883803
1468260865
1469333022
1467886235
1467978293
377867937
1468032369
1467873991
1467918460
2647510955
1468045664
152232793
6257054
115215861
1467876560
1467875006
1467890461
191142417
1468220201
1467934672
1468014396
1467871215
1467975627
1468002124
1468159709
1467910471
5246079
2693937
1467936701
5345506
1468079396
359591152
154655146
1467885927
1468305337
1467911492
1467898309
1468293590
1467899206
1468047240
1467900262
2644087936
1468300125
1469300322
1467917752
1468338188
1467894490
1468004540
1469433695
1468346523
636796945
787598592
651247073
1468024260
1468045856
1569589874
1569793065
486891108
629228237
1467895044
1467872423
2642238
1467879445
1467876008
1467871481
1468012320
1469395952
1469292984
1468047077
1469412359
1468300244
2756730
2792575
29758512
1467868090
1467975230
1468020459
1467878225
98371333
1467975862
1468024582
1468077267
1469377691
1468043867
5465154
5448577
378937033
1467875858
1467887879
1468278816
106790437
1468023777
1467870654
1467986477
2661980410
1467873313
1468368381
1467867255
61103881
1467917966
154912011
1467878835
1468672135
1468374902
511321613
690128
1468043977
1467870890
1467874158
1467975209
1469356970
2908595
1467919774
1467932827
1467925179
1467870496
66195470
1468023758
1467877604
1467985050
1467928724
