2593064067
1569887751
1569905480
1736857304
2787727867
2592805812
2812505356
2808840110
2786241238
2774476010
2070039442
1570007661
1570000513
1570026974
2786319854
2786292962
2786305357
1569838753
1569942646
1569870616
1570015925
2786237768
1569730415
1569674132
1737777635
1569845204
1738216252
1569875302
2786316556
1737777367
1569746510
1569953675
2592987196
2593073769
2774357412
1569815670
1570009432
2786212872
2592805284
1569814688
2786258619
2592861739
2592788690
1570008577
2594583713
2786329304
1569947544
2786313593
1561573876
1569690983
2592977745
1569659851
2808836767
1569839393
1569942937
2774345951
2603560320
2592801433
2592839493
1569927305
1569662295
2786322782
2774328132
2786327997
1570026121
1569719424
2070029760
2794802928
1569938306
1569665509
1569737251
1569815157
2798958937
2774485662
2807525709
2592791687
2774382447
1569900252
2774342852
2787739886
2788289876
2774342101
1569671714
1569816487
2593051670
2592843282
1569727607
1569802672
2795206058
1569687535
2809011445
2786216727
1569753982
2594556124
1569827562
2070016975
1569761001
2592788452
2786238933
2786252509
1569675480
1570014179
1569660756
1569657039
1569739280
2786272430
1569834615
1569722946
2592807589
2738203736
2593064837
1569699903
1569874518
1569921576
1569711408
1570023298
2593001993
1569806928
1569675287
1569680083
2774373506
2592805569
1570002059
2593087891
2070037110
2592798595
1569830175
2592890418
2809434552
1569942577
1569877505
1569932384
1569906056
2592795206
1569877046
1569709322
2814740404
1556430171
1570032711
2807158674
1569680264
1569688707
1569884088
2592789581
1569913064
2786324001
2592813841
2786299577
2070070380
1556309712
2774390738
1558848184
1569679821
1569853749
2786424013
1569852093
1556508133
2799174144
2774420975
2593035941
1569675314
2070022706
1570015211
2774402280
2592807415
2787996016
2786241170
2786339491
1570040912
1569913939
2774328104
1569893849
2786224965
1569664360
2592977412
2070068178
2592814750
2786239805
1569665539
1569661528
2070031954
2592788134
1569865100
1569807481
1569870180
1569669093
1569720372
1655568987
2786260051
2592865036
2786281417
2070033137
2792818807
2799049951
2593028220
1569808906
2601474790
1569674557
1569815296
1569718994
2774443125
2593087927
2070043648
1569838835
2774373194
2787721940
2796434909
2786323091
2807154283
2799089235
2807152744
1569935155
1570010011
2801019689
2592801285
2070067833
1569951711
2774341312
1570015471
2592801353
1569920750
2786241214
1569657131
2774435177
2592977699
2594334552
2601420594
1569851522
1737779078
1569900935
1570000488
1569813421
1569717031
2592807035
2592829435
2592862404
1569762054
1559161668
2774373054
2070017707
1569749385
1569812021
2801596113
2786346888
2774340561
1570038611
2593032712
1569882663
1569673151
1569933496
1569671351
2786222954
1570014848
2774393567
1569874183
1569696920
1569667482
2807689967
2774503755
1569902772
1569916432
1569870441
2787799496
2786210987
1570029458
2713614475
2786249924
1558859047
2786274426
2594280097
2070069660
1570011540
2774366832
2593641968
2805488119
1570010091
1569806245
1569849310
1570015854
1569871035
1737774514
1569836181
2786212511
2070028572
1569710267
2786242005
1569687358
1569853730
1569716031
1569720353
2792899546
1569673027
1569865176
2070035231
2790493308
2786286480
1569680534
1570017239
1569687316
2592971194
2600150294
2592802439
1569704395
2801476019
2796458652
2070045524
1569937903
2774389803
2805487192
2786223322
1569885192
2788659942
2788144951
2812579414
1558824381
1569720491
1569665101
1569951413
1570035585
1569656076
2592802896
1569662699
1570016562
2592793282
1569662218
1569831806
2789361971
1570014537
2774402263
2593068637
1569864849
1736577155
1569948327
2808783060
2786242983
2774370878
2808260992
2595215566
1569811427
2786292942
2070038755
1569837238
1569659575
1569750866
1570015312
1561800741
1569871403
2677411824
2793622269
2786327004
1570034145
2774441847
2812766757
1569951605
2805386092
2786229271
2786310513
2786329373
2787739859
2592851649
1569731782
2593066696
2786330167
2774393968
2592792967
1569944310
2592793691
1569948563
2735849094
2790450524
2592811409
2774412157
1569891589
2070027912
2814015204
2600157081
2792905571
2786260567
2787992634
1569928225
2592793561
2774392299
2774519695
1570029786
1569664778
1655453481
1569672724
1559956780
2593079801
2786216236
1569672077
2774507836
1569871322
1569669472
2774374799
2592976054
2789046180
1570018985
1569930097
2070021739
1569679979
2592934183
1655471093
2592793166
2788659571
2774349529
1557188554
2786217415
1736864123
2786220134
2592814978
1569899233
2774367027
1569939624
2789697760
2788123870
2792446012
2774364655
1569666358
1569808705
2786216649
2812680312
1569739220
2680348261
1569877614
1569838711
2786313851
2801015362
1569871308
1569937640
2592792395
2593046275
2788659594
1570008173
1570025049
2786309291
1569811931
1569822916
2792690746
2592806633
1569923328
2070071175
1570014556
2681367348
2070034084
2774394638
2070034028
1570035902
2070043604
1569921506
2794578528
1569732013
2070045154
1559510263
1569675604
1569812565
1569930577
2593027954
2774441808
2774403462
2799410029
2786336862
2593091052
2592800910
1569830262
1558848907
1738155279
2070016730
2786221430
1570015363
2796434807
1570014166
1569742651
1570037931
1570025519
1570000540
2592836468
2070021698
2600257439
2786235705
2814218633
2592975145
1569663496
2790455661
2814196628
2600158438
2774393395
2786328135
2601483647
1569715269
2592800079
1569758102
1570010297
2788249669
1569942729
2786323191
1569897505
1569710706
2593064429
1569682071
2789362021
1569676302
2809012693
1569659194
2592838251
2680616534
1569723517
2774395658
1569748041
1569664814
2599693018
2788713942
2774421508
2592788778
1569667037
1569718338
2809003968
2774446628
2790493210
1569659296
2787720049
1569911044
1569928276
1556527351
1569915034
2788153370
1569818374
2808415651
2808990289
1569824369
2601658161
1570040569
1569932126
1569676288
2593080017
1569821158
2786260743
1569717019
1569840031
2790149056
1570012620
1569705439
1736896130
1569862109
1737776734
1569932109
1570020444
2774423785
2801597718
1569915193
2592812791
2792913060
2786240952
1569831405
2785385438
1569757000
2774413117
2786323264
1569752409
1557840616
2592889727
2774422555
2792722190
1569843162
2592992973
1570028543
1569668439
1569830342
1569934707
2774342871
1569698496
2774498940
1569947842
1569885882
1737775304
1570009829
1569921410
2774399874
1569836211
2592840894
1569816073
2592892050
2592805665
2603520318
2592852404
2790631580
1569890661
2592809311
2793009766
2809042562
2809042643
1569901082
1569670054
2592813190
2787822717
2070018315
1569665088
1569741673
2795309537
2070018264
1569818332
2593061447
2807128567
2592801450
1569820192
2787992575
1569887150
1738267454
1569662464
2070035393
2594350871
2787903250
2793238066
2592875041
1737194323
2592808250
1569834305
2774368723
1569848055
1570013101
2592859892
1569897244
2592796035
2593620294
2592822046
2786321202
2813223665
1569708294
2786246210
1569852138
2070046695
2070077208
2070048312
1569823291
2774365930
2774326734
1569949556
1569882208
1569715816
2795775485
1569907495
1569759622
1569680315
2787903608
2592828020
2786273555
1569848959
2786333010
1569679496
1570006201
1569661659
1569689299
1569852559
2593063264
1569756043
1569857606
2592946786
1569944847
1569825130
2592794240
2786293468
2774443486
1570034283
2592790992
1556343609
2786364857
2602958664
1569659503
1569748010
1569882187
1570012475
2799057864
2070015981
1569814411
1569948473
2592984353
2593063821
1556238199
2786274378
1569687283
2594086561
2808466999
2592801338
1570014493
1570015534
1569736681
1655605030
1570006969
2786254596
1569885056
2786215029
1569948627
1569953496
1655626709
1655654473
1569818718
2601402755
2786346070
1737777673
1569869829
1569927104
1570028555
2592802371
2070045538
1569941609
1569883636
2786220312
2789381609
2592828406
2774406821
2070021941
2592810834
2070024128
1569939787
1569839511
1556911689
2593678896
2792985719
2789361948
2774406860
2774451974
1556393152
1569949573
2774399538
2592792775
2786237106
1570028910
2070046402
1569916317
1569658808
1569910360
1569900621
2786319281
1569873828
2786219135
2786255960
2795656303
1569671865
1569722278
1569856672
2774443298
2792923748
1569717912
1569843570
2592871086
2593094748
2799093085
1560302053
2786309967
2790530320
1569662047
1569757575
2070067975
2809032134
2786351831
2592899929
1569823874
1569803158
1561676449
2813738599
2592996521
2786296840
2593010145
1570029018
1569673284
2593062072
2786240672
2774423195
2786223382
1569750836
2592799623
2792877815
2786256941
2800740300
1569727640
1570016647
2774424814
1570014259
2774338708
2592939050
2774501161
2786276676
1569731401
2774344559
2774386839
1557022540
1569718106
2786358879
2603015515
1569897522
2786255558
2786362794
1569669079
1737777097
2791257674
2070029776
1569754588
1569843479
2774351509
2600295664
2592825335
1569852123
2070042658
1569942095
1569666372
2786322406
2601435702
2810193822
2812605358
1569819235
1570016207
2774422703
2806784426
1569809844
1569938334
1570016295
2787925624
2592855356
1569697728
1569749998
1569848410
1569742256
1569900039
1569840438
2814232194
2592937663
1569724444
1569682394
2594764543
2592795686
2592987335
1569673255
2594678835
2774393378
1569702980
1569848789
2786259765
2774451550
1569918361
1570033878
1569816576
1569731821
1569712880
1569876307
2592789726
2774441983
2683595520
2809152336
2592840736
2592803287
2592827660
2592838556
1569854349
1569743018
2801768721
2593089769
2593035373
2774444795
1736943032
1569659141
2774506262
2592791111
1569755448
2592796016
1570009696
2787937763
2814714132
2787812361
1556084648
1569944182
1569879287
1569718888
2678473248
1569730004
2786296122
2788287282
2774475968
2592807483
1569846378
1569664328
1569928994
2774391546
2786235644
1570038687
2786278513
1569735683
2787730010
2814239228
1569716379
1569869679
1570017878
2593070211
2774443332
1569911253
2592826098
1569734011
2677438497
1569857757
2593094626
1570012317
2070067986
2774344857
1569869939
2792931633
1569926987
2792821040
2592802512
1569663512
2789014443
2809005833
2812565754
2774392548
1569695104
1569672245
1569825783
1569723186
1569843892
1569690861
2592800122
1569894567
1569922148
1569666091
2798952486
1569682216
1569848767
1569754262
2786359708
1569874528
1569670613
2786273829
2592790711
2786223469
2786255152
2592954525
2592805013
1569750117
2812732315
1736867754
2070044760
2786222314
1569915706
2732359684
1569733896
2812890275
1569883005
2600510429
1569754567
1569911896
2787808815
2786320504
2786263240
1569881565
1569918405
1569671819
2786299504
1569734202
1569870401
2592858170
1569669504
2592795548
2808459274
1569839381
2799238828
1655645359
1737777291
2808773692
2786274591
1569907580
1569948758
2070067714
2594255593
1569843537
2814149233
2789659521
1569747940
2592806384
1569683509
1559527596
2592851898
1569677199
1569937511
2593077990
2603340167
2070070183
1569754661
1569672339
1570038041
2070037724
1569892763
1569854843
1737188593
2788221660
2592854316
1569868549
1569897211
1569908084
1569952349
2774360421
1569747062
2592938392
2593033196
1569665184
1569879186
2786217337
2786218847
2812607771
2786214701
1570014711
2592965417
2808148991
2774332233
2603274946
2788196867
1569677775
1569655907
1570017782
1569698909
2774342814
2774360943
2774475505
1569914680
1737778471
1556141167
2800077990
2813044535
1569835609
2592805882
2786305301
2786281917
2592793370
2812888507
1557283934
1569933509
2807151961
1569682719
2786324954
2786219036
2070050838
1569668901
2809001786
1569902111
1570011707
2786300338
2592868950
2600256556
1737778196
2774455631
2592791056
2786285292
2592794654
1569712828
2786261395
1569950930
1737778994
1569847747
1570032407
1569688104
2774394903
2592802328
1737778246
2597799022
2592834075
1569667376
2592798047
1561205415
2592868148
2592794363
1569897904
2774443981
2788120354
1569862718
2601406233
2793140182
2804629085
1569857593
2592813553
1569655959
2774471097
1556083516
1569666635
1569664121
1569949345
1569753221
1569852849
2774427547
2786214719
1569851194
1569693544
2592798181
2070031903
2799040446
2070040875
2592810033
1569918394
1569937681
1558369715
2774345204
1569840479
1569920615
2592789123
2788013945
2786306795
2592836728
2592821838
2774445878
1569670376
2774410563
2774344181
2592807929
2774335026
2592814817
2808992299
2786271750
2809294439
1569921443
2774407018
2600600850
2788475750
1569748136
2786216677
1569677628
2786252535
2592799105
1570010657
1569687673
2774458700
1655214873
1569892688
1569841811
2788122108
1570035060
1738101226
2774370573
1570032241
2600155386
1560539807
2070045033
2592806726
2592821750
2592986685
1569944161
2592820784
2595013514
1569916005
2809048609
1569724226
2774462892
1569933569
2807163196
2774446500
2774422603
2809000311
2592831202
2790441985
2786234048
2808145178
2774359247
1569670294
2070030296
2786220392
2592963062
1569922843
2786361222
2786217365
1569736553
2070030057
2603914984
2070027162
2799909295
1569673767
1569681833
1569717292
1569928338
2786321310
1569918079
2594256712
1569840461
1569760935
2593094534
2787819077
1569898551
2786286398
2070016912
1569838245
1569715386
1569910412
1570038070
1569910525
2070017218
2774326717
1569758359
1570022915
2593099422
2592969648
2786310396
2774425239
1569663679
2592814366
1569712991
2774418165
2592886189
1569702527
1569820961
1569734368
2812512630
2786276574
2070023343
2774407660
2774361362
2592803688
2070026225
2774461493
1560466042
1569674872
2070046725
1570038965
1570016880
2809148336
2774375132
1655676156
1569917044
2788120238
2592807650
1570029128
2787809189
1569845234
1569951293
2594330396
1569954110
1569815657
1569883615
1569661044
1569902902
1570037540
1569717299
2682216835
2592795080
1570040806
2813223049
1570010456
2592813463
2812667788
1569686417
2593104722
2807152017
1569697617
2808147351
1569914813
1569917708
1570011293
1569945338
1569840695
1569886414
1559140817
1569685147
1569810263
1569715862
2786366061
2808772127
2592868910
1569928853
1560465902
2774389677
1569659471
1570008916
2592791144
2774508525
1569749098
2774337948
2808982921
2734904211
1569873802
1569672137
2592859869
2593022800
2774443741
1569668308
2812437921
2786220982
1569725991
2786325907
1569913410
2593010922
1569891409
2812478895
2070055007
1569828977
1569883060
2813222970
2592960686
1569841854
1569945323
1569687950
2786321420
1569659310
1569743127
2774390999
2601439256
2592798578
2787719997
1569670484
2592831567
2813735295
2070022601
2812474029
1570007901
2786344958
1570010781
1556117166
2594405771
1569946194
1569948903
1569848250
1569666785
1569918499
1569850374
2809307074
2812680936
1569762118
2789542711
1569843041
2592813533
2774422720
1655511579
2070046311
2812758986
2592802663
1569667742
1570035402
2592931802
2788120378
2786219524
1569657424
2787777853
1569818281
2592895473
1737237507
1559668381
2786219064
1569683755
1559509860
1569871336
2774384951
2070031967
1569716127
1569922526
2807216834
1557798807
1570000291
1737777321
1569888828
2813284792
2813781317
2788289930
2786314050
2774396740
2070067369
2592830723
1569731613
2592836743
2787715659
2774401602
2799629172
2592811890
2792944347
2593069818
2786235495
2070053562
1569861137
1569732971
1570027447
2799218908
1655745225
2786319695
2774392239
2786321133
2774462588
2786222284
1570027278
1569872605
1569820718
1569671407
1569932142
2592958441
1569667772
2792842157
2592836715
2774324772
1569680891
2806627059
2774392880
2592794398
1738219585
2774434603
1569893964
1569943400
1569675262
2787809171
1569734657
1569945429
1569940315
2592854083
1569953328
1569660561
2774447659
2774444087
2786321095
1569916085
1569926917
2788125828
1569893913
1569837351
1569922703
1569679342
2814512055
2774349546
2592941679
2787822765
2812430499
2592812682
2592838539
2815094925
2592950213
1569752374
2601402985
1570014967
2809138192
1655679918
2774405336
2815037223
1570014933
2600518824
1570006954
1569841084
1569870109
1569850301
2592796191
1569853688
1570015423
2812489714
1569892056
1569754164
1570016392
2718820267
2774492620
2786213722
1569898143
2601600867
1736900566
2774437794
2593050265
2600590606
2774440258
1569881764
1569829303
2774442987
1569942952
2807128489
2786240657
2774520341
1569747503
2592805838
2070025444
2786236386
1569803660
2794802906
1569900550
1569944619
2600216641
2808148663
1569815578
2798965147
1569666567
2603270552
2681906584
2593458309
2789014348
2792928390
2594524490
2774441821
2070024715
1569832561
2592793223
1569897558
1570034343
2814036115
1570033685
1569660819
2592948535
2786390673
1569705941
1569711594
2786219811
2593478290
1569703033
1569656226
1569716418
2774415135
1569879478
2774359014
2787773569
2592797556
1569873329
2794573623
2789376058
2592792063
2774341074
1569844816
2593110863
2791055340
2592851912
1558481778
1569857473
2786251189
1569673167
1569850650
2786301837
2592793467
2786276659
2786326979
2795580162
2786240701
1569658735
2593081702
2601422453
1569667654
2786325064
2786295381
1569905997
1569948610
1569892749
2812679272
2813652883
2812441792
1736882932
2786255900
2786334204
2592845223
1569865223
2774410921
1569672067
1569689380
2592796494
2592816849
1569735247
1569814506
1569855965
1569670456
1569812981
2593031217
2774450834
2786315912
2774335043
1569838490
2808989013
2070029450
2809047605
2799409982
1569838340
2774333341
2774406237
2774373171
2801019667
2774443512
1569862805
1569906782
2070035585
1570000243
2786306991
2809001906
2592801511
1569913025
2592868047
2774444942
2594553848
1569681103
2070022664
1569912342
1569889104
2593396576
2600348359
1569743333
2812746166
2593054428
1569715875
2807154179
2070048056
2592827348
1570015037
2807162592
1569804076
2070039372
1569949000
2598552058
1569676386
1655568157
2786214755
2592856541
1556826078
2786248226
2792445987
2774428103
1569805114
2592849017
2070020148
1737776202
2592807801
1569948460
1569906290
1569673731
2070043515
2786261686
1569715351
1569905401
2592794490
2593037213
2774362944
1569666044
1570011363
2774410307
1569726003
1569836578
2592802858
2774446924
2070045138
2786218871
1569679952
2774505520
1569703699
1569917697
2787799656
1569761221
2592799655
2600164403
2592793872
2774386864
1569929092
2593041556
2593037357
2593013449
2592814330
1569726048
2592788575
2786324942
2792881170
2592827583
1569809356
1569678155
2786273685
1569891109
2774393418
2602963298
2070022224
2774362413
2593086273
1569844721
2808770637
2812477513
2594553339
1569678204
1569673364
1569665265
2786253810
2592808470
2592787992
1569858042
2774409356
1569680298
2799049979
2788959696
2809021520
2592922664
1569897156
2592884167
1569676725
1655615268
2792999181
1569754799
1569672323
1569896900
2593075878
1569887166
1569927770
1556972831
1570018657
2593758472
2774449588
2592795451
2593094612
2592830538
2793072821
2774363740
1569894411
1569683539
1569672123
1569828567
1569656144
2070054877
2774397138
2786295271
2592848274
2774503816
2786217820
1569667394
1558263438
2592901500
2601433471
2774426439
2774400415
1569933784
2787819143
1569916618
1737007017
1570033027
2774486367
2774424676
2788130960
2789363450
2593031203
1569727736
1655622420
1569666653
2592953205
2796434976
1569663540
1569684056
2070029437
2592796511
2789014320
2787772181
1569812212
2774443473
2774509760
1569816410
2774519710
2812703620
1569672185
2592843326
2070038218
2786285753
1569671049
2786247574
1569900151
1558369619
2786252561
2592808571
1570006188
1569668005
2807211783
2592796734
2793078812
2796437906
2592836958
1570031739
1569857366
2774396665
1569754194
1569836383
2676757905
2593063801
1569915891
1569802746
2593050832
2774349845
1569762555
1569947582
1569684452
2796634127
2592808848
2593061509
2809003060
1569882963
2592812756
2774391707
2792818588
2786211577
2803405240
2593076053
1569679884
2812685371
2774390873
2600266267
1570017451
1569830316
2600297097
2790493277
2774502480
2592827640
1569921003
1569871094
1569659154
2786309909
1570010433
2592829235
2786244142
2592828388
2786221466
2812454852
1569731062
1570015672
1569758850
2774471308
1569890178
2592790341
2600235633
1569832333
2592793582
2774424180
1737775789
1738200286
2592792690
2774461343
1569921045
1569951953
1569930014
1556244252
2774420175
1569716089
1569852015
1570034256
1556283625
1569889970
1569904822
2592796416
2676886359
2774389265
2592821398
2813149492
1569688970
1569822606
2808836306
1569942830
2592945959
1569750444
2791299888
2592799799
2592968473
1569753105
1569674763
1569704408
2593063875
2786355808
2787809091
1569917684
1569674916
1570009849
2786273474
2774398264
2786239013
2808995959
2592908919
2803191085
2786272055
1569928243
1570019698
2594553493
2593085467
1557325115
1569899306
2592803252
1569715162
1569927327
1569918120
1569684023
1569732988
2597709096
2792549736
2593050953
2070031941
1569944090
2592817696
1569680364
1570024400
2792999406
2789178939
1569666731
2787727663
1569869495
2592803813
1569859454
2592805380
2786256501
2786295416
2774321550
2070022427
2592943287
1569715901
2812780448
1569680689
2806615739
2807515341
1569940603
1569816619
2592813907
1736441928
2592795828
1569753584
2070045117
1569719059
1569673753
2812478042
1569667668
1569691905
1569667008
1736864530
2592984834
2592797026
2592866294
1569879768
2786273238
1569752550
1569754781
2592803216
2592989096
1570014808
2678591237
2807135400
1569757404
2795307686
1569892992
1569720445
1569846636
1655625469
1569692670
1556814553
2593083563
2593515833
2592790021
1569913984
1569870453
2812782418
2593033283
2592803625
2774340790
2786313911
1569892976
2592843777
2070071876
2592875830
1569725031
2786217587
1569922493
1569912668
2774431931
2786210999
1569681038
2601509162
1557839580
2592799638
2789361889
1569667203
1570014002
2592875203
1569815435
1569912237
2800645495
2788680520
2786253983
1569880364
2592869736
1569826875
1569744002
2592792793
1569841347
2592790242
1570010252
2774378447
2774358374
1570018057
2592827414
1570016501
2799375256
2786222252
2808804467
2592790653
2592792015
2813717326
1569910689
1569820572
1569750374
1570000978
1569938022
2774349668
1570030029
2786255101
1569749462
2601421304
2788261846
2592807307
2800754139
2789532078
2774507252
1569844176
2592792134
2774337316
1569943109
2787717388
1569895164
1569757127
2592852182
2592797739
2786323203
1569752058
1569910781
2809034873
2592986126
1569832776
1570023243
1569892437
2774427409
1569946747
1569759087
2808469278
2603291214
2070031097
1569897086
2774440849
2592938376
2786282976
2786275193
1569755388
2593034225
1569921173
1569839969
2603001815
2786218859
2774373489
2592788407
2786235876
1569762071
2602659167
1569803549
1559283039
2070027987
2786300198
2592942902
1570027239
1569905952
2070016990
2592789618
1569926781
1569850264
1569865209
1569803833
2807154752
2593048146
1569716113
1569736135
2070026409
1569755766
2787809114
2786317987
2809019989
2592995946
1570018676
1737778482
1569821245
2812454832
1557211877
1569918064
1569674331
2786274257
1737777840
2786434048
2593055026
2592954172
2597758641
2788713993
2793172971
2592985367
2592837238
1734283228
2602412633
2774503936
2592799955
2786294982
2814511974
2786253927
2592804721
2774350664
2774321343
1569836832
2592984173
2592990722
1569681196
2812930441
2774410898
1569690044
2070022720
2774329328
1569912280
2592966045
1569937991
1569837515
2791111467
2793253257
2787724210
1734001541
2593059460
2774395621
1570016258
1569875819
1569712483
2774441666
2593005756
2593005370
2809398631
1570015441
2787732532
1569942112
2774445450
2774427861
1570028927
1569929154
2774504408
2793622231
2786249741
2786358597
1569680522
2786313162
1569669772
2774352592
2070054903
1570027198
1569885329
2592836762
1569818110
1569666871
2593050485
2806867137
2774443842
2786299808
1569840742
2799244017
1557084144
2809012783
2788481471
1569662535
2592808436
2070044822
2070019462
2800732424
2593026086
1569680351
2592830369
2807162309
2801856890
1655516250
1569814595
1655710461
2807158734
1569835994
1569902703
1569672053
1569917837
1570029519
1569677316
1569951662
2792843217
2786214908
2774410995
2738478176
1569938504
1569868326
1569727472
2799174082
2592865557
2602739413
2070054950
2070029526
1569942369
2600161556
1569657326
1569918613
2809004222
1569943629
2774515470
1569693802
2774316978
1569825726
1569658960
2774520324
2593005684
1569819132
2813844089
2786325078
1569702240
2774484665
1655739499
2070027088
2786244958
2786221723
2593044016
1569743070
2814374290
1569936810
2603741898
2809028859
2593103855
1569912785
1569839563
2774420705
2592840877
1569852030
2592856458
2786231917
2070019485
2774411579
1569758131
2592947587
2786275016
1569678141
2070026861
1569724266
2795904877
2593101640
1569939397
1569657960
1570008851
1569755784
2786272997
2593019973
2795430307
1569660578
1569722365
2774462501
2728683825
1569723531
2601450215
1569759363
2592819313
1569686840
2786219076
2592811792
1569752944
2592994537
2592805159
2592789372
2786276321
1569953702
2786272327
2593110095
2786274317
2795502115
2603085800
1570014869
1569756378
1556915804
2786214769
2600419907
2786348600
2594430213
2070031630
2593061283
1570016468
1570017845
2592899888
1570011020
2070045080
1569900310
1569853514
2774354128
2786212937
2592839531
1569678761
2792954956
2788123972
2786215369
1737777206
2594294844
1569945390
1569822376
2600380022
1569746991
2793191110
2786328075
1737779099
1569678218
1569820624
2592979314
2790493463
1569846339
2791094821
1569885664
1569715979
2786325336
1569815310
1556121788
1569803396
1570028099
2592803545
2786368117
1569827702
1569836947
1569854312
2592812876
2814059784
1569749823
2592807394
2792851670
1569750249
2786355870
2593082172
1559899742
2805982333
2594553469
1569753446
2806722230
2593109977
2594553822
1569819486
1569815051
2774329996
1569842007
2774438817
2786386236
1569696846
1569861267
2774324834
2592994621
2786221939
2786282445
2070027712
1569946641
2786313947
1569723559
2786323829
1569892567
1569876028
1569908019
2774484213
2678092308
2070035185
2774380946
2792931610
1569835432
2787726658
2786319267
2786341866
1556186189
2592929241
2808811547
2593011407
2774377617
2795438083
2592805347
1569722986
2592799140
2592843112
2594085360
2592791574
1569932000
2774357572
1569688336
1569810730
1569815033
2070048606
2070019390
1570040765
1570035290
2786238993
2774373743
1569927208
2786296159
2795656352
1569950830
1569948426
2592944778
1569730669
2808532309
2774411693
2683109801
1569941631
1569736313
2789807881
1569736189
1569756590
1569870874
1569741050
2774386673
2792999227
2787937846
1569683571
1569854971
1569815739
2070017205
1569946553
1736441967
2592843453
1570014400
2592984302
1569709789
2792999428
2792550655
2774404212
2795396081
1569676140
2799094427
2592810081
1570028367
2592804268
1556422339
2799091721
1569667682
1569658227
1569666017
1569659952
2592891999
1556826683
1569685133
2787919240
1569734231
1569942690
2592993693
2788177916
2774356740
2809140172
1569903339
1556187993
1570014759
1569665319
2774466546
2786358947
2808991395
1569812813
2593101402
1737777536
1737775174
2815170096
1569816544
1569905978
1569907483
1655614979
2815037481
1561264152
1569949267
1569679061
2593103837
2808147243
1569916770
1569756951
2593087016
1737611609
2593350279
1569912989
1569762451
2598560614
1569867668
1569890788
1569688484
2786301299
1569709360
2786320518
1570006890
1569903974
1570029102
1570030763
1569868591
1569734411
2592983744
1558491880
1569759211
2792906091
2592813513
1569694734
2789492008
1569834466
1569663438
2786309203
1738183995
1569732954
2774441834
2786235150
2787808722
2792527511
2809006041
1569828427
1569945273
2592853411
1569822510
2792999204
2774327232
1569828658
2592803511
1738207638
1569899960
1569910833
1570010865
1569687556
2592875812
2786331602
2592993528
1569919300
2788713914
2594195411
2808986695
2786225092
2774451115
2592867735
2070070170
1569685719
2812673033
1569670498
1569949591
2774473527
2786348688
1560793432
1569913721
2774373353
2774423960
2806614600
1569757099
2809049655
1570017810
2774435436
2786234366
2786281439
2594514058
2799800386
1570009296
2592788168
2593013974
2787730037
1570006363
1569943520
2799629134
2774502108
2786220170
1569660506
1569947269
2786310476
1569874773
2792469177
2787741728
1737774523
2798963607
2786273779
2593035395
1570013307
2592828170
1736416359
2592816862
2807154835
2794573646
2786238532
2786272712
2592806474
2070050415
2787808047
2791055357
1558553377
2593060582
2786316138
1569667831
1570017190
1569739917
2738480127
2592836189
2808611571
2592836426
1570015249
1569808488
1569919462
2593033416
2788049356
2592810965
2593093079
2786323360
1569839070
2813609252
1738137284
2603147853
2774505469
1569911005
1569692694
2786221503
2593499516
2592842878
1569670907
1569670068
2786284689
1569736539
2786241202
1569919486
1569815623
1569848870
1557841422
2593064489
2592799485
1569761820
2592869315
1737205163
2786313345
2807252040
2592858342
1569835354
1569691267
2602894026
2592813270
2592787594
1569665972
1569756544
2592845608
1569933011
2791082056
1570015830
2593077473
2070016615
2774356164
1569905808
1569945899
1569660343
1557326718
1569904379
1569894460
2594454947
1655465432
2807256131
1570001080
1556397631
2808211021
1737779719
1569946280
1570025249
1569934690
2787771510
2592794470
1737779792
2774350532
1569750101
1569912969
2592837009
1569661075
2792914256
1569668919
2070044731
1569947919
1569663247
1569923500
2789692626
1737774386
2592829698
2786249530
2786323853
1570019120
1569891621
2786234382
1569663105
1556983113
2070021961
2592814993
2809310342
2814195653
1569918533
1569744841
2786255641
2600231312
1569948441
2592799073
2774509591
1569698131
1569942190
2786319295
1569830421
1559287111
2592805397
2592826079
2593086047
1569906263
1570034157
2592800740
1569724325
1570018750
1570015763
2774406211
2789951099
1556527048
1569883690
1569710322
1569658578
2809001493
2676980565
1569710609
2593094708
2592800684
1569711450
2786256481
1570032626
2788961675
2593014558
2786281145
1569754176
1559177727
2795418627
2593032608
1569831213
2593035441
2592959691
2592803017
1569824559
2600051367
1569939173
2808434097
2774400428
2600158610
2594382884
2592817203
2592787270
2592801402
1570011904
1569880883
1557906023
2592793818
2786317901
2792867381
1569662480
1569858130
1569916982
1569699333
2593087105
1570028671
2786211412
2787762839
1655725719
1569833961
2786291929
2774346328
1569946128
2602749038
1569672507
1569949525
2592805910
2809019282
1569745599
2592793778
2774332281
2774442035
2793298943
1569696738
2801866771
1569849274
1569950188
2592815703
2594273759
1570015812
1569664344
1569814292
2787777836
1655567862
1570014192
1570026938
2593062754
2774394827
2603713959
1570015228
2592925179
1570034539
1569806736
2592866199
2594277868
2788123848
1569917100
2786322935
2774359683
2592994116
2786435568
1569882345
1569938878
2593095055
2788261894
2593079815
2774371433
1569735086
1569943264
1655711669
1569940616
1569690997
2593055574
2814374426
2592813806
1569752249
2786319681
1569734349
2600221136
2787818890
1569943242
2799316185
1569748691
2592853947
2592811345
1570014044
2593064413
2786240200
2592808871
1736926650
2774360332
1569755905
2774389744
2774341299
1569874195
2601430063
1655726608
1736877091
1569939380
1569898054
2774357520
1655527883
2786322377
2812678703
1570012594
2786223402
1570017859
1569906409
2592956735
2774338421
2786313863
2774450864
2677973095
1569760875
2809002056
2786326938
1569658946
1570025362
1569686772
2774495005
1569723678
2774445001
2788846613
1569716018
1569665926
1569715793
1570015269
2774337929
1569750984
2592831267
2592821808
1569723272
2774336801
2592792217
1569749053
1570017023
1569677857
2774396196
2786320260
1569666222
1569935740
1557837245
2592864983
2738476068
2592791739
2796436016
2592794810
2594488291
1569828255
1569666250
2593087081
2592955997
2786257153
2794578474
1569658836
2070054426
1569872142
1569838986
2798999680
2603552041
1569806061
1570028216
1737778040
1655717995
2786339326
2786220324
1569843509
1569839006
1569944368
2774436178
1569875760
1570023738
2788011256
2812608715
1570015115
1655508697
2795384243
2601466705
2809302724
2592869679
2592806459
2814050302
2070035046
2812473510
1569750348
2793538282
2070048982
2070044268
1569707858
1556100415
2070048727
2592990508
1569743766
1569932092
2774412794
2796436061
2600164313
1655555500
2592800702
1569665057
2070016644
1569949803
2786257139
2786313508
1569844087
2786307013
2602724689
2774370963
2806662767
1569823147
1569684856
1570011235
1569687765
2592799776
1569849614
1570017665
1569835177
1569911460
2774391255
2070022169
1569880611
2787992058
1569722481
1569940302
2592810116
2786340076
1569816244
2592800350
2793248906
2593087123
2812477553
1570010669
1569656704
2787937715
2070022561
2592865494
1569709837
1569667863
2792922016
1736443296
1569822102
1655370133
2070018186
2593085765
2594253596
1569953397
1561658281
1569904592
1569812526
2786215136
1737233122
2808774698
2592838289
1569923220
1569711108
1737775662
2774415794
2593091885
2786321083
1569716320
2592796477
2592981044
2786235584
1569658904
1569871064
2593093484
1569673431
2774385951
2592791707
1569736161
1655214727
2808806004
2070047275
2774370527
2774502372
1569892346
2592799969
1569839936
2786345200
2592812239
1570029257
1569904561
1569688298
1569951679
1569669730
2786236071
2592858899
2592793650
1569685423
1569743752
1569683523
2786213291
2592797123
1569943535
2790148961
2809042658
1570041415
1569675274
2758082343
1569752262
1569879018
2592882561
2786256612
2593004879
2786308952
1570009568
2593044046
2593051413
2592838268
2788713634
2592797682
1569668780
1569674948
2793042047
1570035241
2786327876
2786221871
2774368127
1569830148
1569670980
2786239817
1569715148
2592843491
2070016088
2806621128
1569754354
2795332266
1569754768
2786322442
1569918378
2807163076
1570020102
1569736752
2805484286
2786296344
1569815414
1569657797
2812670627
1569672752
2592813642
2592867222
2603310344
2593027699
1569918295
1569879329
1569678993
1557776894
2792954610
1569904803
2807061529
2592947295
2808148684
1569902553
1734043342
2807151892
1569668872
2682382583
1570016781
2592994391
2676926644
2786303917
1569864349
2592958383
2786323947
1569758679
2594255184
1560562053
2792501787
1569815703
2592965891
2807253220
1569664619
2787762736
1569750537
2807804423
1569930058
2809049971
2786332628
1569893979
1570015601
2789660115
1570032680
2801702247
1569668378
2786311138
2788959647
2738446649
2592945756
1655501589
2813877896
1569927286
1569832578
2592958420
2592856560
2813224222
2070029339
1569668196
2813201979
2774380458
1570027802
1569948092
2592973131
2592866492
1569688118
2786239888
1570035088
2592798155
2792923906
1569739759
1737007039
2774443579
1569681543
2592854596
1569932259
2592805267
1738137270
1569850600
2592812085
1569658748
2592812740
2786238383
2593086004
2786313150
2676971639
2592797477
1737778220
2786250458
2592958397
2786313935
2592803130
1569859823
1736885335
2070016279
1569744448
1569736063
1738192785
1569695766
1569870927
1569656156
2070071329
2809038520
1569951265
1569716567
1569837971
2805426288
1569668591
2592830563
2812761562
1569677363
2787726569
2801635724
1569742587
2774505454
2592791869
1569675342
1569805742
1570016762
2798958961
2795306638
1569677871
1569820738
2592801103
2786212127
1569688791
2593683403
2592803097
1569735566
2774344436
2592863948
2795307366
1569684498
1569921678
2593623380
1569833808
1570006984
1569897197
1569736334
1570028255
1569913078
2786241226
1570027265
2786295058
2795438038
1569676943
2592978607
1569694807
1569823525
1569695465
1569737921
2592814172
2774316959
1569890322
1570034197
1557585631
2592791032
1569941704
1569684006
1557106717
2592867116
1569743105
2813018069
2594463664
2070041015
1558028037
2774388357
1569848857
2774351561
1570039926
1569736050
2592797435
1570007681
2592795611
1569678939
2786313923
2593995497
2795396007
1569804001
2592977894
2814322561
2594283585
1569716921
1569938365
2786312994
1569700095
2592803162
2593044227
1569680822
1569731769
1570024081
1569743571
1569912079
1569890367
1557333415
2786364537
2813221096
2786235229
2593022950
2801626134
2774410781
2070020297
1569679149
2809004688
2786212347
2774324596
2070043056
2774402095
1569681599
2593028943
1570017549
1569667728
2070035781
2592792928
1556820927
2786215548
2786211244
1569660533
2774499916
1569842809
2786254998
1569922424
2774319234
2809052819
2592921789
2786232954
2774391611
2786263290
2792909113
2592944663
1569665680
1569686071
2774451136
1569668726
2815129390
1569889564
1569666986
2070069647
1569666673
1569674858
1569891688
1569841134
1556984236
1569851356
1570000272
1569668062
1569716346
1569906176
1570037903
1570014667
2593651059
2070031485
2593058408
1569816053
2600502055
2592827463
1569872771
2600162216
1559527671
2809002260
2774337720
1569857061
1569666003
1569666909
1569869460
2592798938
1569868167
2070045259
2786358865
2592796715
2592988138
2593005539
2593647813
2600212779
2786234412
1569661542
1569906276
1569682820
2795337709
2774343243
2593013129
1569882447
1569760627
1569918823
2774376703
1569680643
2787718256
1569674706
2786237966
1570018564
2812479058
1569837498
2812441815
1737779706
2807128507
2774446315
2812668121
2592823396
2774362237
2786256294
1569667907
2070048591
2592843473
2070015780
2594427528
1570032607
2813156928
1569758222
1569944776
2600368582
1569922751
2070047025
1569671687
2592992837
1569688322
2592831149
1569932823
1570009159
1569819755
2774476498
1569826281
1569948133
2070050822
2787771436
2592811507
2774388044
1569715839
2774430205
1569903026
2070031570
2592820421
1569803102
2786222300
1569833673
2592863107
2786353827
2809071151
2796691120
1569820680
2787919483
2788684361
1569736087
1569935759
2592806592
2592845740
2786254686
2070026178
2809391885
2592787307
1569825939
1569747019
1569899255
1569913127
1569804225
2786315924
2774447640
2806021838
1569680168
2592831000
2808150686
2774360385
2593046699
2809145607
1569685652
2070015795
1569738291
1559149155
2592966166
2786313176
1569753694
2786251071
1569863589
1569666539
1569850156
2592841268
2786235251
2813221133
2786318605
2790090564
1569847392
1569726778
1569917628
1569733046
2070030039
2795255393
2774428126
2807162570
2786328693
1569752680
2592848229
2592799056
2786313972
2593061578
2799140006
2592908819
2807124829
2774430437
1737777596
2808613748
2594311286
1569658595
2593666048
2774402612
2786216244
2592853688
2592969227
1569943368
1569740251
2592939070
2787777995
2791159822
2788123901
1736865983
2808985956
2808774754
1570012683
2792897832
2774423919
2594310408
2593043968
2804653116
2786248272
2786314038
1569715487
1569692703
2786291897
1569693845
1569931302
1569802657
2070074454
1570035343
1569697166
2600154668
1569879254
2592803196
2774523673
2786280872
1569927611
1569709923
2592830334
1569864798
2809478722
1569832504
1569670415
2592975032
1569894498
2786238815
2593066682
2593037185
1570030891
2592790607
1738182178
2774328476
2807689245
1569882042
2788287304
2774443501
2801762160
1569917790
2786299678
1569673587
2596049661
1569672618
2812763916
2792997111
2774360850
2809590550
2592805797
2593035839
1569857660
2592984262
2786234310
2774345830
2070024149
2592801266
2594256959
2774418140
2786314110
1570039536
1569758109
2774373336
2593054773
1569896918
1737202870
2592795029
2801540569
1569657239
2789179075
1569816167
2592819978
2592790059
1569911206
2593010516
2600369771
2592795934
1570016329
1569949080
1569658651
2592804995
1569740345
2592795238
1570026220
2809434651
1569683393
2813075283
2787809791
1569927061
1569727167
2786332066
1569857740
1570008816
2774359177
2602735883
1569868898
2812575718
1569837402
1569822954
2786285583
2786241307
2785665014
2787777812
2592790760
2786261628
2593076145
1570006697
1569897609
2070044542
1569754489
2774382659
1569929740
1569870416
1570008622
1570034526
2786258663
2593051122
2788684240
2592805925
1569945811
1738187587
2806616983
1655467410
1569672095
1569746632
1569715570
1570021980
1570024132
1569878036
2592849096
2795418041
2592800522
2774477750
1569841120
1569737420
2793036469
1570011308
1569828787
1569715927
2809040407
2809003638
1569678823
2786320120
1569823811
1569746813
2774350545
2809035826
2774406250
1569675096
2786255236
1570011628
2808148730
1569710427
2774318068
1569946792
1569813897
2792527538
1569744257
2809030808
1570017739
1569870630
1569915823
1569679089
1569660833
2792598297
2070045177
1556693719
2070023419
2592922616
2786299692
1569944325
1569853666
2807125511
2786222100
2592790742
2592983336
1569817530
2799529352
1569697603
2801609318
1569822322
2786297873
2798966124
2600156278
1569806900
2798998423
1570015381
1569715365
2786253700
2070031425
2774386513
1569894929
1655741498
2070031670
2805988517
2774516851
2774359635
2807283051
1556845152
2805487278
2592865700
1569680560
1569889612
2787822643
1569884543
2600234791
2809006952
2592803960
2786215602
1570040635
2592792046
1569838089
1569719194
1569816839
2787903586
2813740129
1569692532
2592981879
2593037200
1570010745
1569852298
2600268575
2070046781
2592839950
1570013380
2813057075
2603781433
2799189590
2795438702
1569755374
1570027830
2774482338
1569889956
1569835957
2786320986
1569666593
1570016966
2774502044
2814380969
2774336632
2809042607
2786254369
2808992281
1569696367
1569929705
2800723228
1569675466
2600295154
1570018644
1569953354
2806627846
2809028822
1569885486
1569827685
1569657197
1569659121
2795238394
2774352192
2793108245
2793654589
2786218683
2592813623
2593009940
1569807075
2593017951
1569658191
2791058890
1569951436
2070030793
1569742139
1569741067
1570008318
2593043950
1556667161
2809118245
2787812411
1569725878
1569724573
2593059395
2786296072
1569665834
1569906362
2592805443
2592793795
1569677118
1569696042
2786220517
1569675914
1569937629
1569681940
1569944638
2793171834
1569948645
2592796528
2790149014
2592789393
1738187809
2812675259
2808995939
2786284959
1569820040
2786287391
1569929182
2807135256
1569953597
1569866639
2774349944
1569913170
1569715914
2592796146
1569949148
1569877912
2808616121
1569871460
2812411434
2592814718
1569888985
1569830284
1570015054
2787737772
1569906191
1569676919
2790441674
2774434764
2774370544
2807302281
2592803878
2807264118
1655747541
1570028318
2786219963
2792406277
1560438479
2594283522
2593027764
1569812548
2786329292
2592791644
1569665071
1569817630
2593088954
2070016657
1569655987
1560658388
2792818466
1569687547
2600213716
2738583059
1569814176
2603425467
2787777792
1655516094
1569828475
2592836454
2788122819
2757874445
2592798729
1569918702
2070028300
1569928550
2600365549
2592806747
2774364380
2785663044
1570016591
1569911018
2592830983
1569675519
1569911425
2070017257
2070032156
2799002509
2790929568
1569687444
1569945140
2809134690
1569739954
2787724236
1569757840
2070053603
2774504257
2786295079
1569831642
2774449030
2774435550
2786226005
2803416567
2786313193
2601481493
2786273193
2786212904
1662418041
1736123815
1569677068
1569814334
1569711464
2593456815
2592860241
1570007990
1569869924
1569863327
2795241639
1569675706
1569928259
1569841828
1556668023
2592807018
2809213765
2786319826
2592829261
2792869975
1569746803
2070021280
2801871739
2774389027
1569670966
1569842974
1569694711
2592944997
1737775029
2677779414
1569804851
1569715966
2592894496
2593085914
2592795999
2774396150
1569706817
1569918777
2788153221
1561170281
1569945403
1570029273
2786296147
2786254210
1569836593
2600164453
1556397741
1556187017
2592836933
2070022114
1558553530
2600158252
1737774054
1569709971
1570022932
1569739847
2812869121
2774441782
2793165032
2592820192
1570016515
2592793325
1569671266
2792925513
2786243051
2786308365
1569876502
1559149106
2812505199
1570011691
2592812222
1569668425
2774393207
1558234651
2593012558
2774441957
1569933605
2774359535
2594262063
2788714192
1557840014
1557364456
1570014640
1569657885
1569664697
2592863145
1562252072
2774352995
1569952147
1569818781
1569736076
2593022289
1569814139
2594253412
2593033311
1569678370
2809042626
1569815781
2813735340
1569883836
1569875561
2592812553
1569902078
1570015889
2792931720
1569753596
2600260941
1569665609
2592811330
1569681318
2601399855
2594261537
1569681451
2070021397
2600375312
2593678608
2592802838
2592811269
2592806895
2786310781
1570027788
1569689218
2603892884
2786322418
2786222194
2592959417
1569880829
1569826681
1570007402
1569677904
2786319323
1570011474
1569859177
2786246719
2786280398
2600164927
1570016682
1569943850
2774373215
1569911086
2786316568
2805993537
2792874857
2594524539
2801617738
2599692821
1569951551
1569845301
2787729964
2786323421
1655540109
1737777337
2813036362
1569808585
2786237131
2593065858
1569873605
1569668076
1569802636
1569932268
2600420654
1569923402
1737777228
2788239007
2070033096
1569894399
1569864998
2801633026
2808789006
2070070261
2808243642
1570032310
1569683433
2793084575
1570008592
2808774736
2786295841
2814036068
2774396906
1569879299
1569660103
1569689673
1569915052
1569665251
1569750934
2593089651
2070023141
1737777249
2593032554
2774465552
2774455555
1557367349
2592848211
1569836969
1655673180
1738198537
2592789351
1569726117
1570009249
2601414396
2774425348
2786288133
1569930489
1569759231
1738207469
2592788960
2593517336
2799316214
2786234023
1569762667
2592812942
1569742411
2774319268
1569947044
2786289241
2592836217
2592982220
1569832204
1569666417
1570015331
2795241987
2803432807
2070045231
1569843202
1570029405
2774425299
2774421638
1569932322
2592801856
1569858785
2786307848
1569662324
1569675943
2786354797
2592876127
2799002557
2812759013
2774406428
1569897891
2774443648
1569839828
1569836397
1570011614
1569726417
1569853014
2797122404
1569747633
2592787440
1569847973
2806618793
2592963556
1569685363
1569945364
2792821719
1569658564
1654843425
2070028708
2787818414
1569906072
1559732252
2592985928
1569898729
1569942291
2774328819
1569919420
2786261340
2602923815
2812473299
1569661568
2774388512
2592944329
1569836539
2774331658
1569738102
2808777076
1569672262
1569680281
2601404813
2592806676
2792515198
2790148985
1569676315
1570021306
1569686521
2600361104
1569659206
2070021345
2786251103
2796437974
1569722310
1569920314
1569762088
1569682004
2788472548
2070016670
1569835237
1569888844
2809055046
2813717361
2786244272
1569910761
2807523228
2786212963
2788659495
2786291881
1569851794
1570016531
1569672483
1557062154
2786354016
2786330391
2774499497
2593113597
2070031832
2593016639
2806627093
2593088970
2593094570
2594427388
1569889463
2593111733
2786237954
2592990494
2774344915
1569920670
2774345786
1569850954
2070032175
1570030003
1569939313
2807082905
2774373096
2786344203
1569874810
2774441892
2786347291
1570016278
1569666811
1569705577
2787995298
1569906303
1570031318
2807152727
1569846040
1570010566
2812413828
2592895428
2774452530
1655617014
1569836450
1569848336
2808994088
2792505345
2786261481
1569723258
2786240685
2786230447
1569679667
2786274156
1569911619
2774359293
2593058325
2792840736
2786351066
1557076218
2786313328
2808244997
1569888785
1557446060
1561257006
1569848395
1737308308
1569715403
2793197926
1569688692
1570021804
1655456113
2070029235
1569839751
2774351372
1569669748
2592807182
1569726554
2813003850
2594463694
2603037428
1737777790
1569708316
1569943316
1569859530
2600296209
2786246649
2786298188
1557478850
1569741001
1569915377
1569839902
1569750224
1570006840
2592794635
1570037792
2601426125
1569899387
2795224357
2602715357
2793298920
2592868131
2593057191
2070071918
2791058874
2806021366
1569682509
1569953341
1569915809
2787812473
1559244969
2774419699
1737779693
2786321190
1569686614
1569710378
2799091542
1569705952
1569916195
2774342547
2788145017
1569753878
1569946912
2786237459
1570021090
1569762337
2774495730
2593088588
2070069443
1655510911
2797072214
1570037258
2809195362
2799391677
2774345805
2070016683
2592789975
1569869710
1655518752
1569727590
2681096346
2787991493
2593052036
1569686430
1569928779
1569810073
2603129375
1569704270
1569681151
1559745676
2786275001
2808788179
1570017562
2592933942
2592963305
2786243796
2807282994
1569710994
2812990740
1570031926
1569891938
2786336321
1569759608
2786216832
1569660163
2786299987
2592829670
1562252147
1569841797
2786328012
2592795138
2070047739
1569911395
1570019765
2792840758
2593052053
2593072333
2592796901
2603743617
2786354524
2801702156
2593084225
2592836440
1570035265
2592821877
2592799692
2774516292
1569838912
2592797188
1569945720
1569848997
2678023429
2592795054
2592787886
1569913046
2786224981
2799534150
1569834182
1569944032
2681997681
2787810024
2786285807
1569917582
2812920451
1569893175
1556949989
1569846428
2809003461
1569715262
1569951390
1570007014
2592843152
2070046759
1569712720
1569938624
1569680602
1569945831
2593014342
1569736111
2790235628
2070078282
1569746494
2787741497
2592806797
2774336463
1569761790
2592973708
1569745409
2786319113
1570016725
1569893005
1655657182
1569832283
1569885756
2794546564
1569658762
2774354109
2786278055
2807282249
1569819077
2070020102
1569723355
1569847211
2593059229
1570031024
2814126714
1569842491
2793206361
2601516953
2789526302
1655658743
1655590500
2592802351
1569674206
2789394360
1570012353
2592796344
1569752276
1569657811
1569913585
2592985411
2786221572
1570012063
2592794269
2809040512
1569810387
1569849881
2774392691
2787995208
2786214378
2592821304
1570024004
1569833714
1569938589
1569700412
2786222995
2787721594
1569684084
1569940777
2786307937
1569822391
1569715428
2786217250
2792836282
2592799582
1569743530
2592808793
2600159394
2786255783
2786237483
2808991222
1569658079
1569875477
2786474334
2788287260
1569730349
2795188410
1559648117
2774506051
2729205189
2592831130
1569871474
1569667334
1569665667
2786283266
2808804515
1570015489
2799901032
2592817827
1569816349
1569705151
1569871025
2786443017
1569727896
2070046712
1569848039
1569848290
1570037811
2774350513
2070049907
1569877305
1570028704
1569943225
1569944017
2789954046
2786319709
2774416122
2786318039
2774388865
2812416217
2787872315
2786328087
1569762037
2807162634
1569900714
1560765828
1569751014
2786323179
1570039271
2594418801
1569923349
2808150424
1569730362
2592963669
1737779377
2683295360
2594290539
1570014907
2786284667
2774441879
2603735731
1654746487
2788289957
2786287202
1569703744
2599682830
2793197907
1569656289
1569849289
2814138470
1569708501
2798963659
1569806992
2593069972
1569879031
2593049086
2592976161
2809407416
2774414195
1569871487
2808789676
1569891636
1569943835
1569840156
1570030830
1569709647
2795304052
2592977111
1569816594
1569747922
2809044032
1569899973
1570006122
2593011734
2593090610
2592789042
1569927225
1569889915
2786251151
2786227957
1569697590
2799057813
2808607431
2774445476
2786323528
2070045959
1569715888
1736857569
2812922884
2592977987
2592971471
2592805646
2592824246
1569753119
2774441970
2593059927
2786212299
2070023467
2774359898
1569756937
1570011993
1569690430
2774385978
2786321352
1569950334
2070068211
2814028946
1569921164
2070032036
2809004665
2774423141
2594253274
2786253997
1570014768
1569828545
2786280320
2809001453
2593013938
2599683328
1655530525
2774499931
2791159924
2774366659
2774359230
2592801552
2774391484
2774319857
2786216848
1737773953
1569833464
1569736100
1569871619
1569815966
1569739902
1569890839
1570017752
2787995478
2796766202
2592791127
2592800477
1570017506
2774341364
2787771597
2600530022
2774442009
1570008081
2592791426
1569665027
2592849264
1559101701
1569865277
1569693506
2809056290
2789875584
2592798110
1569946677
1569921254
2795206168
1569945666
1569906233
1569817563
2786295489
1569862691
1570041048
2592875439
1569849321
1569699005
1569942382
1569911954
2593049286
1570018807
1569930502
2774401498
2774336237
2808609106
2592808547
1569663233
1569715614
2793212397
2603703945
1569677688
2809086092
1569906606
2774449607
2774390921
1569945916
2786220840
2812541461
1737102571
2774336575
2592813892
2786364194
1655469227
1569820642
1569893947
1569709937
2592795271
1569823632
2793544295
2774427673
2774441795
2787716236
1569927703
1569834674
2681081432
2789545823
2786275770
1570033006
2814325975
1559223522
2070021771
2786332750
2794720941
2808991240
1569938344
2593011753
2070045446
2593034683
1569930608
1569947723
1569802869
1569733969
2774328177
2813740091
1569825641
2793388098
1556282108
2070015847
1570016193
1569848213
2789718746
1569664452
1569663925
1570011124
1569875108
2598546663
1569674689
1569734635
2592951974
1570009279
2814047619
2592798978
1569820917
2592851741
2774393598
1569689974
2788254327
1569698115
1569657455
2603159901
1569901733
2786216795
2592795704
1569817211
1570032288
2594317125
2774337515
2600244398
2593005343
1558110505
1557065664
1569748592
2786328905
1569906523
2808221513
1569743473
1569738311
1569757912
2070036409
1570011804
2592815948
2593036041
1569922828
2808786561
1569715640
1569900024
1569735061
1655536534
1569908036
2774403447
1569711329
1569948922
2604579143
2786313717
2593067923
1569840543
2789789204
2810241730
1569825850
1569757350
2592844883
1569752532
2070027533
2786325967
1569848570
2592797597
1569845355
2592794381
1569738271
1569660520
1570009328
2592810179
2592831320
2786221418
2592798615
1569743724
2070036022
2592840911
2786324551
2774344763
1556539544
2593005310
1569910574
1734145115
2592789782
1556122598
2814139509
2786322722
2592832200
2600236392
1569833362
1569660151
2592941401
2592796753
2070032255
2786308447
1569852059
1556386811
2070033511
2786275756
2592802996
1569874700
2592800755
2795302525
1569755052
1569743266
1558982527
2786282409
1569675492
2774483769
2592803910
1569929683
1569842249
1569832546
2788130726
2774462858
2786272842
2808216901
1570040602
2809525615
1569664133
1569679424
1569851030
2070038200
2593011423
2786317889
1569658549
1569749794
2790631691
1556802822
1558104873
1569928910
1569749416
2774435455
1556918734
2786336562
1556589617
2070021895
2786282428
2600163505
2774387075
2774424882
1569899043
2592795316
1569947936
1737777014
1569946061
2808207224
2786338558
2592838234
2593076517
2792852037
2808148899
1569833615
2593058365
1570016861
2812569541
2786363293
2786338990
2790456212
2786263121
1569903637
1569936078
1569708112
2787759906
1736896269
2592851994
1570017990
2786231715
1569953961
1569675421
2774334291
1569755112
1569905932
2774345064
2787937780
2592858363
1569942908
2813036408
1569872020
2592791161
2593022617
2774396082
2786313237
2592856631
2787903518
2786323276
1569863039
1569891740
1570008188
2774389658
1569938396
2592815586
1569671439
2592795436
2786313249
2070055196
1569831847
2774451569
1569751685
2599685326
1569727616
1569830767
2594430183
1569888860
1569685263
2592853269
2814047654
2774441931
1569868379
2758082001
1569916509
1569897171
1570011413
1655670415
2592848250
2808847221
1569738561
1570010824
1569938443
1569921539
1737779666
2786235864
1569839844
2592974283
2813735551
2789014396
2801844538
2774409375
2592799567
2593055916
2786314086
1569878061
2592868518
2807407468
2774443564
2786215297
2786356073
2070077567
2786319868
1569753023
2786326992
1569683782
2786255170
2593014985
1569947956
2792954570
2592794292
2792849286
1569673238
2774508059
2786273967
1569825802
2603417840
1569686057
2070054961
2792866531
2787809377
1569828869
2786240795
2786245469
2592851854
1569835669
1569919435
1569952111
1556845135
2774424863
1569883608
1569663635
2070048965
2774505033
1569686403
2592810607
1569660433
1570016346
2592838607
1569746618
1561226239
2594256729
2787808178
1655566609
2592872495
1569913397
2601481522
1570010553
1569697984
1569697294
1559956523
2070068673
2070071661
2799409339
1569680546
2786315992
1569836814
2786323348
2774365913
1569848675
1569698960
2813223968
2786284269
2593031233
2808467052
2592801050
2808615641
1654747295
1569917849
2787772564
2774354149
1570024302
1569847940
1569753161
1570006746
2803442710
2592975776
2070041342
2774398025
1569825410
2592799038
2592963349
2592993456
1569803958
1569881604
1569872066
2774422454
1738191778
1570009369
2592807373
2593050437
2592830116
2808984743
1569659627
1569756990
2786364776
1569840708
2594261791
2786212610
2805364405
2786231844
1569700789
2600157914
2699594832
1569820797
2774409140
1569889243
1570029299
2593043999
2593027434
1569677844
2786295015
2592886821
2592799277
1570010721
2774406633
1570011204
2790494980
1569802834
1569704382
2594281465
1569835859
1569914750
2592813963
1569724972
2070044784
2787872234
1569757690
1569736708
2592860125
2592803975
1569859568
2786237780
1570015002
2774318279
2592792414
1569692342
2774389952
1737779147
1556815648
1570017897
1569754043
2786211877
1570008158
1569898337
2774423158
2600259125
2774446583
2788684133
1569672679
2774418068
2787822748
1569665653
2592805305
1569830161
1570032361
1570013016
1569919499
1569732911
2592959705
2592797354
1569844757
1569818646
2774387577
1569886601
1655671256
2593005327
2813781402
2774328148
2812541669
2774480607
2813036384
1569857676
2792836857
1569920635
2788290052
2774338843
2814138514
1569678981
2592829874
1569674182
2806021971
1570015640
2812761684
2786284581
2786272339
2592869338
1570016547
2070046300
2800639098
1569806024
1569913902
2812761580
2592826523
1569944353
2593070077
2070048543
1557838265
2592814062
2806870045
2592806285
2807525726
2592812979
2786321296
2786225001
1569691279
1569817056
2070046590
1569663407
2774351647
1569836998
1736864731
1557284521
1569858034
2070030530
1569742425
2592819164
2774391799
1569852075
2774449550
1570009081
2809049575
1569938606
1570031939
2592801470
2774462418
1561447277
1569844960
2592857960
1559852508
1569808442
2774482789
2774396795
1570015942
1559620874
1569917807
2786291913
2594520347
1569837113
2592805326
2774344807
1569852636
1570031978
1737777130
2808988765
1569846542
1569803784
2787991397
2809213838
2774391453
1569952074
2793009743
2592920690
2786299835
1569906099
1569843630
2600282638
1569930182
2808148927
1570038189
2592799605
2592809160
1569659641
2787808905
2592797450
2788254393
1569851622
2789332720
1569912768
2592799423
2814035953
1569727627
2774393995
1569695479
1569940472
2774370705
2774516108
1569819826
1569698387
2789928777
2593086974
2786279247
1569759270
2786322529
2808527876
1570007433
2786217262
2786277467
2786318261
2774441866
1569878046
1569747689
1569656376
2592984553
1569663449
2774342439
2796433898
2812831896
1570007719
1569848518
2774424825
2070017296
2592817110
2786222237
1569938473
2786274551
2786326183
1569847401
1737775593
1569943329
2786223027
1569662019
2790490333
1737227215
2593516810
1569931637
2774400854
2807135446
2774400006
2806993076
1569893246
2593994947
2795241736
1569829477
1569948583
1569842540
1570032637
2795302503
1570015136
1569897029
1569819678
2592798199
1569687733
1570027663
2786211458
2721019628
1569938939
2593022857
2812675241
2592959161
1569661243
2786260035
2809030844
1570009682
2603624485
2600230716
1569837432
2806614749
1569665523
1570038674
1569829273
1569753969
1569877584
1569733827
1569679441
2592789000
1569697756
1569811511
1569709955
2592805594
1569859861
1570016798
2809003873
1569657929
2808876386
2786226043
1569859625
1569951694
1569833596
2786365913
2812920532
1569710596
2774387220
2799094400
2774350626
2786260521
2592865244
2786300703
2592792865
1569666262
1569921147
2070022416
2603990448
2808986821
1569697564
1569835411
1569849654
2786260691
2774419714
1569656827
2786211925
1569662099
1569687400
1738124354
2774398296
1569936338
1569740657
1569932229
2592798310
2774500537
2592963045
1569934352
1655672619
2796438571
1557024074
1569694834
1569880576
1569742911
2792839826
2774373438
2592803528
2774455359
2788241169
1569741922
2592799012
2593079542
2593091655
2592807858
1569699231
2592968665
2592962809
2592787362
1569755918
1556899426
2592800604
1569663138
1569860052
2786211967
2786223422
1569951278
2592796170
1570021105
2592968979
2812790157
1569878772
2593028857
1569755931
2592792492
1569717246
1570008876
1569673687
2808984897
1569885649
2592838215
2786319882
1569842090
1569803634
2774342831
1569894487
1570015191
2786226079
2070045823
2786288548
2070048251
2070047750
2592802595
1569677035
2592807881
2774401572
2593050935
1569690927
1569722346
2774523552
2786215353
2812473173
1569881747
1569937699
2592870798
2738203533
2786331614
1569674317
1570009311
2788961360
1559613128
1569743696
2774413831
2786219327
1569700758
1569670022
2774484535
1570028861
2592855523
1569874047
1569688675
1569736244
1569706017
1569673059
2592842767
2592862719
2592863509
1570027307
2786302264
2593678806
2593041538
2592837350
2592813155
1569818947
2593054738
2774414155
2774523525
2592862906
2812529559
2594523148
1570009636
1569898853
2787809213
2787772115
2808207109
2788120286
2592798693
1569725804
2786272947
2808627732
2592815269
1569837128
2786327888
2786221623
1569837805
2774433455
1569716912
1569673717
2814139482
2786211908
2792549771
1569658610
2786316126
2592841889
1569944514
1569944711
2597785628
1569749241
2600238809
2592963153
2592836322
1570031000
2806869976
1737777278
2592964636
2592862481
2814035929
1569827871
1569817235
1569917596
2774388844
2592808453
2774388338
2592859983
1569877629
2592824228
2801544268
2070030322
2786325921
2592804681
1569943565
2788129738
2592865053
2592827752
1738187572
1569871993
2786256335
2592821857
1570016950
2808991180
1569675189
1569717259
1569744819
2809000486
2774331441
1569846357
2793163322
1557636153
2593003970
2786280411
1569822337
2786292815
2592839894
1569915429
1737213387
2774445463
1737779113
2814217930
1569682277
2786323516
1569723610
1569710111
1556092690
2592796789
1561125279
2786235982
1569950172
2070021929
2786219147
1560563275
2774439084
1569674102
1569665363
2809008384
2788680797
2812831822
1570017388
2774346247
1569752807
2787809355
2774402998
2774359272
2593050690
2774436000
1569730317
1569884019
1569757630
2790235861
1569812190
2070046644
2786315938
1569827382
1569728237
2792923770
1569935142
1569675882
2805429130
2807764367
1569676329
2801634119
1738480150
1569870385
1570016312
2774414959
1569930476
1569875617
1570012766
2809145625
2592830553
2774436674
2786309352
1569897541
2786325548
2593094788
2676665399
1569841761
2789394393
2600417855
2786301357
2786301132
1569837555
2786273518
2594357442
1569927573
2592882016
1569719117
2786309405
2774343488
1569739931
1569755208
1556117355
1569830476
2786274989
1569683363
1569747517
2786239793
2806662798
1569850577
1570029080
2786221014
2592994431
2070015735
1655665255
2786318025
1570016577
1569753866
2786348201
1569679007
2812761542
1569754328
2592796660
2786232480
1569663911
1570028875
2787763186
2774442691
2786309318
1569803068
2806869541
2593038268
1569884104
2593094379
1569902466
2594553537
2603830734
1569683669
1569670212
2786275151
1570016084
2796230738
1569664314
1569664075
2786261616
1738160403
1569933888
1569673824
1556310065
1569948384
1569823467
2807765042
1570011347
2070024785
2786349550
2789362048
1569875239
1569946865
2789044583
1570014950
2592822242
2070022088
1569755743
2774427800
1569667262
1569851558
1569900701
2774451155
1569723142
2814035878
1569906757
2592827393
2592799334
2787723446
1655622914
1569911988
2678606012
2774337583
2788959673
1570029203
1736865935
2812489732
2807135324
1569805055
1570019312
2812804470
1569953880
2774525017
2774455698
1569740803
2592803774
1569846938
1570028016
2786217709
2800732261
2814036092
2788959751
2801625170
2593446336
2809023732
2786323841
2807516580
1569717313
2677391063
2786243465
1569679993
1569819662
2774389820
2592811313
2809044566
2786212330
2788659546
2774443347
2592831111
2593018861
1570006772
2774505192
2812579458
2594355297
1556283556
2592791946
1569848503
1655214799
2774336861
2592801489
1569673314
2801828335
1570037945
2809019948
1569674672
2793042070
2795428672
1569813132
2774345968
1569898174
2594273296
2792931398
1569745614
2593069986
1570024245
1569750238
2602013199
1655711936
1569660624
1569841176
2592799157
2601406390
2786259897
1737778575
2603352283
2592882589
1569944733
1569753231
1737774045
1569672446
2796634071
1569715134
1570026953
2786243015
2786256566
1569920959
2592802803
2592788469
2774436848
1569663380
1569900465
1569838537
1570015552
1569753609
1556304104
2774319215
1569874283
1570041438
2788260825
2070070591
2788121522
1569688268
2601493929
2786221454
2070023055
2594553936
2807152470
2738445906
1569760917
1569687810
1559284281
1569917243
2796435065
2774394012
2600316256
2809279475
1569804751
2786221804
2774353014
2592796920
2814043925
1736416412
2593620632
1569689076
1569819879
1569671629
1569696960
2593023687
1569803536
1569878298
1569735360
1569660496
1569942923
2774392523
1569675128
1570014695
1569876368
1569929790
1570011276
2592798026
2789542687
1560341929
2787755142
2592790109
1570041152
2594253365
2592802981
2592807633
1569679611
1569674194
1556335588
2786249496
1569673300
1737308326
1569666579
1570024365
1569829133
1569750159
2805513700
2592935954
1569818866
2786331423
1569844885
2774359336
1569947286
2815094874
1569705591
1569679035
2807135464
1569939205
2799093125
1569894129
2807084587
2592818857
2786328710
1569728250
1569807554
2592971405
2806869991
2774503462
2786218146
2792826354
1569741037
1569697468
2774430159
2807690018
1569758697
2592820250
2592797861
1569892508
2787791539
2786321119
1569717923
2592803564
2592942128
2593079572
2799040182
2806720047
1570028987
1569718595
2809109777
1569657984
2592809178
2793163300
2593099818
1569850827
2592977715
2592793200
1569686492
1570012117
2774456200
2774500362
1570013085
2592964210
2789659586
1569657972
1569757855
1569743489
2592843347
2774422798
1569671021
2592841232
2809028382
1570007144
1570027343
2592798369
1736302321
2786239941
1569877288
2801572877
2593096831
2808145543
1569937716
1569886932
1569826326
1569684531
2603162288
2792835859
1569751899
2601426301
2070033395
2070015407
2786219951
1569858960
2792823762
2786222268
2592798133
1569670952
2594093366
2808147582
1569814424
2786245498
2774318440
1569810355
2070039112
2070047867
2786275634
2786250032
2801699197
2070037067
1569757018
2593061299
2786313887
2813223026
2592796369
1569948834
1655514452
1569853612
2808434006
1569946080
1569911820
1569682085
2793212296
1569820126
2808146254
2774339582
2786214487
1569936262
1556430265
1560292851
2786241765
2799200446
2593028957
1570031335
2594354881
2806784443
1569708759
1569802994
2806618773
2786227371
2813781299
2774428090
1569819529
1558684115
2600297801
1569818541
1569666191
2592860484
2812473224
1569659603
2070022541
1569716333
1570031392
1569890860
1737242896
2788411554
2786219923
1570039489
2786243680
1570040581
2790209016
1655117487
1569674886
1570025137
1655285299
1569749011
1569948338
2814036001
1569741084
2786319309
1569689550
2592798237
2592980229
1569902299
1569757643
1569814197
1570038025
2774499954
2592959387
1569756357
2786323075
2592795416
2592831241
1569805141
1569668132
2592817975
1569736296
1569671341
1569911031
2070033582
2786274835
2592792085
1569903987
2786261326
1569711663
2592798089
1569871418
1655687888
2070035635
2774428041
1569753666
1655484817
2774442972
1569711649
1569937978
2592974405
2786238953
2800732333
2070032141
1569883722
2070044897
1569710646
2774333362
2812746442
1559282991
1569753638
2774376389
2592889030
2592825184
2592800729
2788129597
1569675220
2070016962
1570011334
2796433939
1569902507
2786221888
1569864363
1569664792
2786326914
2592821465
1570031122
2787808364
2601509048
2774408817
2774458515
2676864894
1570033482
2809057729
2593055003
2592959434
1569888627
1561209691
1569912396
2774501836
2809020559
2792599620
2592986304
2774392014
2601484557
1569913550
2786218770
1569715253
2592814002
2592964925
1569859422
1570009880
1569844287
2786317801
2786218668
2789361842
2787925571
2774500404
2788974930
2786287679
2809039392
2807061511
1569686549
2601053342
1569948599
2594122645
1569864241
2786313875
2787772209
2774502197
2774509152
1655642585
2592966385
2807151044
1738205114
2592808081
1569953729
1569843399
1556430111
1569917962
1569678593
1570039465
1738210938
1569680410
2592935936
1569953946
2774397121
1569857486
1569673398
1569695691
2070041149
2774413846
1569752646
2786218112
1569758183
2786310420
2774366563
1570013401
1569844326
1569848731
2070044667
2676760965
1569903066
1569900236
2786244417
2786323699
2592804699
2070027414
1569674747
1569685747
1569698373
2795332244
1655680120
1738176938
1569677132
2592992819
2786487837
2594595903
2592843263
1569950131
2814512032
2786219461
1569683107
1569656900
2601049754
2600163782
2594272120
1569660227
2594577310
1569762541
1569668571
1569694794
1569666687
1569916166
1569674006
1569804937
1569747954
2592798751
2774386773
1569817073
1569730401
2808783521
1569824695
2592790040
2774419091
2593390289
1569723300
1569927243
2807061580
2774393845
2786239393
2786323816
2812565175
2812869684
1570024289
2600374244
2805478756
1569888576
1569730734
2592801163
2774344872
1569943509
2786239686
2774402940
1570010624
1569674469
2592858579
1569692995
2787818435
2593010356
2592889976
2786307291
1569944479
2807060831
2592840154
2601400534
2790493662
1570010267
2786294680
2592810625
1556335926
1655208169
2070021536
2070078764
2592822759
2786245090
1569944441
2593054717
2593035982
1569948245
2594296000
1569754475
1569734096
1569879174
1569820256
1570033283
2786290706
2774350428
1569841659
1570000434
1569947706
1569680006
2774379208
2808783002
2774484569
1569953989
1569815178
1570023151
1569899145
2592805535
1655717569
2592813065
1569699714
2787755283
1569811238
1570008768
1569669807
2592845411
2593028193
2808610479
1561220326
1569897577
1569858612
1570015690
1569713251
1570011102
1569674422
2070044879
2808988801
1569713261
2807135514
2070047038
2786231597
2792835615
1570020879
1569870320
2787721439
1569731048
2809030790
2594553795
2786322770
1569680877
2809191645
1559385169
2723635611
2810270337
2814267579
1569723286
2799408770
1569945255
2812508262
1570028765
2786326950
2788144995
2809003575
1738201062
2812579496
1569671980
2774392039
1569913228
2592853285
1569856707
1569882741
2786313899
2593019505
2592841829
1569865012
2593010990
1569803464
1569809181
2786322430
1570017290
1569913517
2786311640
2592799679
2792404325
2803453323
2786322710
2812451624
2808148881
2593031518
2592824258
2786212438
2774419110
1569878495
2800732357
2774373039
2786297719
1569713522
1569812731
2786221079
2593468365
2593098587
2807256078
1569693601
1569927634
2786219050
1570033642
2070029351
2602410065
2796434887
1738122841
1569900584
1569953648
1569756392
1569923532
1569808955
1569826221
2592802045
1570033764
2593027970
2786217214
1570017768
1559557362
1569835843
2603080457
2803393622
1569872110
1569920363
1569746604
2592800043
2787729687
2676763674
2802158475
2593037412
2809030201
1569816285
1570008218
1569879229
2592808153
2786310192
2592867095
2814051647
1569821363
1569841640
1569716868
2593001977
1569697935
2786216820
2593103074
1569711422
1570010188
2812685394
1569900603
2599985461
1569750031
2793212477
2592800498
1569672460
1556591551
1736885009
2592807352
1569715196
2592799759
1569902668
1737779819
1569817423
2601476312
1738479717
2800732381
2592788028
2790003397
1569703681
2592870055
2786242995
2786221442
2774504441
2070035934
2774373889
2774433976
2788327865
2592842401
2070016486
1569873687
1569811526
2774449569
1569870943
2786297009
2786367474
2793059888
1569718200
2774396833
2812421864
1569826236
2795302436
2809109675
2808156527
1570033720
2774446613
2801757148
1569725959
2786253538
2594254865
1569848889
1737777498
1569736560
2792849187
1569661306
2786286716
1569803918
2786307784
2795302420
2593097427
2786254667
2813157415
2787811008
2786287791
1569823919
2786314966
2603079216
2788254349
1569835029
1569913217
2592797718
2774415765
1569812172
2592967976
1569713916
2786217427
1569710315
1570016483
1662417225
1569664843
2593050753
1569804105
1569916705
2602734554
2592796966
2774360926
1569892393
2812598419
2774436261
1569859593
2592792199
2774425310
1569754672
1570019298
2593084179
2593011375
2603054080
2812832566
2592883078
1569737536
1655197234
2787809546
1570026918
1569695972
1569717899
2600235565
1569677730
1569943720
1737777191
2070038947
2593013467
1569916781
2812766784
1569816697
2800677372
1570023000
2070025849
2808150537
2774411010
1569872033
2807161976
1569869542
2791299147
1569923260
2592800822
2592816559
2774370217
2070044849
2806993042
1569687475
2812421778
1569710413
1569940455
1738198505
1569695842
1569685620
2070044245
2803458343
1569818913
2807462792
1569739874
1570007932
2592942880
1569893295
2786226111
2786325893
2593067021
1569880552
2593092035
2592799294
1569952207
2786399897
1569803870
1570033613
2786254116
2592837219
1569829286
2594086239
1569913097
2786239914
2593022877
2809109797
2774436045
2593035409
1569737236
2594056700
2070069884
2803452194
1569894520
2786314978
1569948799
1569803706
1569948299
2809030080
2592990534
2774386731
1570037459
2786317999
2789951164
2593037168
2812418286
1569832694
2593489826
1569663037
2603446543
2786336208
1569846092
2070024881
2786257125
2814186921
1569898040
2786352000
1569840896
1569694762
1655741362
2774387195
2774431878
1569729451
1569936222
1569708328
1569670640
2786219991
2592932398
2812675286
2786231641
2809001942
2592788797
1569810110
2604019313
2070022926
2774509171
1569842599
2070015765
2592993558
1569921596
1569736122
1569894582
1560632456
2592795651
1569753892
1569865128
1569838734
1569839087
1569750387
1569682705
2601421104
2593041079
2593036060
1569666621
1569941721
2593022932
1569720335
2786300973
1569951579
2808627671
1655743223
2603638749
2070019787
2809025610
2592800061
1569914908
2774454580
2786317913
2592788832
2600827773
1569695639
1569685289
2070077507
2601414677
1569754224
1569675588
1570016146
1737778605
1570028472
2786299706
1569817705
2070019245
2786312898
2787770560
1569918556
2804652664
2794802884
2070016899
2786342431
2070025553
2815050271
2594254849
2774359917
1569738445
1569674777
1569817262
2774411046
2680036470
2070046159
1569740729
2774406224
1569872180
2600157977
2812453945
1569944216
2599686383
2070026481
1569659745
2809059176
2593054752
1569680457
1569920697
2593055858
2786253681
2592811709
1569819730
1569850534
2592948984
2592797049
2070027397
1556342803
2792954587
1569910263
1558665944
1569874982
2592800140
1569826653
2774457630
2808211004
2786256908
1569676054
2592838837
2592957624
1570021073
1569942971
2774472741
1569850807
1655621152
1569868577
2592831869
2814322537
1569913618
2592796992
1570032030
2799204626
2592807464
2786300239
1569871389
2594801893
1569913957
2592796247
2774446364
1569737596
2788713797
1569889858
2592969210
1569755186
1569840130
2592840041
2786251135
2774336090
2813843916
2774343226
1569888799
2735775098
1569914854
2592795401
2786312618
2809128566
2809013892
2795193712
1569675234
1569891659
2774410548
1557777030
1569681257
2809397891
1569892012
1569946295
1569806529
2799379217
2774480891
1569864970
2793109563
2592838196
2799110994
2593035425
1569912318
2600354887
2592836820
2815094901
2800970557
1570017117
2786244882
1569803424
2808147225
2774399403
2070046391
2809185090
2786366502
1560716656
1569833262
2774426020
1570034513
2592805634
1569855598
1569811915
2600156850
1655724664
2774392957
1569829806
2592793675
2592799744
1569678412
1569906219
1570006420
1570017082
1569907295
1736894852
2592789709
2793109909
1569945502
1655688587
1569862081
2592809431
2774451626
2600485331
2793036841
2796913110
2594534463
2592794865
2807765023
2786222176
2070048875
2809434570
2070040823
2774493031
2774441918
2789788540
1569724500
2594258607
1569683555
2788177964
1569663392
2602683393
2593010384
2774440830
2786322196
2774371110
1569712291
2799492544
2592966512
2774413136
2070018199
2070044686
1569688526
1569724587
1569700197
2592861683
2801473955
2796913134
2592805423
2792781776
1569724518
2774446048
1569683772
1569709828
1569906922
1569681066
1569667363
2601427197
1569743000
2070031701
2812764972
1569919247
2788680657
2592842659
2787748934
1570037287
2808244848
2070068660
1569906205
2814138492
2787810984
1569666607
2786235164
2070048822
2774412140
1737237433
1738160107
1569759377
1569809581
1569917568
2786252944
1569681881
1570035850
2788680428
2786211081
1570014592
1570020631
2790496282
1655516355
2070072006
2070035742
2592815161
2792549959
1569904115
1569903542
2792906047
1737777555
2597705291
2774449698
2070044973
1569657947
1569704257
2809013529
2774351739
2592819802
1569900486
1569843095
1556358356
1569668028
1569889231
1569949610
1569933640
1569762426
1569803145
2593037229
1569850518
2592808889
1569949934
1569952282
1569906112
2787752524
2786242828
2592948785
1569887299
1570041305
2592976147
1569738511
2774425321
1569716898
2786288530
2807161016
2774437918
1569887484
2786297972
1569949501
1569691222
2786323059
1556829086
1569921523
2814036201
1569674600
1655214836
1570028891
2593018107
1569945630
2592829635
1569937947
2787903099
2592800270
1570017465
1569758687
2593011521
1569730375
2070046532
2592957163
2592958355
2593645853
1570007958
2806619427
1655646047
1569839311
1569685659
2786239648
1569676996
2593648651
2787991517
2593050676
1569863063
1569678859
2804957242
1569710572
1569870306
1561257376
1569842910
2774367163
2070035330
2070036011
2592981098
1570020011
2812512614
2809042518
2592796678
2774437291
1560445414
1570026831
2070021722
2774373285
1557908773
2592803893
1569809075
2593086021
2774446300
2592858607
1569820753
2807161827
2600156427
1569890246
2787739805
1570009182
2070020956
2592965038
2774441944
2774515756
2774373370
2786227305
1569807861
2592796462
1569850281
1569694323
2809302266
1569761656
1569684110
1569675066
2600484417
2774390982
2808771463
1569931224
2786223011
1569738351
2774423609
1569920594
2593994651
1569736341
1655646117
1569901455
2774376962
2592801368
1569674628
2592904883
2786284971
2774349226
2808997047
2812670751
2676758410
2791058812
2786321107
1569824232
2786276853
2786234510
1569816994
1569715597
1569876456
1735762721
2786355604
2774380156
2070022005
2799105762
2593002539
2774357437
1569838132
1569697540
2593076295
2070022297
2601430474
2786244748
2593061525
2786295504
2774504393
2795186643
1556141301
2786306853
2809015301
1569665554
2814012508
2786241728
2592865547
1569906248
2788121409
1738194124
1655515135
1570038230
2792988725
2774435566
1570020116
1569758664
2774396639
2786276564
1569947372
1570016048
1570041252
2592984124
2070067729
2070030893
2788961412
1569696832
2774389537
2592801760
2774469487
1569953479
2592795876
1569949818
1556121752
1569758649
1569921367
1569952265
2600158647
2592796081
2809144021
1570008899
2786254222
2592803941
1569678835
2592803755
2592796269
1570034269
2814144782
1569734026
2786238893
2787800708
2601678808
2812761704
1559177176
1570009965
1557818707
2774455473
2601430670
2592830144
2070054732
2070028737
1569811218
2809133883
2592956422
1569723315
2592937602
2070030309
1569751726
2592800379
2070019573
2070039989
1570027021
2786318735
1570040776
2789946922
2786272887
1569690712
1569761591
2806718825
2601487711
2594689799
2808792833
2774436777
2774336482
2810193856
2792494410
2592791557
2786317789
1569750850
2603708420
1569868563
1570006218
1569840500
1655652014
2592976175
2774525120
2786234877
2774359700
1569809233
2806617000
1569852980
1737233920
2787850658
2593052516
1570015346
1569860584
2070029821
2807082888
1569723471
1569706856
2786239053
1569756704
2593014387
2592797173
1569863576
2786324115
2795438105
1569914203
1569736624
2592789289
1569951459
2799238800
1569657104
2812598786
2795265309
2786288334
1569753085
1569864656
2774437270
2787726641
2786218655
2786331320
1569902832
2807264551
1569673743
1569832978
2786295252
1570040624
2774445502
1569897627
2774402812
2592906929
1559950702
2592794829
1569713691
2592945407
1569872619
1569683091
2592959778
1569945475
2070024956
1569934859
2593103427
1738075305
2804612639
1569692429
2812808758
2789928698
1569833440
1569821819
1570040847
2808628837
2810428386
2809138226
1569679580
1655647788
2786299382
1561406991
2786217274
1569910742
2808152046
1569928214
2801596392
2789381555
2799386810
1569919640
1570016898
2070029403
1569827994
1570010232
1737779306
1570011431
1570030654
2594317039
2592803995
1569749702
2774319750
2786322794
2809429167
2070022193
2812418306
2786318247
2786226095
2814034678
2593485105
2813222840
1569917949
2738477910
1570026563
2592797378
1556091276
2786241092
2774359158
2774457600
1569847953
1569683810
1569692020
1569920559
2070032212
2602905453
1570030104
1569872709
1569701858
2592959213
1569851336
1569829841
1569657312
1570026884
2800742682
2592971586
2786319840
1569691659
1569845828
2774373319
1569705172
1569823906
2592806814
2812685328
1569667758
1569907400
2592827089
2812473137
1569696892
1569899409
2789364520
1655745266
1569949512
1569675620
1560017016
1569693413
2592795500
1569835887
1737778980
2786240739
2774344900
1569890461
2786349086
2592853301
2807084570
1569658407
2812746216
1569927592
2812476429
1569944235
2786326902
2774373688
2794584714
2812541687
1569697551
1569683080
2812433078
2592796810
1569678516
2070071903
2593020249
2774373302
2812795541
2592815252
1655699847
2809006988
2592797295
2592882574
1569742601
2592813945
2809052881
1569953832
2070068307
1569922733
1569715337
2799387684
1570010942
2786314122
1570038622
2070050378
2802898339
1569826739
2786218883
2788153424
2600315244
2774367629
1737079871
1570014680
2592920710
1734749912
1569876981
2593643940
1569728013
1569874557
1569730807
2070030363
2592803830
1569713121
2593080954
1570013065
2809000394
1569730749
2593091101
1569856984
2774452671
1570028781
1569672808
1569841076
1569814874
2788961460
1737778891
1569904258
1569668092
2786272351
2774351343
2602566551
1737205063
1737114848
1570027738
1569710719
2788168743
2774326757
2786219537
2593087411
2593496517
1569692329
1569901034
2592821674
2786293032
2789532054
1570037302
1569812423
2593044026
2774441905
2774422141
2600156863
2603672976
2809047645
2786259751
1569879311
1569927747
1569807271
2786244402
2774373578
2774390598
1569873919
1569949068
2592960738
1569951505
1569666697
2592965478
1556602163
1569680511
2795218869
1556668097
1569870073
1569689165
1570030264
2807158716
2592853803
1569726062
1569728289
2593051726
2070039821
1569663595
2601416785
1569736213
1738153348
2786322393
1569666799
2812831871
1569918104
2593076739
1569677890
1569688310
1569657118
1737070890
2070078140
1570035440
2774392205
1569682983
2792837661
2593033180
2787811099
1569940865
1570018857
1569688284
1569754057
2792923352
1569820983
2806011994
2599701042
1655494551
2787819059
2592820169
2792840084
2592917044
1569812883
1557777284
2793172948
1569949923
1569946310
2592858229
2774422735
2786274359
1557912587
2774458631
2813075141
1557716021
1569704299
2774380929
2592914403
1569928498
1569948691
2786241945
1569693340
2774405520
2803839792
1569703735
2789363521
1569916464
2786324127
1569951323
2801544195
2070040497
2774373238
2070029562
2070020871
2592787205
2070033448
1569837671
1569827030
2774475644
2070035665
2677650796
2786312880
2592979289
2594323259
1569665568
2593095879
1569842727
2676757315
2808627712
1569873591
1569899354
2600485251
1569888918
1569826926
1570018075
1569662340
1569882304
1569850246
1569841203
2592981650
2774344885
2809044549
2594580204
1570009814
1569883803
1570016174
2786340444
1734043326
2790486982
1569662604
1569916304
2774337650
1569828383
2774395363
1569659518
2592792431
1569672432
1556480162
1569930529
1569881870
1569754073
2786297906
2774364680
2070031731
2592984028
1569672400
2070045509
2806721757
1561263926
1569716452
1569848614
2786257165
2808986397
2790530592
1655510212
1737779526
2600161196
2793298897
2593029311
2070045302
2594098849
2593042386
2786219937
2786319099
2774365055
2805489300
2774407466
2592794453
1569732937
2774336840
2786294189
1569930360
1569730045
2774505439
1569663665
2592801233
2786212079
1569681436
1569870163
2774326565
2603783870
2774401281
1569680680
1569948410
2809213856
1569847830
1569762018
2787808953
2070035019
1569660547
2592974149
1569946451
2592799906
2786284701
2786219975
2774420316
1569874211
1557023765
1569807447
2786313619
2787809435
1569692682
1569872905
2787812383
2786328028
1569665333
2592871593
2812451817
2796634024
1557064850
1569712816
2774506427
2786238621
2812569500
2774339735
2792444880
2592844164
2792432317
1569678398
2070022481
2786246941
1569836012
2592961681
1569676933
2786257325
2809144038
2592800663
2793654565
1569919066
1569816505
1569757824
2809004088
1569742813
1569808817
2808783041
2592996177
2774365783
2795302481
2774452774
2791159868
1569816725
1569915491
2597818464
1569835474
2593618290
2603416016
2592989157
2070040756
1569947448
2796438645
1569888815
1569899096
1569675435
1569850398
1569680246
2808985841
2594539403
1569662309
1569906316
2786238601
1569701150
1569738125
1569672974
2786289794
1569658774
1569934907
2786322734
2786328123
1569666102
1569930660
1569759584
2787777720
2593074031
1569732924
2678017822
2807302302
2786235136
2786243702
2786300722
1569753852
1569836342
2774429806
2592821972
2070048809
2803424869
1569836850
2814138448
1738211032
2786254352
2774410949
1569747972
2592799315
1569757113
2774447678
2793059841
2593064823
1559385239
2592803145
2813212602
1570007387
2592934059
1570015095
1569952194
1569882952
2592796940
1569703721
2786243516
2786336588
1569665491
2809049056
1569839460
1570034214
2774373117
1569748154
1569665595
1569930623
2792444493
1559623830
1570024052
1569943660
1569752695
2592795368
2592801385
1569867955
1569736722
2601446815
2812680293
2786259562
2813222304
2786291187
2592843305
2786313960
1569690881
1569930515
1559625101
1737308546
1569673899
1569703977
2592870779
2812679249
1569711298
1569723128
2786238853
2592950445
2774362883
1570038055
1570018094
2592796052
1569734215
1569849462
2809013779
1569844217
2790493592
2786221820
1569822360
2774358881
2786254892
1569902397
2593032572
1569950958
1569738253
2806011889
1570030737
1569934989
2786237119
2815126754
2774503831
2787809452
2600266102
1655636006
2814015730
2592807698
2774349417
1569947359
2786282468
1737308143
2592797140
2070018169
1556438923
1569886494
2809195326
1557818636
1569663090
2592953190
2786318749
1556188082
1569845882
2789118312
1569827962
2787799876
2592971222
2592965434
1570026865
2774373421
1570029702
2792954633
2676820692
2786234940
1570026747
1569660255
1569743375
2593089428
2774417328
1570013973
1569931239
1569838226
2795241942
2070048859
2774362623
2786328258
2812758966
1569664270
1569662395
2786319337
1569690632
1569679021
2070048093
1569662588
2592854221
2592947022
2592795565
2592794930
1569658485
1569948817
1655476706
2789670508
1570033735
2809118204
2786314098
2592805553
2809011579
2786307406
1569884122
2808995026
2592788655
2601437474
2774373860
1569680198
2592787283
1569657386
2774442022
1569920576
2683111319
1569660273
1569668527
1569703754
1569813404
1737775315
1569676905
2592811906
1560274315
1570009981
1569952241
2788132296
1569840577
2795193134
1570031598
1569706839
2801921024
1569673222
1570008737
2593759771
1556872017
1569951482
2592801638
1569803251
2593019858
2786328813
1569806979
2792913037
2790152038
2812473155
2592788596
1570017174
2793253181
2786277840
2786283109
2807765192
1570010398
1569755402
