5246079
1568576335
1468278924
510812848
1467874654
1467936701
1467883737
193808821
1467890981
1467984489
66195470
529547138
1469381553
1467884369
1467877604
1468010606
1467932954
110981745
1467883243
1467915696
1467883803
378937033
496099903
1157831129
1468285355
1468024260
1468266440
1467911171
1467871750
1468162623
1467911611
1468054135
161304261
1468163116
1467890849
411249412
1469377691
1467919787
378938223
1469347909
1468034703
3708936
1569592472
1467975826
1469391417
1468082160
1467910471
630067963
1467975702
630136731
1468165504
1467894597
154655146
1467976048
3012277
1467935311
1467877629
1468190412
1468049518
1467903511
1468244802
511321613
1468012296
672343012
636796945
1467938196
380592959
1468024250
1469362368
1468120908
1468308506
1569593751
1467899424
1469415469
2752095
1467975262
1469422011
61103881
1469387853
1468047240
1467911289
1467879552
651247073
785922314
1467894065
292802
639939342
486891108
1468011647
1468011609
1467876613
1467899053
1468288786
1468023788
1468002921
1467887879
1468277679
1467907537
2756730
1467871394
1467975900
1468200688
337020305
644220474
1467978187
1467923888
1468039577
1467975816
1467888594
1467870496
5465154
1467905391
1569575885
347135246
1467925702
1467979959
1467892254
179913543
2642238
383213448
1467975164
1467975627
1467979968
1468045664
1467875006
351278824
1469326113
1467877163
1467976152
501141808
1468707016
1468167515
1468045856
1469294107
1157831107
346903694
348277775
122587715
1468373202
54482363
690128
105970871
1468324376
1468002135
1467897007
1468310831
1467932841
359591152
1468010648
1468048408
1467920311
2647510955
1467917437
1467897467
1468285371
1467898309
191988592
6257054
124563508
