1467880967
1467892784
1467877530
1468063846
1467875846
1468375887
1468079396
278989958
1468353658
1467978336
1467899206
1469341199
194058756
1468098265
1467885566
1468098826
1467874972
1468213212
1468032369
1468232135
1467966542
1469388122
1467869473
1469334016
1467878871
1467886607
638484273
1467885235
1467868804
1468279798
122280467
1467907362
5449136
1468086936
5485376
1467917979
1467897398
1468374966
1468047458
1468045100
1467873324
1468308074
1467885927
1467875034
1467894816
1467970934
146688767
1467877057
1468356295
1468162361
1467922942
1468022055
1467917041
1569604268
787375939
1468002051
1468371122
2211264
1168968566
1467887498
1467986365
1467876067
1467904354
1467917204
503061554
1467876178
1469314627
1469262794
1468164454
1467877895
1569583482
1467876895
122926603
1467905923
1467869737
1469402817
613170513
1467887659
1467986387
1468097930
1467906730
1468015873
1467911752
1467910914
1468046813
1467908701
1467881377
1467873155
1467867255
2644087936
1468077267
1468381235
1468205472
1467892046
1468012885
1468013038
1467888318
1468043971
1468049344
1468098297
1467985050
1467910899
1467900456
1468299981
191142417
1467874207
1467896427
1468049783
1468409408
1468300173
1468300212
1468348512
94890401
1468002286
1468279846
1467918473
1469433695
1467871481
1467978293
1468370069
1468097922
1468300220
1467902407
1469319879
1467892552
1468330541
1467883157
1468047860
345948949
790253278
1468220201
1468046402
1468278855
125065571
378704738
1468313457
1467916182
1468332750
1467902576
1468019272
1467867736
1468014376
193558320
1467886730
1467899889
1467880519
1468042924
1467884734
1468305337
1468223891
122138382
138018465
1467873639
1468007040
115215861
1467932396
1569604393
1468049935
1467871497
1467873025
1468300157
1467975230
1467924024
1469334213
1468095317
1467875985
353317091
1468672135
1467886510
1468374902
1468098057
103047057
1467913386
1467976306
1468208822
1468374958
1468007711
1467913312
2604439219
1469347702
1468046632
1468034720
