1468351029
1468046730
1468122927
1467866691
1467902722
1467887441
1468050627
1468046716
1468141305
1468010840
1467918521
1468217942
1468220209
1468007824
2604439752
1468007701
1468041098
1467868118
1468373143
1468041105
1468099331
1468116051
1468351044
1468373121
1468096608
2604438717
1468046694
1467887892
1467986632
1468050008
1467917940
1468141313
1467870680
2604439664
1467885799
1468163322
1468340838
1174059463
1467872119
1468373128
1468041038
1174059419
1467872033
1468285036
1469369283
1468024822
