190967567
305267042
1467871406
1468008763
1569772068
1469360789
129319778
1468341784
1469370922
1468034711
1468012320
1469430913
60533728
1467886235
1468048928
1467885307
1469355642
2634725616
1468135122
190967556
1467871215
1468010592
1468020459
1467983276
1467922223
1467868450
1467888390
1468001961
1467910959
671553655
1468002124
2693937
2998305
1467944747
1467876560
1467910391
1467917051
121787785
1467908585
1469349149
112820110
788044382
1467920026
1468011893
1467913883
1467969511
1468368381
1467923905
170982134
1469356970
1467878188
171498803
1469335633
1467866677
377867937
1467900858
1467872984
1467879524
1467918448
176441879
1467900620
1467885079
1468218804
1468015933
1469288899
1469399184
1467871778
1468300244
1468018124
95572399
1467878225
1468018300
1467886466
1468099030
1467898131
1468010692
1469380739
1468034731
1468134444
187187929
1467882503
168116841
1467873313
1467932442
1468040079
1467879231
1467928724
1567829573
1468359558
1468039862
1468371733
1467917752
1467871468
1468017310
1467909362
1467879445
1469382710
1468045229
2661980410
1467982595
1031425153
1467916053
1468338188
1467872423
608573732
1467893136
1468160670
1467875296
1468049164
1467918943
1468174117
1468023777
1468058347
1468312604
45987930
1468159709
176174397
1467887550
1467976035
1468081077
1467975862
1467910797
98371333
1467911492
1467876496
1468260865
1467917858
299814479
1467979305
1469414215
1469432051
1467880004
1469364576
5448577
190967545
1467937279
1467975778
3005328
1467878199
1467975355
1468371833
5345506
1469368745
1090806234
166412133
1467877411
1467898083
1468300228
1468013295
1467900262
1468293590
1468223899
1467934672
1467868045
305747815
1928145
1467868090
687648
1467895044
1468047077
1467910810
1467965407
1467891611
29758512
347375715
1468410195
63169727
1467877378
4407767
1468049632
1467932827
1467910339
1468300125
3529
348882731
1467872529
1467901632
1469253737
1467919774
1469318805
1468264751
1468018671
1469415535
1468118376
1468370061
1468346523
1468044620
1469300400
1468055374
1467902587
1468428976
1469396599
1469395952
1467971022
349313739
1469292984
1467917177
661960156
1468714065
1468717808
1467975990
1468071357
629228237
107614607
1467907163
1468039807
1469286943
1467893972
651611295
1467895264
1468170932
1467890527
1467883030
1469375324
1468014159
3004004
210356694
1467877077
1468028533
154912011
2792575
1468023758
1467986477
7281120
106790437
1467919245
1467910702
1888927
5461670
1469333022
349731146
115445870
1468043984
1467975209
1467878398
1157281366
1467878835
194077374
1468346515
1468043867
679743817
1469300476
787598592
1467877141
1468324992
