1469292932
165236853
1467882380
60530393
637199775
1467896591
151743055
1469429917
1468451088
639938970
1468015586
1469347582
1467910461
1467877551
5489144
1467976024
1468011656
154891469
1467886536
1467895906
184774526
1469396875
2903019
1467975920
1467975849
1468018145
1467903975
1468045657
1569780246
1468049952
1468269770
1467903042
536238034
1468011618
1468048803
5445305
1468008821
383197859
1467896405
1468009477
1468013456
1468144615
380042430
1467975836
347542167
1168580195
1469309671
1468049228
2636590395
2702083
1468039828
1468302789
10368
348338212
377821045
1467976142
1467887798
98897360
1467878555
119899954
1467975944
52908417
1469353161
346649386
146688921
282818792
380169175
1467975737
1467897293
1469303060
1468025741
1468163131
1467875539
2900032
121555656
1467975680
166067123
1468048353
794588607
670376080
1467898557
1468030701
1467871630
2361519
1467877208
1467975242
128840573
1469336564
1468282331
1468025890
1467977475
1468267960
