1467916121
351223381
1468351029
1468270886
1468046730
1469327340
1468122927
1467866691
1467902722
1467887441
1468050627
1468046716
59937929
1468141305
1468048293
1469425213
1468010840
2767657
1467918521
1468217942
1468220209
1468007824
2604439752
1468007701
1469389128
1468041098
1467868118
1468007787
1468047422
1468373143
1468041105
1468099331
1468116051
1468351044
1468373121
1469383229
1468096608
2604438717
1469389359
1468046694
1468217034
1467887892
1467904948
1467914162
1469376573
1467865831
1467986632
1468050008
1467917940
1468141313
1467870680
1469411255
2604439664
1467885799
1468047413
1468340838
1467872119
1468163322
1468373128
1468041038
1174059463
1174059419
1467872033
1468048543
1469369283
1468285036
1567645188
1467920391
1468024822
5490989
