1467994741
1468306463
1468023720
1467868692
1468040461
1468363743
1467917156
1467876810
1467911560
1468043903
1469412359
1468303938
1468231761
1468363727
636987713
1467878601
1467876008
1468075684
1467880624
2369146
95252413
1468040421
1469300322
1467889928
1468308650
1467871275
1467872625
1467904471
1467994780
1467869144
1468044448
1467886687
1467878978
1468024573
1468308642
1468363687
1467879018
1467994873
1468046849
1467873011
1469335069
1467898626
1467994505
1468037889
1468308186
1468367588
1467866805
1468197202
1467873794
1468278816
