1468047860
1468371833
1467885927
169858730
511321613
1467884734
1168968566
1467872107
350366085
1467867176
1467907362
1467911591
29758512
1468018124
636987713
651611295
632030153
1468098826
1468213212
299814479
1467868450
1467868804
1469335633
1468013295
1468410195
1467866677
1467894816
1469402817
1467904354
1467885307
66195470
1467871275
107614607
1467887879
1467890527
1467872625
1467879231
1467910450
1467877338
1468028533
1467901893
1468308074
1469343088
1467877450
661960156
1467867736
171498803
1467910471
1468018300
1467873313
1468341784
1468353658
1468044599
1468308058
359591152
1467905923
1467920026
672343012
1467875985
486891108
1467871468
1467866648
1468118328
