1468162623
5445305
1468025890
1467879552
1467913450
1467975920
1467877163
2998305
1467936813
348277775
1467935311
1467935857
1467917752
1467883243
1467917143
1468118376
103047057
377758815
1468040259
1467899424
1467872423
1467986477
1467938196
787375939
1467935919
1467976024
1467895264
1467903511
1467975944
346903694
1468045856
378938223
54482363
1467873639
1467975755
1467897293
1467886687
1469286943
1467978187
1467871750
112820110
127203322
1568576335
630067963
1467936701
1468082160
1468244802
378937033
292802
1569772195
1467918473
1468011609
1468200688
1467917979
1467915696
1467900816
2752095
1467897467
785922314
1468015933
667044818
1469429917
690128
1469300400
651247073
1468363743
1467878871
1469347909
1467975242
61103881
1468011656
1469334213
6257054
1467932827
1467975836
1467898557
1468012296
1468023758
1468190412
1467877604
380505015
1467899590
630136731
1467890981
1467877629
1468035508
77321
1468304511
1468312604
670483424
636796945
1468037440
1468075684
1469387853
185688890
1468267960
676438865
1469294107
1467907537
1467936038
2642238
1468086936
191343811
1467932396
1467883097
1468325278
385865946
1569780246
1467895906
1468030701
381193721
194077374
1468023777
1467879018
523575329
790253278
1469396875
1467881193
1468300228
1468045664
1467909362
1468293590
1467907163
1467935894
1467935189
2900032
1468094448
1467975849
411249412
1467883803
