1468095317
1467898131
1469375324
1467913312
1468346515
1468049518
1467875296
1469347702
1468022095
1468042924
146688767
1468014159
146688921
1468300117
1467888390
1157831129
1469253737
671553655
168116841
1467978271
1467887550
1468160670
1469292984
1569793065
1467976993
1468048928
1468039828
52908417
1468374966
1468012320
2903019
1467975737
1469333022
1468300125
1467920311
1468300220
1467994873
1467886980
1468348512
687648
154655146
45987930
1468002124
121787785
1467917177
1467910702
1467868090
5485376
1467917051
1569604268
1469318805
1569604393
1468039807
1468002286
191988592
1157831107
278989958
1469288899
1468098297
1468047774
1468048803
1468081077
1467894597
5461670
1467910959
349313739
1468163116
1469381553
1468098265
10368
501141808
1468356295
190967545
161304261
1468714065
1467919787
1468099030
1467900620
1468303938
1468040461
1469380739
1468423210
1468264751
176174397
1467928724
629228237
1467975680
1467976048
1467902407
1469430913
1467975262
1467883030
1467994505
346649386
1467877141
1468451088
1469292932
1468049783
1468363727
5448577
1468001902
1569589874
1467886125
166412133
1468010606
129319778
3005328
1468370061
1467944747
1469300476
667034166
1468032369
1467894952
1467917858
1468308458
1467877411
1467986387
3004004
1467908585
5489144
383197859
194058756
1468134444
1469355642
1467966542
1569575885
377867937
1467975900
1469364576
1468282331
1468305337
1928145
1468046402
1469422011
1468018145
347542167
1468043971
1467879445
122587715
1468324992
1467983276
1469303350
1468049344
1467979305
1468047077
1467895044
1469415469
1467896427
1469368745
1467883737
1468374958
1468097930
1467878398
1467976152
1467985050
1467911611
1467894065
1467871394
1468167515
1469360789
1468278956
1468300149
1467904723
1468098057
1467910810
1468300212
98371333
1467917156
1468231761
1468040079
1469309671
1569593751
1467979959
794588607
5246079
1468010648
1468049228
1467970157
1467890812
1468040421
1467901632
1468380865
1569589690
1468288786
1467932442
1467878188
98897360
1468279846
170982134
1467969511
1467870335
110981745
1467867255
1467886235
1468313457
1469419953
1467905457
1467916053
788044382
1467882380
154912011
380592959
5465154
1468324376
1469356970
1467876008
210356694
1467886536
1468300173
1468025741
1467878225
1467971022
1468291257
1467878978
1468020459
1468046849
1467975816
166067123
1467975826
1469349149
639938970
1467917966
1469406469
1468023720
1468001961
1469312942
1469412359
1469395952
1467886730
2348510
1467923888
2792575
1468428976
1467871406
1467918943
1469399184
1468058347
1468218804
1468371733
1569583482
1468308506
1467916648
1468164454
1468299981
1467975164
1567829573
1468015873
165236853
347375715
1468314597
1469303060
128840573
1468007711
1469388122
1469415535
63169727
1467888594
1468367588
1468097914
347135246
1467899889
1469377691
1468374902
152232793
1467979968
1468048353
1467876496
1468170932
1467874888
1090806234
1467878199
1468220201
154891469
1468346523
124563508
1467896405
1168580195
1467886466
1467924024
1469335069
190967556
1468011647
1467913598
1467925702
670376080
1468055374
1467922223
1467919245
1468318208
1467881417
