1468373121
1467872033
1468024822
1467918521
1467868118
1468351029
1468270886
1467887441
2604439752
1468041105
1467872119
1468285036
1468217034
1468340838
1468096608
1468141313
1468141305
1468007824
1468217942
1468010840
1469425213
5490989
1468047422
1468122927
1468047413
1467917940
1468373143
1468220209
1469376573
1469383229
1468041098
1467904948
1468116051
1469327340
1467920391
2604439664
1468041038
1469389359
1468046694
351223381
1467887892
1174059419
2604438717
1468046730
1468048543
1467885799
1174059463
1467986632
1468050627
1468163322
1468050008
1468351044
1467866691
1467870680
1468373128
59937929
1469369283
1468099331
1468007701
1468046716
1567645188
