1467880967
1467890574
1467884369
1469364473
1467868204
1468045229
1468717808
1467870890
1467915328
1467893972
184774526
1467892254
115215861
1467876810
1467871481
1467976035
1468279798
1468332750
608573732
510812848
353317091
529547138
1467875539
337020305
1467906730
1469334016
1467886510
1467877736
1468010692
1468020371
1467885079
1468024250
1467975990
1467917663
1467902587
1467986229
1468010861
1467913386
1467898142
351278824
122138382
1467875006
1467904471
1467869473
1467889928
1467975627
125065571
1469314627
1467876294
1468672135
1467878239
1467879524
2693937
1468045100
1467975702
1468285371
1467934672
115445870
1467892784
1467975862
383213448
1468371122
1467982595
122926603
1467917204
1468002051
1467917041
1469433695
1467878790
1468008547
4407767
1467873011
1468205472
1469414215
1468368381
1467975209
1468046813
1468022055
378704738
1467905391
1467889744
1467923905
1467978336
1467882503
1468012588
1468014376
1469362368
1467919774
1468011893
1468013038
1468278855
1467976306
1468008763
1468063846
2661980410
1467896799
1467874654
1468043903
1468165504
1467900456
1467870508
1469262794
1468164446
191142417
1467881377
176441879
613170513
503061554
1467913883
1467897398
1467883851
1467887659
1467909349
1467868131
1467937279
1469319879
1467880519
1468308650
1467888318
1468034703
1467900207
1468043984
1467932954
1469370922
193558320
1469432051
1467910797
122280467
1468019889
1467885732
1468047458
1468046822
1468260865
1031425153
1467899206
1468135122
95572399
1467897007
1468050067
1467874972
1467911492
1467965407
172732233
1467874207
1468047240
94890401
1467932613
1467910899
2647510955
1468071357
2644087936
1469351167
1467868718
1888927
3708936
1467871797
1467911560
345948949
1468034711
305747815
1467910914
1467967445
1468010592
1467870496
1467886607
1469300322
106790437
1468208822
1467910339
1467986174
1467876067
60533728
1467898309
1468162361
1468097922
1467892046
1468308642
193808821
2211264
1467900858
187187929
1467984489
2369146
1468012885
1468011372
1468034720
1469396599
1467975778
1467878601
1468017310
1467922942
1468117328
787598592
1467876560
1468018671
1468302789
7281120
1157281366
138018465
1467970934
1469382710
622050361
1467887798
1467873155
1468024260
1468197202
638484273
1468338188
1468330541
1467910391
1467869144
1467873794
1468306463
496099903
1468308114
324314116
1467872196
349731146
1467871215
1467883157
1468079396
1467873324
1468370069
2634725616
5345506
1467868692
1468024573
1467975230
1467932841
1467908701
1467902576
1468285355
