1467980943
2996775
1468015586
1468163131
1467878555
1468023788
1468008821
1468277679
1467898083
1468039862
2636590395
1469336564
1467903975
6117764
348338212
1468009477
637199775
1468373202
380169175
1467980818
1467899053
1467903042
166605299
536238034
1468022021
1467877551
1469401878
1468283215
1467900262
1468049214
121555656
1467980933
644220474
2361519
1468011618
1468039577
1468278924
1569772150
1468310831
1467977475
1468707016
98905473
1102620528
1468285530
1468054135
1468044620
685579
60530393
1468045657
1468223891
2604439219
2702083
1467910461
377821045
282818792
1468046806
