1569889612
1570039465
1569812172
1569912342
1569677890
1569661243
2593623380
1569807554
1569906290
2070036011
2786221454
2603417840
2592953205
1569871993
1569812813
2813221096
2601053342
2600266267
2593050753
1569836832
2786314050
2812979931
2801476019
1569701858
2592801163
1569746813
1655214727
2070032156
1569666567
1569835474
2070039112
1569877288
2592838234
1569852059
1569947706
1560284220
1570016483
2600150294
2786295252
2592960686
1570028318
1557840616
1569936262
1569709828
2786294189
2592854596
1569889858
1569813897
2787822765
2070077507
1569669079
2786352000
1569671266
2070028572
2793274293
1570041305
1737775593
2592943287
1736441928
1569664344
1569662588
1569681038
2774393845
1569754567
2786321095
1569878495
2592798199
2594595903
2600369771
1556972831
2786295381
1569736296
2593073769
1569715337
1569828567
2774338421
2592801511
1569868563
2813201979
1569754224
2786236071
2786235644
2592805284
2592794829
2786243465
2593094570
2786261686
2592789372
2815037481
2592810179
2774410563
2786261616
2774419110
2774485662
2812575718
2792840084
2787919240
2592803625
1569678835
1569939397
2592806797
2812804470
1570000243
1569940616
2808467052
1569841811
2774394638
2757874445
1569727472
2812685371
1569930097
1569865277
1569846938
1569879174
2592845608
1569708759
2786253997
2592798237
1569678141
2594553848
1569671980
1569920750
2792877815
2774394012
1569900550
2592792199
1569680457
2786319099
2592895428
2593050953
1569943565
1569906757
1569848250
2813652883
2070054961
2593055026
1569676933
1569725878
2070037829
2792849187
1569942830
2774462418
2792988725
2676980565
1569890788
2070048727
1570017878
1569940302
2774520324
1569678993
2799218908
2594539403
1569823919
2786321420
2807690018
1569944235
1569916705
1569694711
2774336575
1569727616
1738207638
2806021838
2600231312
1734043342
2592796247
2774409356
2070067729
2593001977
1569667728
1569828475
2808260992
2786326914
2070071876
2592799105
1569715862
1570037931
1569658578
2592868518
2592990494
2787777995
2592799485
2806993076
2807125511
2786282409
2809012693
1569687556
1569673503
1569679667
2592802981
2789381555
1569949267
2592787594
2682216835
2774446924
2681081432
2774358881
2774435566
2593091101
1570008577
2792874857
2593080017
2774344559
1570022932
1569803158
2790530320
2774423785
1655555500
1570010942
1569672618
2809195362
2808148881
2812512614
1569737536
1569666635
2592808793
2809133883
1569726787
2786307406
1569817262
2592843282
2774408232
2812541687
2795438702
2774385978
1570015889
1570019765
2786291175
2592799744
2786246210
2809006041
1569717313
1569655959
1569694834
2786319868
2792690746
2786296344
1569914203
1569754073
2070026178
1569857660
1569885756
2786322710
2594580204
1569676315
1569822102
1569869495
1655387142
1570029299
1569676725
1569879478
2592821750
1569847211
2774441931
2600297097
2593009940
2807256131
2594253596
1569741922
1569836850
2600212779
2786249741
1569943509
1569695972
1569755186
2795580162
1569662480
2592959161
2070046311
2792598297
1569657039
2774344807
1569848290
1569883005
1569754672
2786307992
2774343226
1655671256
2070015765
2592824228
2774371110
2786273474
2787762736
1569906922
2809019989
1570011363
2786222995
2803393622
1569676140
2593026086
2786273193
2786251189
2593044007
2808772127
2786216795
1569749416
2592862906
2680348261
1569753969
2809152336
2678606012
2594268003
2786274317
1570020879
1737205063
2786313887
2601421304
2592807394
2592799294
1569873802
2592788690
2593037168
1570028367
1570009965
2795206168
1569832694
1569852093
2815094874
2792931720
2799379217
1569678412
1570006746
2812451624
1569665184
2592985367
2786217262
2592794398
2070074454
1569811238
2592859983
1569823632
2592810081
1569832333
2786273685
1569827702
1569659154
1569718994
2070028737
2809048609
1569684084
1569687400
1569890661
2788153221
2774332281
1569755052
1569949573
1655540109
1569919499
2592797354
2786312618
2593033540
2592959387
1569663233
2592799423
2789118312
2774426426
2786218564
2786290706
2070046712
1569815296
1560436095
1569900584
1569663595
2786321119
1569923470
2070045302
2786290822
2592799799
2602410065
1570028555
1569938504
2809213723
2812598419
1569665265
1570028781
1569704382
1569727896
2813609252
2799174144
2600156278
1569715253
2601437474
2774443741
2592796992
1569686614
1569887150
2594382884
2786313593
1569929182
2803424869
2774417328
2809004688
1569838340
1569812526
2810193856
1569722481
1569849321
1570015331
1569752374
1569738125
2592800270
2070015780
1569849274
1570037862
1570016084
2809034873
2786248272
1570015471
1569857676
1569870385
2774349529
1557367349
2793274488
2593061509
2592813190
2070035231
1556121752
1570015228
2592800140
2592797861
2787718256
1569952207
1654843425
2800022717
1569835859
2799091721
1569888860
2786322442
1570032407
1569930489
2774430205
1569838245
1569942690
2808847221
2600158438
2592828020
2812473299
1569704270
2593032554
2677973095
2603638749
2592794490
2786237119
1570028910
2812761542
1569917684
1569802657
1569738311
2788123870
1569696920
2793622231
1569850650
2808243642
2774406237
1569917962
2774436777
1569943835
2592805910
2790149056
2774331441
2796434887
1569703735
1738182178
1569669772
1569946280
1569914813
2786272055
1570010252
1569944619
2786214908
2786331602
2799316214
1570030003
1569950830
2592853803
1569679611
1569674331
2774401572
1569863039
2786300973
2592966045
1736943032
2786329304
1569683523
1570016392
2592981879
2593058408
2070019573
2774501836
2600213716
1569947269
1570016577
2592981650
2592796753
2070055196
2814036115
2774423762
1570017768
2592803545
1569751685
1569843537
1569689076
1569660624
2070044897
2774359293
1569920314
2600235633
2787809171
2603037428
2593091885
1569941076
1569757690
2774502044
2593050690
1655514954
1569657455
2786251103
1655568157
2592793778
2592836468
1569716921
1569850156
1569819235
1569687765
2786277467
2785665014
2786443017
1569863063
2812541461
2786224981
2786325907
1569953729
1570012475
1569666785
1737779666
1569730415
2808991222
2786253681
2787720049
1569757643
2592796146
2808148899
1559648117
1569940112
2786334204
2786217274
1569696846
2799057813
1569687810
2786239793
1569671235
1569933888
2592831130
1570012766
1569757018
1569727640
2793171834
1737779113
1569662604
1557818707
2787992058
2803458343
2592796416
2070022664
1569870306
2592792063
2601511481
2774452530
2787919483
1570007327
1569815781
2592994990
1569880829
2774339582
1569731821
2592795206
2592830983
1569838912
1569660890
1569712991
1569815157
1569658595
2786221871
1569948426
1569672808
2786329292
1569949068
2592813963
2774480607
2593035395
2786286389
2805488119
1556845152
1569753446
1569882447
1569668571
1569849654
1569756990
1569740345
2774508059
1570016562
1557062154
1569830069
2786275016
1569663247
2070046781
2592842659
2592787440
1569921173
2592968473
2774523525
2786274989
2774389265
1569660833
2774326734
1569903974
2786284995
2592837009
2593354160
1569865176
1569705577
1736864123
1569915605
1556187993
2814015730
2070055007
2592796269
2601678808
1569660255
2774424676
1655370133
2774331599
1569944368
2593088970
1569675466
2592895473
2070030793
1558553530
2593020249
2808995939
1569703721
1569945390
1569831405
2786221418
2594274535
1569819730
1738198505
1569737251
1569761591
1569745599
1559852508
1736896130
1557906023
2592964636
2814139482
1569827962
1569713261
2592797718
1736882932
2592795080
1569713506
1561226239
1569879229
1569953328
1561263926
1569911086
1569874810
2774362623
2786235229
2808147243
1569688104
2774520341
2070018264
1569945338
1569842599
1569923220
1569665027
2774345204
2786348688
1557284521
2807689967
2814512055
2593994947
2070021941
1569945720
1569910781
2787772181
2786222284
1569841134
2800645495
2592977894
2786223011
1570017782
1569670022
2592847915
2791111467
2786219105
2786271750
2793009766
1569709789
1569900236
2792923770
1569835354
1569716113
2786220392
2676758410
2601414396
1569686521
1569818718
1569689380
1570038070
1569803251
2593060207
2789718746
1738480150
1570012117
1569713691
2593022617
1570009636
2774387075
1569814197
1569919640
2592855523
2594553795
2592840017
2592813892
1569886601
1570010433
2774349845
2592849096
1570013016
1570038965
2786238993
2592858170
2592800079
2805478756
1569922733
2592871086
2791058874
1569833464
1569762037
1569847973
2786285292
1569675189
2812810823
2592858229
2593050437
1557837245
2592799623
1569723300
1737777396
2774472741
2070024881
1569915891
1569821363
2774382447
1569910574
2774386673
2786246719
2774509591
2786239888
1569803660
2793298943
2787777792
2786237768
2592857960
1569918823
1569922667
1569892567
1569853749
2809021520
2808991240
1737213387
1557326718
1569675262
1569738291
2070031954
1569897244
1569734368
2592817203
1570008876
1569742587
1569734096
1569929790
2592859892
2592792865
2603129375
2801762160
2786327016
2601402755
2786353827
2801768721
2774503462
2786244882
1569658485
2809434552
2786219036
1569848959
1569888627
1569851356
2600419907
2593095879
1569804001
1569715570
2774422735
1569875561
1569930476
1570019312
2812922884
1569897627
2592882561
2592799605
1556899426
2594463664
1569710572
2592838332
1569876028
1569743489
2774425239
2786255783
2786306991
2774333341
1569916770
2592827414
1569917582
2786286398
1569730004
2808771463
2070045538
1655515135
1560690527
2774426413
2592810965
2795302420
2786221442
2788168743
2600154668
1569893913
1569839006
2786336588
1569823811
1738187572
1569663911
1569730045
2807158734
1738101226
2592869679
1569887166
2600159394
2592830144
2792954956
1569947372
2790493277
2774352082
1560466042
2593390289
2774344872
2813222304
2788714192
2070024149
1569879329
2683041528
1569743105
1556668371
2774434603
1569678398
2070016644
2593095498
2070045138
1737194323
1570026938
1569915034
2809030844
2592837219
1569814176
1569948817
2592838196
1569927286
2593060199
2592790760
1569762088
2592803528
1560562053
2799094400
1559385169
1556668097
1569857542
2070021698
1569689165
1569867955
2593035941
2795238394
2786313162
1569714150
2786281145
2070031903
2592799157
1569918394
2787809452
1569850281
1569736752
2809020559
2787822643
2592834881
2738477910
2593064413
2786275193
2793274523
1569932384
2592795651
2774411046
2592791574
2787777853
2788713914
2592820784
1569746604
1569665333
1569688118
1569680689
2070047750
2592860125
2592868148
2774357572
2592839531
2601420594
2592993693
1569752646
1569695479
2814232194
2786238621
2774349226
1569704257
2070038200
1569666417
2070045823
1569897029
2592810116
2600256556
1655214873
2774373688
1570037945
2592886189
1569850600
1569872033
1570017562
2786323853
2592966512
1569685423
2592986304
1655617014
2593110863
1569881604
2593062754
2786257325
1569917243
1737779719
2070022193
1569897086
1556186189
1569724444
2592793200
2774380156
2806721757
2774450864
1569821819
1569830316
1569687283
2807515341
1569835609
2808777076
2786319113
1569906176
1569934707
2787726641
2594577310
1569803424
2070016088
2592792775
1569883608
2793165032
1569910689
1570024004
2774507836
2592856458
1738176938
1569870874
1569827030
2593034225
2808840110
1569756937
2592836743
2070035019
2592798595
2592848211
1569814506
2793009743
2786284701
2812766784
2790090564
2812473155
2592802996
2809042658
2791159822
1569660103
1569762018
1569665509
1569709360
2592811890
2786215548
2786237966
1569912668
2774405336
2593005684
1569932259
2774504408
2601487711
2786217427
2788123848
1569716379
2786356073
2774341074
2807124829
1569729468
2593076295
2774440849
2786435568
2786390673
2774316959
2774422720
1655646117
2812750907
1569852075
2592792492
2070046590
2786299808
1569948799
2603291214
1556347528
1569684452
2786322529
2786323829
2774372355
1737775789
2600485331
2070054426
2807256078
2594405771
2801596392
2592800350
1569852782
1570007402
1570020631
2792923748
1569806024
2592804699
2676820692
2774359700
1569835432
1558684115
1569825802
2786308447
1570031598
2786324001
1569845204
1569839087
1569847747
1569906072
1569820040
1569673731
1569858960
1570033417
1738183995
1569687950
1560716656
2592889727
1569921410
1569673824
2786305357
2786215029
1655476706
1569944441
1569753231
1569816167
1569733046
1569711649
2786219951
1556591551
1569741037
1569836181
2809013892
2593085467
2593055916
2592828170
2806869976
2809302266
1569941362
1570014537
2677391063
1569918405
2593022857
2592799012
1569689550
2070068307
2774471308
2593011423
2774410921
1569679496
1569670980
1570009369
2774373039
1569743766
2774419595
1570018057
1737007017
2774451550
2070035742
2786331479
2592863509
1569704395
2786300703
2592838539
1569889463
1570016346
2070047025
2774373302
1569745409
1559282991
2774486367
2592985411
2593099818
2786235982
1570026953
1569897505
1569921596
1569834182
2774380929
1569948599
1569893947
2592843491
2774391799
1569839393
1569662324
1569709955
2593044026
2070026481
2592838215
1570016515
2774394827
1569950172
2804653116
1569713121
1569804851
2787759906
2812544466
2788011256
1569932541
1655208169
2801596113
2592908819
2786307784
1569803549
2807764367
1569938344
2809011445
2774422703
2681906584
1569852545
1569949723
1569674102
2593028943
1569915706
2809028859
2774443298
1569695766
2592872495
1569756590
2593027970
1569742256
1569671341
2070017257
2774344436
2793042070
2070031967
2786322734
1569706856
1569919420
1569735086
1569927770
2594273759
2774387195
2786231844
2592861683
1569829273
1569882187
2592801638
2600480648
2774338708
2786241214
1737202870
1569664697
2677650796
1559599712
1569839311
2774337948
2592959417
1569713251
1569714124
1570009849
1570027307
2774328177
1569755743
2786230447
1570001080
2600235565
1570015381
1569900678
2786214737
1569752532
2787721594
2070030039
1569841203
1570031318
2774440830
2787818414
2592814750
2592852420
2592793795
1738479717
1570019120
1569730669
2592820250
1569870401
2792835615
2786221079
2807523228
2786284634
1561406991
1569913025
1569904258
2592789726
1570015136
2592977987
2603080457
2070037067
1569837113
2592792690
2786226079
2786323516
1569695842
1569951278
1569850264
2592882589
2786327997
1569804751
1569738511
2593082172
1570009311
1569906276
2593077990
1569670415
1569678593
2070071918
1569913127
1569657386
1569834305
1569674132
2786261340
2592863948
2786235705
2592812682
2601600867
1569953989
2592830563
2592858342
1570030891
2786310396
1570025137
1736865935
2789542687
2592959434
1569723186
1570040912
1569902507
2786358947
2592978607
2592796035
2786325064
2592808571
1570038674
1569939787
1569907580
1569674628
2798999680
1737777790
2070070591
2793109909
1559509860
2792867381
1569666250
2792549771
1569679424
2677438497
2774359917
2593651059
2805513700
2786232954
2808148730
1570023298
1569674317
2592836454
2592862345
2774403462
1569949525
2600244398
1557838265
2592814172
1569868326
1569673284
1569824559
1570010781
2593032608
2774441834
1569667037
1736857304
2070068660
1569663925
2802158475
2786211458
1569730749
2812505199
1569836539
1569692694
2594488291
2786211412
2787727867
2774373117
1569759622
1556539544
2592801353
2592856560
2774499931
1569755784
2807060831
1569803102
1569871094
2807765023
2600502055
2809118204
1569950188
2812529559
2774426439
2809055046
2592788960
2786218668
1569661044
2592868910
2793163322
1569835177
1569747954
1570041438
2792549959
2774359272
1569890322
2813157415
1556100415
1569904379
1569717923
2592813533
2807252040
1655745266
1569660877
1569846835
1569892749
2592808250
1569865012
2774443842
1569749011
2800024133
2070043648
1569951679
2812790157
1655117487
2593022289
2807161016
2786215602
1559732252
1556602163
1569948327
2592796494
2592800930
1569744257
1569949501
2789362048
2786212347
2807135400
1569951436
2592813623
2786323264
1569922843
2774425321
1569715770
2786321083
1569876368
1569830421
2774516108
2812831871
2592836440
1569661659
1570014950
1569740251
1570034214
2594317039
2786218112
1655673180
2786285753
1569728289
2774422454
2594523148
1569679993
2774396906
2812565754
2592839974
2799410029
2808982921
2774475968
1569804105
1569715816
2601414677
2070039821
2786260521
1569816594
2593037357
1569680546
2592863107
2594350871
1569676943
2806870045
2070048606
2593019973
2808783060
2786310513
1570016861
2601470850
2786263290
1570015763
2774462858
2593028857
2812418286
2786340076
1569753221
2786313193
1570011691
1557283934
1569674858
1570000842
1570028861
2592789581
2774345830
2070045446
1569838089
2592810834
1569885122
1569864656
1569861267
1569912318
1569758850
1569822606
2786328123
1569716418
2603781433
1737776734
1570010456
2774462588
1737779147
2592869338
1569666731
1569832546
2786275151
2809011579
1569841761
1569852138
1569813421
2801871739
1569808906
1570007932
2807128567
1569947448
2774446048
2793036469
1569674006
1569839902
1569738351
1569755918
2601402985
1569944325
2592803287
2070044542
2786231917
1570033735
2070030309
1569902078
2792913037
1569945666
2592854083
1569944182
2788123901
2592836958
2593058325
2592799692
2812761704
1569892346
2774525017
1570017990
2799002557
2774386839
1556829086
2787732532
1557840014
1569947286
2786327876
2796913110
1569949080
1569662395
2789361889
2786221572
1569805742
2070030893
2774506051
2592817110
1569693802
1569675480
2774442691
2774499916
2593010516
1569919247
2792849286
1569874773
1569761820
1569919066
1569916982
1570028543
1569902703
2070048093
2799534150
2592805423
2774504441
1556589617
1569900701
2592812553
1569953354
1569854349
1556083516
2601406233
1570011276
2600518824
2774445476
2592892050
2785385438
2774475505
2799105762
1569917790
1559149106
2793212477
2786243702
2070027414
1569758977
1569659627
1556814553
2774505469
2592994116
2774388512
2788411554
1569724406
2600420654
1570018750
1569911044
1570009182
1569947324
1569710596
2593517336
1569911395
1556393152
2774337515
2592933942
2798963659
2788287282
1569661568
2601471636
1738200286
1569914750
2812478895
1559223522
1570024081
1569671687
2593759771
2786255960
1569755931
2786223322
1655516355
2812608715
2809302724
2786218192
1569950795
2774475644
2070043515
1569939624
1569715428
2786254596
2813075283
2812565175
2813057075
2787799496
2809056695
1569871336
1570028704
2774350626
2786328693
2592956422
2774392239
2806618773
2786321133
2790486982
2592994391
2786281439
2774406211
2786341866
1569731445
1569947723
2787726569
2793059841
1569827382
2594317125
2786221820
2592795316
2070022481
2809140172
2593054752
2808788179
1569757000
2070037724
1569726778
1569852636
2592864983
1570010188
2787762839
1569889915
2594085360
1569660533
2592791056
1569835994
1569668425
2592807698
2813284792
1569727736
2592798155
2774441821
1569675421
2786255152
1570040663
1570040624
2774373171
2786219537
2814511974
2600238809
2787721940
1569720491
2592806913
2676971639
1570028891
2593060582
2598552058
2808991180
1570006984
2600296209
1570000272
1569885664
1569936338
2786313972
1569822337
1569659518
2593013974
1569902397
1570011413
1569701554
1569893295
1569818781
2593076145
2793248906
1569891409
2788959673
2592799567
1569913078
1569749794
1569682509
1569946912
1655567862
2786253810
2786349550
1570016591
1569698373
2592984262
1569660496
1556309712
2786256543
2592789709
1569805885
2592836933
2774388865
1569938365
2786293032
2592820169
1569905978
1655743223
2794802928
1570017082
2814374426
1569832561
1569753085
2807158716
2774386513
1569806900
1569843892
2786261628
1569754475
2593028193
1569837555
1569803958
1569894460
2786243516
1569679021
2774316978
1569840708
1569743530
1569724325
1569699005
2070045509
1569826653
1569807481
1569842007
1569940093
2070038786
2790148961
2774329996
1569826326
1569945364
1570030654
2786219923
2592799679
2774337316
2593087891
1569674194
2807804423
2774349944
1734001541
1569927061
1655453481
1569804076
2790493210
2786322935
2806021971
2786321202
1569852849
2786242828
2809134690
2786279247
1569816697
1570009279
1569715487
1569699903
1569846428
1569881870
2808995026
2774509760
2786242995
1569902553
2592838251
1570018094
2592798181
1569736334
2592809431
1569820738
2592799056
1569803396
1569836578
2593052036
1569688707
1569810730
2592834860
1569951605
2788481471
2592794381
2786251135
1569705151
1570013401
2787991493
2774402263
2786241945
1569897609
2600164313
2592791869
1569670403
1569659952
2812673033
1557716021
2813717361
2786299577
1570006201
2807282994
2592807801
1569848731
2774406224
2789178939
2796634071
1570014667
1570017845
2592806338
1569688268
2593050832
2594294844
1569864241
1570028875
2774396795
2774357412
1569846339
2801699197
1560017016
1569668308
1569836814
2807216834
1570035902
2774422555
2592959213
1569944638
1569911460
1569919300
2786220324
2808611571
2592790109
1569842540
2786241202
2070070261
2794584714
2603310344
2795307686
1569670907
2809071151
1736885009
2788713942
2813222970
2592963062
2808811547
2807162309
2794825649
1569807949
1569674886
2807152470
1569836342
1569732971
2593037229
1569951089
2786235584
1569665680
2812433078
1569945475
2774413250
2592875439
2786220170
2070016279
1557364456
2807765042
2774423609
1569668378
2592802896
2796436016
2786316568
2592817827
1569757350
2070043056
1569943400
1570014933
1570011540
1569755312
2786328075
1737778471
1569818541
2786315924
1569916464
2812541669
2070018186
1655456113
1569919435
1559557362
1569659603
1556386811
1569822376
2603783870
2774500320
2799189590
1738160107
1569946061
1569871308
2809307074
2786221888
1569673167
2795188410
1569857757
2808792833
1569742651
1570020688
2592800950
2788153370
1569664075
2774441905
2788680797
1569840156
2809001493
1569743752
1570012010
1569757404
2788680657
2786317789
1569820961
2809478722
2786239686
1569669472
1569673059
1569935759
1569727627
1569685350
1569839828
2592973708
2786336321
2787809114
2788049356
1569667482
2070044686
1569663665
2593092035
1569717912
1569906782
1556117355
1569727590
1569921443
2787991517
1569829841
1569841347
1569658564
1569749462
1569940131
2774407018
1569912237
1569906205
1569848395
2808207109
2786253538
2593031518
2592806633
1556335926
1569657811
1569906523
2070026225
1569694501
2788130960
2592797295
1569882600
1569848135
1569941093
2601509162
1556188082
1570016174
1569668919
1569750159
2592977715
2592821857
1569850398
1569906409
2070040756
2786216727
2593010384
1569680364
1569902819
1569848518
1569741067
1569753878
1570009296
2593034683
1569946310
2592980229
2786319323
2786214719
2593468365
1569828427
2592981044
1569753161
1569688484
1556335588
2786218146
1569677199
1569753638
2808990289
2592805443
1569749385
1570008737
2786312994
2786295271
2786218859
2809003968
2592835952
2786274426
2070046532
2774516851
1569943705
2592789123
2592807881
1655510212
2804629085
2592971222
2786331320
1569926917
1569836947
1557065664
2786281417
2809001453
1569673767
2808434097
2070031832
2807525726
2813738599
1569948133
2812477513
2592865557
2594281465
1569674777
2812758966
1569838986
2592843347
2592798369
1569905808
1569858034
1569812731
2809003060
2592800910
1569933784
2786313249
2592788028
2792954633
2592811958
1570037792
1559287111
2786297009
1570021105
2791058890
2801856890
1569852123
1570029519
1570024289
1569723517
1569862805
2593086273
1569747972
2774443512
2809038520
2592816559
1569885486
1569674422
2592841232
2809002260
1569949818
2786310781
1569947359
2070048809
2807152017
2592934183
1569923349
2774433976
1569805141
2592975032
2593179983
2592969210
1738210938
1569752695
2592792015
2786212904
1569891636
1569857061
2786220312
2592825184
2774328132
2786241765
2592797435
2774428126
2774443579
2774400006
1569677118
1570018857
1569818866
2774391611
2786292942
1569740803
2593033311
1569686071
1570015672
2774389983
2774359683
1570015812
2070021722
2592844164
1570000434
1556238199
1569712483
2786300338
1569816244
1737106776
2593027954
1570028255
1569824232
1569937629
1569666222
2786251151
2713614475
1569824695
2786324127
2788680428
2592815417
1569673255
1569938878
2786260691
1736443296
2812453945
1569802672
2786272327
1569723678
2594195411
2070016670
2796435065
1570027788
2592806384
2600157977
2592838289
2806720047
1569706817
1570022120
2070020148
2592792928
2799204626
1569680168
1569687673
2786294680
2774505192
2592811313
1737779099
2070044731
1559527671
1569666811
2814036092
2592800122
2786309318
2793544295
2787763186
1560563275
2786211081
1569725991
2774350428
2592803196
1569761656
1569670484
2774360926
1569910412
2593097427
1569943264
1570031739
1570029786
1570010398
2801626134
1569837671
2801015544
2786284581
1569843095
1655518752
1569815703
2592954172
2592826224
2786231641
2592790341
1569682394
2592800379
2592825335
2797122404
1569666697
1569931224
1556084648
2592836820
1569884300
2774366563
2601516953
1569681543
2723635611
2788959751
2594553339
2592811345
1569741050
2808211004
2774441983
2799238800
2592795436
1569722346
1569947044
2774373438
2774439064
1737233920
2070067714
2592804939
1570029102
1569839070
2787818890
1569948410
1569899973
1569930360
1569851794
2792866531
1569872066
1569678859
2592796016
2070044849
1569921576
2592917044
2594454947
2592803097
2592812876
1569927208
1569926987
2774342852
2786234940
1569685263
2809195326
1559625101
2774515756
1569903987
2807135324
2792897832
2786287202
2593094379
2070035585
2592792431
2793172971
1558859047
2774328562
2787808178
2786365913
1569817530
2592799759
1569853666
2803432807
1570024400
1569918556
1569871619
2786225092
1569839844
1558491880
2592840894
1737079871
2786238953
2800970557
2786348600
2594553936
2600259125
2593049086
1570033283
1569841659
1569735683
2592838556
2592813945
1569659851
1570030029
2774500537
1570006218
2593101640
2601483647
2793253257
2592994431
1569857473
1569840577
1569655907
2592796715
1569708316
2786220840
2758082343
1569893246
1655501589
1569844326
2814149233
2601446815
1655710461
2070046159
2592826079
1570012620
2786323075
2774402095
2592801050
1569922493
2794546564
2600354887
1569658227
2592963669
1569802746
1569655987
2592796511
2787771436
2592791707
1569808442
2786313851
2808148684
1569813404
1569938589
2070054950
2786296147
1569732911
1736857569
1569670952
2788659571
1569949040
2601470896
1655214799
1569667742
1569715966
2786216832
1569715269
1569813132
1569913097
2786307937
1569822954
2070033511
2786295416
2774354109
2787770560
1569848889
2793042047
2798965147
1569948299
1569938396
1569753892
1561676449
1570010824
1569820917
2774343488
1569850534
2592853411
2774345951
1569917949
1557798807
2786324954
1569698131
2592790242
2592890418
2592969164
2592800702
2070029776
1569900621
1738137270
2787992575
2801572877
2808211021
2070069443
2774440258
1569840479
2070023141
1569666191
2786211908
2786282445
2592812979
1569667772
2774360332
2786238933
2593683403
2592803995
1570018564
2593645853
2070022427
1569754661
2592791687
1569737236
1569803145
2600162216
2786254667
2592860241
1569661542
2774342547
2808804467
1569952349
1556342803
1570008916
1570018676
2676757315
1569856984
2594254849
2070017878
2600273070
1570012197
2592795704
2790493662
2592805646
2592812756
1570041152
1569662218
2792818588
1569952265
2070029760
2592819313
2592945959
2594277868
2812831822
1569906606
1655636006
1569711450
2774337650
2593069818
2787724210
1569755905
2592961681
2774378447
2786234412
2792851670
2593018107
2812579458
2592813841
1570011431
2774449569
1569666579
2070024956
1569833362
2806627093
1569889956
2592802155
2601430063
2786240200
1569839751
1570028216
2594056700
2794825932
2592799638
1569943109
2592901500
1569739220
1570016278
1569945403
1569946677
2786328905
2592798938
2592824258
2593013938
2774340561
1569942908
1569859593
1569678981
1569738253
2593091655
2594430213
2592814978
2592795876
1569723559
1561257006
2592955997
2774402612
1569821245
2786241238
2593064489
2592795401
2774431931
2592795500
2814059784
1569946865
2070044760
1569664121
1569837432
1569675914
1569742813
2794573646
1569922526
1569711298
1569726499
2795337709
2593995497
1569756378
2774390598
1569750998
1570015346
2592819164
2774469487
1569839969
1569760627
2786315912
1569696367
2593648651
1569817235
2593087123
1569953946
1569932823
2774422603
2812680936
2790929568
2813781402
2806011994
2774390999
2594093366
1569875477
1569662340
2593027699
2799049951
1557064850
1569879186
2812869121
2070015735
2774326565
2788287304
1569858785
1569667376
2815094925
2812477553
2786302264
1737205163
2774451974
2738446649
2774359177
1662418041
2595013514
1569692682
2786236089
2774443125
2789364520
1569737921
2592802663
2592827089
1569870453
2803839792
2593041556
2809027016
1570015312
2592828406
2592792793
2793238066
1570014907
2592914403
2774424901
1570006122
2593031217
1556244252
2592831869
1569679952
2795224357
1558481778
2786212299
1569678155
1569894929
2806021366
2788132296
2592804995
1569671819
2786240952
1569688322
1570010624
2786218871
2809000311
2814239228
1569720372
1569727000
2812569541
2600257439
2786221030
2592803017
2774359230
2809019282
1569816487
2680036470
2592788655
1569946080
2774452774
1569747019
2807154283
1569812190
2592996055
2592968665
2593994651
2592976175
1569916195
1569904803
2786239941
1569740987
1737777337
1569912396
2808150424
2786223469
2786240701
2593037213
2592851741
1569943316
2789692626
2786317913
2592942880
1569865128
2774452671
2592800477
2774444795
1570027211
2593666048
2593080954
2786217337
1570027830
2592805013
2807161976
1570008218
1570009829
1556826683
2600158610
1569658946
1569672053
2774443501
2592990722
2592805812
1655680396
1738198537
1570037903
2786321310
2786219147
2809052881
2774341312
1569675161
1569847392
2592965417
1569831806
2793084575
2593086974
2807084587
1569668132
2738478176
2774336090
2774510532
1569947919
1570027278
1569680264
1569662309
1556430265
1569692995
2788129738
2793388098
2774376389
1569841084
1570041252
2774504393
1569871418
1569805114
1569872020
2594296000
1569677628
1570012063
2592922664
2592937663
1569865209
1569892763
1569848055
1556122598
1569710706
2786222237
1569717292
1569844960
1569871403
1569672245
2786295015
2070053603
1737777249
2070047275
2786255324
2070078140
2809587268
2774420705
1569910525
2592807464
1569760875
1569686840
2787818435
2070035635
2786272351
1569861137
2786358865
1569843202
2592831000
2786213722
2676665399
1569750101
2599701042
1569758649
1569864970
2774379208
2786311640
2592983744
2786259765
2787741728
1569700758
2592838607
2774392523
1569687316
2809434651
2593070211
2793078812
1569836450
1569927305
1569667863
2787755142
1569814688
1569806061
2600266102
2774396639
2774420175
1569667262
2786289389
2592788168
2774436178
2600164927
2814012508
2807151892
2791159868
1737070890
2594086561
1569743127
2808615641
2787717388
1569860017
2809023732
1569754043
1569752944
2592954525
2813735340
2592815970
2592870055
1569920594
2592812085
1569677363
1569730734
1569838734
1569875302
2592840877
1570017810
2601474790
2795418041
1569823291
1569710609
2592807589
2799093085
2728683825
2789545823
1737777673
2070048312
2603001815
2774405520
1569739280
2592805159
1569934690
1569840130
2774454580
2774484535
2774396665
2786213291
2593018861
2593012558
1569666871
1569885056
2809145625
1569897904
2592793467
2592805305
1569944032
1569951323
2786210865
1569913550
2774334291
1569885649
1569923328
1570018644
1569941906
2774380458
1569665057
1737778196
2812761684
2786227305
1570006363
2807264551
2597785628
1569694734
2601049754
1569879299
2593094788
1569716567
2774345064
2774422217
2592993528
2592974149
1570027198
2814126714
1570013065
1569880364
1569930502
2774374847
2801617268
2792722190
2792954671
1569665491
2070041342
2774432400
2774397138
1569684006
2592831567
2786309352
2788659495
1569656120
2787937780
1569676288
2592805594
2592996177
2774415794
1569709937
1569911206
2793274358
1569753694
2593076053
2774425299
2786300198
1569668591
2786219135
2592827348
2774519710
1556395798
1558848907
2592821808
2592831241
2790455661
1569709971
2592796660
1570000291
1736926650
2070028559
2774448436
2786256908
1569953702
2786276659
1569666909
1569951694
1569803833
2786333010
2070033137
2813735295
2809044549
1569853612
2786322794
2603914984
1569713551
1570007901
2774338843
1569847401
2593101402
2594427388
2809001786
1569921506
1569906263
1569906191
2786218847
1569839511
1570015249
2070020956
1569758222
1570017117
1569683091
1569697756
2774373370
2070023467
1569815310
2809056855
2786226095
2070016912
1569948460
1569930608
2786323091
1569911031
1556826078
2592796191
1569819678
2600282638
2786248226
1569718595
2786330167
1569923500
1569932000
1569920697
2786310192
1569867668
2786221014
1569687475
1569833808
1569754768
2786255170
2813044535
1569731769
2786211702
1569829133
2808783002
1569740657
1569892393
1569833615
2683034363
2070048953
1569685289
1569673300
2789659521
2592795416
2786252944
2786399897
1738216252
2808770637
2592862719
2786318735
2593076739
2592982220
1569928338
2808789006
2812667788
1569938022
1569842249
2786277840
1569831642
2774436848
2795241987
2786219937
1737777206
2774435177
2774389803
1569941431
2070021345
1570027738
1569919486
1569712880
2807958395
1569688970
2594253365
1570008517
2592843326
1569901082
2774344605
2592801470
2592934059
2809128566
2592976054
2592791111
2592801450
2592802803
2792954610
1570035265
2592836728
1570028654
1569835237
2592805326
2774437291
2786211925
1655642585
2592947587
2799629172
1737777228
2805429130
2594253412
2592800755
1570017190
1569899233
2592834902
1569944216
2592845411
2792432317
2774450834
1569833440
1558824381
1569869710
2796634127
2593019505
1737779355
1569720445
2594256959
2592789289
1569723355
2774387577
2786319826
2801592347
2592908919
2592815948
1569670640
2774402280
2786283109
1569686403
2774445463
2774446364
2774360281
2774396150
2795384243
1570016725
1569691222
2774462892
2786212963
2774345968
2735775098
2592822046
1569931239
1569665667
2814325975
1569883803
1569670376
2786231597
2799629134
1569897211
2070072006
2807135446
1736867754
1569659206
1569818281
2603892884
2070027088
1570016048
1569811526
2676864894
2070030322
1559284281
2786215719
2786253927
2602963298
2774388338
2774499954
2801473955
2795775485
1569953479
2786308952
1569701150
1569897558
1737778980
2598560614
2774370963
1569884731
2070024715
1569660903
2774442009
1569694762
2774421638
2593070077
2786241226
1569658735
1569699714
1569852030
1569667363
2592796734
2786263240
2786246941
2814051647
2786338990
2593109977
1570007958
1569837971
1569949859
2592805267
2793109563
2592799140
2774502372
1569911425
1569670498
2792821719
1736123815
1569934859
1569750374
1569851030
2786286480
1569927573
2786318025
1569692703
1569856707
1570039536
1569920559
2592808436
2786318247
2774477750
2786280320
1569756392
1569897541
2812451817
1570033642
1569677871
1570016207
1569808817
2718820267
1569716912
1569862081
1569851538
2791299888
2592798133
2593485105
2592875830
1737777367
2774352592
2070027912
2070048965
1569844885
2592805535
1560765828
1569688675
2774391484
2796438645
2593044046
1557585631
1569901135
2592787270
2774500404
2808774698
1569736244
1570035343
1569657424
1569942577
2592971586
1569750836
2592806321
2774427861
2774340790
2808148927
1569944733
2604579143
1569857593
1569951413
1736577155
2786295489
2786221466
2799093125
1569947956
2786308887
2592987196
2594267713
2774332233
2592868047
2774418068
1569811511
1569691628
1559149155
2070045117
1569840438
1569913585
2786214755
1570014166
2592791557
2801757148
1569913902
1569859017
1569851336
2787991397
2592806285
2592984173
1569722310
2592964210
2593061299
2592866492
2592788134
2809118245
1569677775
2808806004
1569671351
2806617000
1569888844
2600164403
2592808153
2592847772
2792914256
2786219327
2070040875
1569668028
1736885335
1569938606
2592802137
1569693340
2592793691
1569758679
2593028220
2592803145
2774422362
2592806080
1569941413
2593515833
2774510315
2812430499
2593064823
1569735566
2786325921
2774423195
1570028472
2592796920
2593069972
2786238532
1569838132
1569683363
2786319267
2798958961
2592794654
1569688692
2592808848
1569683080
1570015640
2809056290
1569749702
1569898070
2592814330
2774367629
2592899888
1738205114
1569742601
1569918613
1569872771
1569897171
2786258981
2800677372
2593059927
2774400854
2808146254
1569906099
1655657182
2070046300
1569903637
2070043604
2593027764
2592805665
2786307013
2592814062
1569724587
2809059176
2790441674
1570026865
2070021397
2798952486
2593086021
2774420975
2786255101
1569697551
2795186643
1569674948
2786237459
1569714107
1737611609
1569809581
2814035929
2786309203
1569827994
1569669807
2600380022
2593113597
2786217820
2732359684
2600164453
2794802884
1569948610
2786305301
2070048056
1569814334
1569672123
1569951459
2786297873
1569680602
2812675241
1569754328
1569683107
1570015925
2070046644
2592986685
1570027802
1736416359
2774357520
1569842090
1569838835
2592820421
1737779693
2794825534
1738160403
1738207469
2592869274
2592826523
2786328710
2774395658
2787773569
2774392299
1569754799
2788961675
2593083563
2070016730
2807061529
2592807415
2592807929
1569665926
1569758102
2786321296
1569941814
2593111733
1570016798
2792922016
2790152038
2786291929
2814267579
1569906316
2774399322
1569918079
1569826926
1569851558
2812675286
2603079216
2070067986
1570038622
2070021991
1570013380
2592994537
1569927225
1569948384
1569836397
2786328087
2774406250
1569875819
2593035982
2070026861
2594553469
1736894852
2774482789
1569735360
2592992973
2809044566
1569672460
2592851994
1569665834
2593084179
1569672446
1569803706
1556430111
2592959778
1569881747
2592802595
2786319281
1569756704
2786322418
1569921045
2786224965
1569841076
1569942971
2592801489
1569953341
2592828388
2592807307
2792954656
2070045033
2594267733
1569695691
2593059395
2592810033
1569950131
2786344006
2809028822
1569932268
2070030296
2593065858
2774502108
2592812740
2774364655
1569668005
2786326183
1570015423
1569943690
1569717246
1569685747
1556527351
1569759608
2593067923
2594258607
2786313176
1569665251
1569913984
1569918378
2592813270
2592966102
2774457600
2593091052
2786260035
2592939050
1569891236
1569660561
1569715914
2593079801
1569870109
2593087411
2593076517
1569673587
2599693018
1570011204
2786346888
2594418801
1570029018
1570010297
2774393567
1569824369
2774336237
2789361842
2600344172
1569681066
2774328819
1569656076
2796634024
2592803252
1569933496
2774319215
2774328148
2592963349
1569840896
2592950213
2774422798
2592796789
2792869975
1569836012
2592794470
2786242983
2786434048
2786216848
2592796344
1569882888
2809398631
2592839950
1569846636
1569945916
1569658774
1569684531
2592984353
2806784426
1569734026
2798966124
1569884468
2070044784
2774336482
2786226043
1569672400
1569953675
1559745676
1569816073
2592806747
1569838226
1569882614
1570026831
1569683810
2070044268
2592805380
2774400428
2592839493
2592788778
1559177727
2808997047
1569921164
2801761553
1569662099
1569812883
2774360943
1569892012
2603672976
2786275634
2592867735
2592814817
2600231903
1569951390
1737774523
2808610479
2593065344
2593516810
2592965891
1569933011
1561220326
2070025444
2603990448
2786215353
1570015002
2592827640
1569928259
1737778575
2593054738
1569681436
2793622269
1569750948
1569889231
2801756834
2812478042
1570014869
1569720335
2786326938
2592799655
1569751014
2786288548
2592788469
1570024245
2789532078
1569802834
2592797597
2593050265
2592836217
2801865985
1569665609
1570028016
2070021895
2786280398
2594261537
2593050935
1569841120
1569814595
1569752807
1569946553
2774328476
2792842157
1569893005
2786361222
2070067833
2792923352
2600295664
2070021739
1570014848
2070048822
2786310420
2786273114
2791257674
2807264118
2814034678
2792404325
1569753584
2592802371
1569686772
1569839936
1569755766
2786216820
2786218176
2812761562
1569949591
2786235164
1569666607
2593458309
2592831320
2786214701
2592827660
2786274359
2600368582
2774493031
2808148663
2785663044
1569682071
2815037223
1569734838
1569681833
2593043968
2592966166
2787729687
1569713916
2786245469
2592805838
2812766757
1655717569
2786213692
2788472193
1569726662
1569715196
2809042607
2774441847
1737779819
2786217250
1569830175
2597709096
2774396082
1570023738
2774457630
1569838753
2786336208
2070021961
2593104722
1655725719
2809013779
2786274156
2774318068
1569675274
2592963556
1569823147
2786222100
1569762451
2774395621
1570006772
1570006188
2593005756
1570014192
1569822916
1569852531
1569893849
1569859307
1569661306
1569945429
1570016258
1569846542
2812832566
2797072214
2809047605
2774344900
2676763674
2593043950
1569658407
2809071437
1569898853
2593029311
2592896361
1569903066
2600342584
2813781299
1559950702
1569736539
2774393207
2786300239
2786235864
1737777097
2774365055
1569718888
1570009682
1569698115
1569873828
2792881170
2774393995
1569715403
1569757575
2601399855
1556983113
2592805925
2070015847
2774351509
2598546663
1569930014
2786323699
2592795368
1738201062
2799040182
1569818110
2592975145
1569738102
2592789042
2813036408
1569716031
2786215224
2809052819
2592858607
2593758472
1569825130
2678023429
1737777596
1569943225
2592830334
2592799969
2603085800
1569657984
2592813463
1570018075
2602013199
2592842878
1569843041
2806619427
2592899929
1569809233
1569904115
2592798026
2592798047
2774367027
2593016639
1569874047
1662417225
1569819529
1569888815
1569760917
2791082056
2786313237
2070015795
1569875239
2799387684
2774336861
2592791644
1569891589
2786363293
2792947447
2592957624
1569815966
2789179075
1569714088
1570011235
1569938306
1569840461
1569747922
1655739499
2774503936
2600590606
2593055574
2786259562
1569946295
2786263121
1569936222
1738187809
2774428041
1570015854
2592985928
1570033336
2593066696
1569873687
2774451136
1569944847
2786278055
2592876127
1569885882
1737779078
2792599620
2786332628
1569875617
2808532309
2774382746
2070036409
2592820192
2593061525
2774399538
2809030790
2603274946
2592971471
2592814718
1569889970
2786215369
2593048146
1569668726
1569816410
2592870798
2786272430
2809005833
1655566609
1569750031
2774411579
2070016990
2593110095
2813223665
2774443332
2786256335
1569941721
1570008081
1569923402
2774509152
2593093079
1560284160
1570039271
1570011707
2774364380
2600230716
1570014695
2592796369
1569686549
2594556124
1737774045
2786237954
2786247574
2786313899
1569920670
2594283585
2788959647
2786214769
1569682719
2592843305
1569725804
2787771510
1569870180
1569878036
1569698960
2602734554
1569683571
2809003461
2774455359
1570022915
2592858899
2592809160
1569900310
1561209691
2070022169
1569928214
2796691120
1569877614
1569912785
1569933640
1569762426
1569859568
2809015301
1569900603
2812685394
2594255184
2787809355
1569832578
2786330391
1569849881
1655615268
1569889564
1737775363
1569657239
1655676156
1655658743
2070024307
2788961460
2788684133
2808774736
1569843479
2814374290
1569666799
2794825976
1569904822
1569913064
2786273829
1569913721
2070054877
1569672323
1569658904
1569726554
2774502197
1570016146
1569700789
2681096346
2807765192
2592922616
2593019858
1569676386
1569684498
2795302436
1569674469
1569852046
1570031335
1569937812
2592790711
2786275001
1570038189
1569667758
1569681881
2592797477
2774373421
1738187587
1569697294
2594323259
1569675882
1569814424
2592969648
2801635724
2793072821
2793253181
1570006840
1569915809
2592806459
1569916085
2792999204
1570034197
1570017665
1569942952
2786244402
2592831149
2592871593
2786324551
1569838711
1569666102
1570009981
2807158674
1570033349
2786319337
2593446336
2786313328
2592799334
2799057864
2592977699
1570040776
1569762555
1569953961
2786300722
2592797123
1569873605
1569913046
2774344360
2809042518
1559899742
2774326757
1570029458
2070041060
1737308308
1569802869
1570015191
2593077473
2070032175
1569859422
1569831287
1569657326
2594256712
2592806592
2787809791
1570034283
2793654589
2592830553
1569683393
1569819077
1569672724
2070022114
1569744803
2592863145
1569668527
2593011335
2774436261
1569723623
2774504257
2786227957
2592843453
2592891999
2808992299
1569695959
2593614476
1569938473
2592837238
2603425467
1569663635
1569692020
2592794453
1569747633
2774360385
2593028957
1569851194
1569829806
2699594832
2786323191
1570008158
2808984743
1569682004
1569902772
1569679007
2787819143
2774326717
1569835411
2774319750
1569900252
2786273518
2774455473
1569666017
2070047038
2593057191
1570035402
2813003850
2592977412
1570035850
2809310342
1569681599
2786227371
1569885192
1655568987
2593035425
2592845223
2786299692
1569680560
2786254222
2592882016
2787752524
2788261894
2070071903
1570017451
2786216074
1556397631
1569938624
2786276574
1569948645
2592866294
2793538282
1569663392
2602739413
2592812942
1569878046
1569656900
2592821398
2786278513
1737777278
1569935740
2794825486
2786342431
2793197907
2787777812
2593086004
1569669504
1570011474
2786276321
1569943242
2786216649
1569695639
2801702156
2808144766
2601400534
1569841854
2592802328
2592827583
1569852980
2592797556
2786221503
2592844883
2070020102
1569882741
2592795999
2070040823
1570011993
1570015363
1570017897
1569678939
1569844217
2592830723
1569870416
2774437270
2592798751
2592906929
1569836969
1569931637
2593063821
1569674206
1569887751
2786272712
2788287260
1569675706
2070041015
2592988138
1569816576
2808846906
1569672095
2592799073
1569912989
2793197926
1569678823
2592803813
2786240657
2774373743
2774506262
2774406428
2592801385
1569680877
2774419699
1569917837
2592795029
2592801285
1570041361
2774515470
2774462501
1737779526
2774439084
1569749998
2593103074
1556397741
2786238601
2786223027
1570011347
2788974930
2790148985
1570024039
1570031000
2070016962
2592813513
2786309909
1569717259
2592791144
1569808488
2774441866
2808789676
1569684056
1569851522
2813223049
2593478290
1569736553
2070018169
2786344203
2786234310
2593094534
2592829670
1569904592
1569716868
1569669034
2808147351
2592865700
2786313935
2789526302
2788239007
1569704299
2593350279
1570016950
2774370878
2774458515
2070020297
1569748154
1570000758
2592851898
2786226111
2592984028
1569693413
1569661075
2774435455
1570040806
2791159924
2807135256
1569907495
1569716127
2786309967
2600163782
2592798089
2593085914
1569805055
1569683772
2774402940
2788684240
1569672339
1569931302
1556802822
2786313717
2774396833
1569944353
1569922858
1569843570
1569927634
2774428090
2600316256
2809138192
1569811427
2812761580
1556187017
1569748136
2786274591
1569826236
1569671407
1569900714
1569849462
2786232796
2594268092
1570034269
1561447277
1570035241
2774425310
2592959705
2786211967
2790235861
2814217930
1569896900
1569673743
1569695104
2774335026
2592791161
2070022720
1569747062
2070048591
1569673398
1569666653
2792925513
1569692429
2786219064
2592990534
1569879031
2774437794
2592802439
1569884088
2774366832
1569943660
2592854316
1570034157
1569712720
2593059460
2593031203
2593096831
2774394903
2070038947
2592803910
2592958383
1569658808
2070031485
2795206058
1570034513
1655717995
2592813553
2787925624
2774436045
2796458652
1569943720
2070069884
1569668439
2774399403
1570040765
2774319234
2789375291
1569819826
1569829286
1569900024
2788177964
2786366061
1655614979
1569663438
2602715357
2593022800
1569659503
2592799955
1570009249
2774398264
2799238828
2774342439
2774385951
1569756043
2774380773
2787996016
1570007681
1560274315
2592993558
1569665319
1569710646
2786309291
2812505356
1569746991
2592822759
2592807483
1569847830
2592968979
1570026918
1569730807
2774465552
1569761221
1569848997
1569734657
2601426301
1569912768
1569948338
2774447678
2594553822
1569731062
1569697590
1569815414
2592805634
1569949923
1570030830
2070016975
2592958355
1569665568
1569743070
1569689299
1569674872
1569657947
2786219811
2788122819
2812413828
2774448455
2786217709
1569847775
1569685652
1655621152
1655670415
2774351561
2786322406
2774441395
2786212438
2603743617
1569681257
1569945273
1569672630
2592795238
2774412140
2809000486
2594678835
2594310408
2774402812
1569921003
2807283051
1569657197
1569692532
2774336463
1570026121
2786301299
1569859177
2602894026
2786331423
2786235136
2592811922
1569817705
1569741001
2786217587
1569693601
2596861874
2774324772
2786291897
2774427800
1569731048
1569893175
1570016682
1569884019
2812685328
2809213856
2592807650
2593054185
2786326979
1569753852
1569665088
1569657104
2600221136
2786216236
1569717299
1569743473
2592942128
2774389820
2592795828
1570034539
1569948245
1569656704
1569916304
2809028382
1569672262
2774409375
2809049971
2592787205
1569806979
2788680520
1569731401
2788961360
2593620294
2774441795
1569906112
1559140817
2592814993
1569930058
1569675314
2070022926
1569919462
2592809178
1569755208
1569662535
1569902299
2787772115
2812670751
1569941831
2683595520
2794802906
2786237106
2788961412
2808988765
2786280411
2602735883
1569949803
1569816619
2592843112
1569826739
1569829303
2592948535
1569854312
1569710994
2592852182
1569884003
2774500884
1556141167
2593005370
2774442022
2592788797
2774359158
1569735247
2789361948
1569871064
2786346070
1569843509
2592816862
2593064067
2774339563
2592794930
1569953496
2806020970
2790490333
2602566551
1569697468
1569659471
2070041149
2070039989
2812890275
2794573623
2786367474
2592799906
2786241307
2774496670
2593055003
1569851622
2803405240
1569691267
2592843210
2809042643
2680616534
1569942190
2593013129
1736864530
2592981098
1569673431
2786239817
1569837805
2774373489
2774482338
2593011734
2070071661
1569676905
2774362944
1737778220
2774344885
2592853688
2592802118
2592814002
2786253983
2070019787
1570032607
2774342101
2070048543
2603147853
1569819132
2786252535
2789660115
1655711936
2677411824
2592993456
2774431032
2592977111
2774407660
2070029339
2774443473
1569732013
2805426288
2600157081
2774418140
2070031425
1569723142
1569877305
1737237507
2774410781
1556872017
1569818646
1569910761
1570010657
2786328258
2603162288
1569733896
2592811709
2795306638
1569739954
2593037185
2786344958
2786307848
2592805959
1569675943
2592884167
2774360850
2601658161
2592821674
2786276676
2592792134
1738122841
1569917596
2809138226
2070032255
2786328012
1569708328
2592793818
1569812044
1570015115
2786364857
1569666262
2808988801
1736877091
2789954046
2594268811
1569681318
2592811998
1560539807
1569674706
1570015534
2790631691
1569847940
2774351647
1569942369
2786325336
2070054732
2592790059
2070038774
2786259023
2070022005
2774392014
2786332750
1570012353
1569875287
1570021804
2786233713
1569818374
1569755300
2795302525
2786281917
2774446613
1569828787
2808434006
1569891223
1569848213
2786244142
1569930577
1569688791
1569750224
1655605030
1569749098
1569681196
1569671439
2799200446
1569802994
1737778040
1569877584
1569880883
1569875108
2594524539
1569913397
2786354524
2786225001
2786241728
2774370573
2774371433
2774441918
2813223026
1570013085
1569930623
2787903608
1569715262
2786272887
2592856541
2812411434
1569682983
2774393378
1569952147
2807061580
1569918533
2799091542
1569937640
1569940777
1569948441
2592793223
1569873591
1569900486
2786273967
2070068178
1569869939
2786319695
2774393968
2592794240
2592799277
1570028765
2592829261
1569664270
1655511579
1569868577
2812416217
1569685133
2070040184
1570008188
2774349668
1569682216
1569913957
1559385239
2593033283
2603520318
1569850827
1569757630
1569902466
2774501161
2070033448
1569715793
2786310476
2070044973
2774424825
2808773692
1569938939
2592818857
2593005327
2786313923
1655197234
1569951579
1569827685
2592931802
2774373238
1569878772
2592889030
2593017951
2593001993
2786313345
1569926781
2774503755
2592843152
2792954587
2774376962
2593037412
2788145017
2790493463
1556416360
2593678806
2786234510
2070027987
1570010669
2808150686
2812930441
2593093484
2600216641
2786301357
2592807035
2738445906
1569743571
1569864349
1569938954
2786246649
2806616983
2786211244
1569657972
1569898143
2592960738
1569899255
2070032212
1570037258
1569667334
2786220134
1569680534
2070048875
1569758687
2070070170
1569874700
1569669730
1570032626
1569810387
1569812565
2786284667
2786323841
2601426125
1569659641
1569937716
2814740404
1570015552
1569722365
2774352995
2792999181
1569947842
2592965478
1569712291
1569823874
2809040512
1570002059
1569820572
1569724266
2070016657
1569949148
2593081702
2786212511
1655469227
1569820192
2786237483
1570009432
2786240672
2788123972
1569840543
1737774386
1569843162
2792909113
2592810625
2592797739
1569913217
2789363450
1556918734
1569717899
2592935936
2788713797
2592804721
2786256501
1570027265
1569683782
2592939070
2070039442
1569894411
1569682820
1569675287
1569724500
2787822748
2592813756
2592800740
2786260567
2787755283
2790209016
2794825694
1569837515
2790149014
1569697728
2070068211
2070021771
2793654565
1569864071
1570015942
2774405770
1557841422
2592984124
1570000978
1569844176
1569726765
2592787283
1569897197
1569659141
2594311286
2592836322
1569871322
1569680643
1569690632
1569664360
2682382583
2788125828
2593052516
1569683509
2786273555
1569911018
1570007144
1569865223
1558110505
2774407466
2774387220
1737778994
1569681940
2601450215
2592894496
1569703681
1569835887
1734043326
2592803878
2813212602
2592946786
1560632456
1569891621
2592852404
2774447659
2786221723
1570040847
1569755448
2795241942
2786308365
1569663679
2807525709
2592917055
2774341364
2592821465
2786212610
2592994621
1569686430
1559956780
1569834674
2592935738
1569826281
2774389537
2812675259
1569917044
1569803464
1569680315
1569665639
2592829635
2774358374
2592792046
1569902902
1570009814
2070018199
1569889104
1570032372
1569753666
1569676054
1569680891
1569681151
1569749823
1569802636
1556949989
2601509048
2774433455
2792818807
1570018657
1569663540
1570026884
1569697935
1570008816
1569752058
2789951164
1569671629
2600510429
2592951974
2070031097
1569810263
1569814292
1569682085
1569898729
1569715901
2814036068
2794578528
1569744448
2592805553
1569887484
2070045080
1737774514
1569683755
2774400595
2774441414
2603741898
2592819802
2801609318
2593061447
2070077208
2774403881
2592945407
2812489732
2808147582
1569743333
2602659167
1569933569
1737777291
1569928550
1569711594
2774400415
2786250458
2774492095
1557446060
2774373889
2774373860
2786238815
1569658836
1570029405
2786292962
2790494980
2593087927
1570016966
2788261846
1570033323
1569660343
2786232480
1569746803
2597758641
2070035046
1569680822
2600485251
1569951482
1569823525
2774428103
2676886359
2774410995
2786252509
1738191778
1570010232
1569674557
1569839381
2786299504
1569838537
1559161668
2593014558
1569953597
2786222314
1569863589
1569828835
1738124354
1556121788
2593050676
2593014387
1569841797
2070022561
1569664778
2592813155
2786241170
2593062072
1569891576
2792835859
1569676996
2812808758
1569657929
1569848039
2774476498
1569667831
2786243796
2592989157
1569870073
1569934352
2592796940
2801866771
1569815051
1556283625
1569937903
2592813806
2790530592
2799409339
2801634119
2801828335
2592814366
2790631580
2786284269
1558665944
1569940472
2787810024
2812421864
2592813907
2774419714
1569663449
1569677844
2592830369
2799375256
1570016547
1569706017
2603159901
2786364194
2603352283
2592893960
1561800741
2593067021
1569832978
2774362883
2786216244
2592801103
2592828743
1569906219
1569663407
1559620874
1569804937
1569705941
2786295079
2594290539
1569941888
2786299987
2070030363
2786318605
2593043999
1570029080
2592944778
1569918295
2592904883
2800077990
2593002539
2593022877
1570023000
2592790653
1569876307
2813156928
1569803784
1569944161
1569662699
1556310065
1569928994
2792505345
1569845234
2592815703
1556911689
1569950930
2592989096
2592803564
1569672974
2758082001
2774409140
2788122108
1569945323
1569657885
1561264152
2786286716
1569897891
1569917807
2070044245
1569715351
1569950334
2592797450
1569951662
1569882345
1569939173
1569848675
1569836998
1569726048
2774368723
2812579496
1655626709
2601433471
2806614749
1569862997
2592806726
1569921367
2774401281
1569890461
1570033027
1569910833
1569680198
2795304052
1558263438
2786255900
1569809356
1569927104
1569886932
2592889976
2786218770
1569915429
1569869829
1570037302
2592788452
1569666687
2592800663
2786221430
2600365549
1569870616
2594273296
1569930515
2594268072
2786317999
2774373054
1569814411
1569820753
1556984236
2808244997
1569716553
1569834466
2592800043
2796434976
2786322722
1569837238
2603624485
2592875041
1569848870
2801702247
2786249496
1569939220
2774410949
1569887299
1570016531
2809109797
1737188593
2593089769
1569738445
1560658388
1557211877
2592788832
2592803774
1557076218
1569753119
2592937602
1569674763
2803416567
2786320120
2592979289
1569664452
2807135464
1569854843
1569908019
1570015095
1569899096
1559510263
2774429806
1569910263
2592950445
2787850658
1569945899
2808615222
1569656226
1569918499
1569907483
1569899043
1569818332
2774391255
2786235251
1569886494
1569821158
2791055340
2774424863
2808985841
2786234877
2592854221
1569891938
2810428386
2799408770
1569747940
1569668196
2808986397
2786327004
2774393787
1569830476
1569820126
2799800386
2786317801
2786319882
1570014556
2774344181
1569697603
2774384951
2786340444
2774328104
1569705427
1569753609
2592948785
1569663037
2592793561
1557839580
1569877629
2788713993
2070029351
2774377617
1569820680
1569672185
1569736708
2600157914
1569747503
2592794635
2813740129
1558982527
2592841829
1569728250
2786246459
1569759377
1570027239
2808221513
1569680154
2812678703
1570014259
2592974283
2808985956
2594534463
2601404813
2807084570
2809086092
2593051670
1569688298
1569953832
2774344857
1569819755
2774424180
2814036001
2774430159
1569914854
1561257376
1569686492
1569656289
2774411010
1569845355
2809191645
2809001942
2594255593
1569749241
1569679149
2070050415
1736864731
1569893964
1569944924
2774424814
1569806992
1569672752
1559600688
2795428672
1570037811
1569826221
1569952241
1570008899
1570034256
2597799022
2774422141
1570014768
1569928498
2592808547
1569742425
1569697540
1569894129
1570014640
2592795611
2594354881
1569830148
1570010865
2786216677
2786386236
2070069647
1569944514
1569899354
1569670613
1569902832
2602905453
2812920532
2786274257
1569943850
2786284689
1569687535
1569945502
2814028946
1569844087
2594334552
2592948984
2070046695
1569829477
1569693544
1569751726
2799089235
1569715162
1570011904
1569736341
1569705952
1569741084
1570007555
2774449607
2592803893
2807154752
1569916618
1569755322
1569890367
2786299382
2070020871
2592869434
2592821304
1569743375
2070067975
1561658281
1569873919
1569941631
1569672432
2774415135
2774443648
1569921678
1569712828
1570000540
2788959696
1569879768
2808613748
1569906248
1569723128
1736900566
2804957242
1655590500
2592794671
1738192785
2774342871
2592819978
1570007387
2786260051
1569752409
2729205189
1570021073
1655639759
1569857486
2592796966
1569822510
1569812981
2593022950
2787716236
2592800604
2593035441
2592808081
1569928276
2786222252
2786291881
2801921024
2600827773
1569943535
2786249530
1570008318
2070026409
2786315992
2601476312
2593037200
2601493929
1570014400
2594520347
1569715597
1569719007
2786235876
2786326992
2786275756
1569696042
2807162592
1569949610
2592808889
1569948501
2786236386
2593035409
2807151044
1569668076
1569869542
1556430171
2070048251
1570009081
2070078282
2774430437
2592794363
1570038611
1569710267
2592801552
1569820624
2786309405
1570007433
1738219585
2070029403
1570040581
2592938376
2600156427
2593089651
2592792217
1569949934
2787809213
2070029450
2594801893
1736896269
2786287791
2786256941
1569868549
2799901032
2808527876
1569884122
1569739931
2792549736
2592798729
1569940315
1570010721
1569738561
1655652014
2786219050
1569672137
2786260743
1569734349
1569850807
2592802512
1569898040
1569687547
2801581553
2593044016
2774443486
2603054080
2774396740
1569734231
2805484286
2774425005
1558369619
2786243680
1569715134
2600236392
2593063801
2799529352
2774392880
2774500362
2592811507
1559613128
2786219461
2070038755
2786322196
2593046275
1569912280
2801544268
2774427547
1569912969
2070038218
1569920959
1569899306
1569673753
2788327865
1569808705
2774442972
1570006697
2592962809
2592803960
1655741362
1569662295
1569920615
1569810355
1569938443
2774444087
2786323528
2592973131
2808415651
2791055357
1569827562
1569660163
2774351343
1569850954
1569760935
1569837402
1570030104
2812479058
1569711663
2774359247
1569882663
1570034145
2809004088
2070023055
2593678896
1569762337
2792985719
1569916781
1569942937
2603560320
1569844287
1569734411
1569826875
1569869460
1569716452
2592789000
1569918702
1569754164
1569934333
1569911988
2787799656
2808607431
2808627671
2790003397
2807163076
2787937715
2734904211
2804612639
2786325548
1570027663
2786238853
2592867222
2774345786
2593103427
1569658748
2601427197
1569855598
2592803162
2787809435
1569839563
2070031731
2801544195
1569904561
1569890860
2592829235
1569940603
2592964925
2787808364
1569719059
1570017752
2786217415
2593003970
2786323816
1569822391
1569837498
2592814643
2774388357
2592941679
1569905401
1569712816
1570035088
2812831896
2790456212
2592789782
1569916005
2774337720
2786273779
2600158647
2800754139
1569850518
1734749912
2592788596
1569753982
1569697166
2805993537
2812605358
2774435550
2592870779
2786328813
1569704408
2593089428
1569718338
1569656827
2600161196
2774451626
1569872905
2070045231
1569939205
2786220982
1569813658
2593005343
2774392039
2592801266
2793274472
2738476068
1569894498
2599985461
2592806676
2786237780
2786325078
1569724226
1569948978
2774349546
2786219975
1569664748
2788121522
1570033685
1569911619
1570016880
1569933509
2786222300
1655285299
1569754176
1569691659
2592848274
2599686383
2592815269
2793274336
1569874528
2786364776
2789532054
2809040407
1569677035
1556845135
2594427528
1569752680
2799316185
1569697984
1569705439
1570011308
1570018985
1737777555
1569682277
2809030808
1569752262
2809003575
1569890246
1569723531
1569668062
2789376058
1569937947
1570024302
1569709923
2794578474
1570016762
2774391453
2594330396
1569665071
2592791127
2592809311
2774444942
2788846613
1569660273
2786223382
2788153424
2594524490
2814512032
1569716934
1569662047
1570038687
2788472115
2600600850
2774431878
1569815670
2812763916
1569672507
1569807447
2592868950
2774508631
1569731782
1569703699
2593032712
1570031978
1569683433
1557776894
1570033878
1569754194
2808804515
1569837128
2592812791
2593496517
1569680281
2592807373
2786221062
2774387761
1569680246
1569666358
1736865983
1569659575
2789046180
2808145178
2592800061
1737308143
2774448377
1569667203
2774406860
2592795054
1737777130
1569830767
1569677316
1569895164
1569660506
2774451569
2786299706
1569858612
1569911005
1569675066
2801623929
1737779706
2786234023
2792527511
1570014808
1569670068
2774461343
1569951505
2592840736
2788260825
2593049286
2786297719
2774344915
1569663380
1569673364
2774495005
1569752550
1569665363
1569715614
2070019390
2774359898
2592789975
2786322770
2774414959
1569820256
2774484665
1569726117
1569736624
2795430307
1569894487
2593094708
2593064429
1738153348
1738194124
2592803688
1569832776
2792931633
1569694794
2738480127
1569871035
2592827463
2592808871
1569930182
2774342831
1569753866
1569886414
2808876386
1569927611
1569884543
1569868898
2792826354
1569889243
1569952282
1569716560
1569657960
1569690927
1570017388
2786250032
1570017739
1570011614
2592815161
2786322393
1569942923
1738267454
1569674689
2774336840
2594098849
2774471097
1737308546
2799140006
2807516580
2809148336
1655680120
2812679249
2799002509
1569685620
1562252072
1570016312
2786294557
2786249924
1569656376
2809145607
1569710315
2592860484
1569752276
2774413831
2592996521
2808836306
2786306946
2786318261
1569692342
1569882963
2600156850
1569723315
1570034343
2593087016
2070071175
1569803634
1569881565
1569937991
2809001906
1570016781
1569828545
2774350014
1569719016
1570035290
2806784443
2774380946
1569730375
1737773953
1569711464
2774498940
1569690983
1556091276
2592941401
2594261482
2786358597
2801625170
2593055858
2070015981
2787903586
2787872234
2808627712
2795418627
1570030264
2774321343
2788013945
2592958397
1569913939
2786211577
2676757905
2592811792
1570009568
2786212330
1569819879
2592813642
1570041048
2592803975
1569660151
2593054773
2592975776
2786355808
1569753596
2070035185
2592815397
2786306853
2799409982
1569932322
1569750866
2786238893
1569711422
1654747295
2795265309
2806869541
2786325893
2676926644
2070017296
1569815178
2786321190
1569711108
2786319681
1737308326
1569693506
2070019485
2791094821
1569888799
1569665554
2592796901
2593456815
1569900151
1569918120
2070016683
2801617738
2592799776
1569857366
2774357437
1569732937
1569657797
1570038230
2592830116
1561170281
1569888985
1569947544
1569740718
1569916166
1569678218
2592945756
2774503831
1569848410
1569819486
1569688526
1569667907
1569711329
2774420316
1557024074
2592886821
2793341208
1738155279
1737777536
2070044879
1560438479
2809391885
1569657118
1569756951
2786287391
1569666003
2808783521
2592829698
1569946641
2786321107
1569705563
2599682830
2786272947
2070035665
2786254755
1569736681
1558234651
1569953648
1569670054
2592845740
1559283039
2788659594
2593094748
2786232780
1569836211
1569903339
1569915823
1569948092
2592811330
1569708112
2594464253
2807135514
1569882042
1737237433
2774382659
2787995298
1569822360
2592797049
2593088954
1570011804
1569833596
1569700197
1569716320
2070032141
1569723286
1569702980
2774398296
2786316556
1569690430
2795502115
2786274378
2593063875
1569662019
1569806928
2813740091
2603552041
2593079815
1655654473
1569762667
2774416122
1569949000
1569922751
2786243051
1569754588
1569734202
2774412794
1569920363
1569659296
1569943629
1569750984
2592791426
2786294982
2806718825
1569680298
1569914680
2592806040
1734145115
1569846040
2592947022
1569864363
1569871460
1569934907
1570024052
1569669093
1569675128
1570012317
2809042562
2592803130
1569817211
1569927243
2600268575
1569838490
1569852015
2774373194
2787925571
1569759363
1569719443
1569840031
1569936810
2790493308
1570009880
2601435702
2774339735
2786285583
2774386773
2786323947
1569757870
2774412157
1569667654
2592957163
1569870441
1569754354
2786301132
2774373215
2786251071
1570035060
2786274551
1569719117
1560465902
2801597718
1569947936
2774441957
2774399874
2592806474
1569862691
2592841268
2592984834
1569679035
1569717031
1655625469
2792954570
2792913060
2786239393
2793163300
2798998423
1569806529
1569666593
2786258663
1569891688
2774419091
2774441808
1569731613
2787726658
1569747759
1569657131
2592855356
1569734011
2786312880
2787995478
2786282468
1569673717
2787721439
1569692329
2592793166
2070033096
2592800822
2814035878
1569894399
1570037459
1655536534
1569847953
2592851854
2786319854
2774451115
2600163505
2786212872
2774421508
1569677904
2070022297
1569870927
2795302503
2070025849
2592965434
1569888785
2809008384
2592867095
1569820718
2786239914
2774327232
1559101701
1570037540
1569681451
2594086239
1570032310
1556667161
1569662464
1570008622
2806867137
2070016899
2774389658
1569921539
1569659121
2070029235
2786237131
2808152046
1569915052
1556283556
2070029821
2795241639
1569898337
2801019689
1569671049
2774373096
1570008768
1569696832
1569879287
1569875760
2792821040
2592839894
2592831267
1569710719
2786272339
2070033582
2593396576
1557333415
2774337583
1569921147
2786354797
1569659310
2786336862
1655688587
1569913228
2786258619
2786328135
1569880552
2601481493
1570000779
2603735731
1570029203
2774362237
2592861739
2774435436
2774427673
1569679441
2592800498
2774365930
1569877505
2592858579
2807082905
2070022224
2774508525
2786323059
2806662798
2774395363
2792899546
2774390019
2774354128
2800742682
1569905932
2786345200
1569855965
1569678370
2787809546
1569715839
1569696960
2774441970
2807211783
2592842401
2786328028
2774505520
2786323360
1569840695
2070035781
2786474334
1569951711
2792999227
1569922828
2592821972
2070046725
2788241169
1570016468
1569687358
1570030737
2786296072
1569697564
2070067369
2774419647
1569758359
1569730401
2774388844
2592803941
1569820642
1570021306
1569905480
1569741673
2592843473
1570032637
2774505454
2592920690
2774441944
1570033482
2787812361
2788144995
1569848336
1569738271
1569942729
2593023687
1569876502
2792818466
1569730317
2786255558
1569899387
2786313863
2592799315
2592827752
2593041079
2812668121
2812670627
1569900856
2774455698
2070027397
2799049979
2813018069
2592795138
1569683555
2795656352
1655745225
2810270337
1569670966
2808156527
2806627846
1569672077
2787809377
1569854971
2786244417
2070078764
2683111319
1569666673
1569868379
1569755402
1569911253
2592979314
2678017822
2808459274
1570015269
1737777321
2592798110
2814015204
1569953880
1569944017
2787723446
1569828977
2786306795
2601439256
1655484817
1569859625
2809035826
2070015407
2786319709
2786339326
2814196628
2592953190
1569939380
2786321352
1569754489
1569914908
1569941396
1569728237
1570007014
2786359708
1569716333
2592848250
2592811978
2801633026
1556815648
2592865494
2070022541
1570033613
2793140182
2592817696
2592798615
2593011407
2786424013
1569950958
1569699333
2592805882
2070032036
2799386810
1569666986
2070046759
2786233829
1569817073
1570017465
2774473527
1570026747
2788659546
1569830342
2807152744
1569715979
1569948691
1569752249
2592796528
1569843399
2809434570
2592792967
2593052053
1570011102
1569810110
2592838268
2786285015
2815126754
1569814874
2807151961
1569952111
2788196867
1570032680
1570010553
2070040497
1556141301
2774502326
2786234382
1569680351
2774449698
2815129390
1570031392
1569930660
1569848570
2592815252
1569748691
1569816725
2592853947
2812579414
2806011889
2774373353
2070045177
1569891659
2774476010
2786292815
1569870630
1737774054
1569750348
2070046391
1569676919
2593014985
2592977745
2787937846
2697077887
2774367163
2592795565
1569951953
2592793282
1569933605
1569921523
1570016193
1569882304
2793212296
1569844816
2786256566
2791058812
1569745614
1569945630
2592790992
2774425348
1569709647
2792550655
2594122645
2070017707
2813221133
1569882208
1569693845
1569715875
1570025362
2594430183
1569759584
2774331658
2592823396
1569856672
1569686057
2594272120
2786355604
1569946194
1569812212
1655699847
1569698496
2786283266
1561205415
1569803918
1569674747
2592807018
1569816053
2774509797
2806869991
2592812222
1569807271
1569723258
2813717326
1569946451
1569733969
1737778482
2809032134
2592798693
1569807861
1569689218
1569733827
2070028300
2814050302
2807162570
2592835038
2600158692
2786325967
1569905997
2814186921
1570027447
2774391707
1569918104
2676760965
2786217365
1569723471
2809397891
1569842727
2774436674
1569757855
1570017859
2592867116
2774408817
1557912587
2786248987
1570016501
2812508262
1569685719
2592806814
1569711408
1569903026
2805487192
2786288530
1569807075
2793059888
1569916509
2774411693
2812598786
2593010990
2792837661
1570007719
1569928243
2594689799
2786222268
2786229684
2786354016
1570013130
2792836282
2786313947
2774509171
2592862481
2594256729
2592875812
2786231715
2815094901
1569912079
2787719997
1570007661
1558553377
1569684856
2786242005
2070017205
1569901034
2774415765
2774350532
1569762118
1569719180
2786323348
1569937699
2592811906
2070048859
2786297906
1560341929
2808150537
2594553537
2809144021
1569754781
2602412633
1569859861
2787903250
2070069660
2594267838
2786313911
2786285807
2597818464
2786318749
2592804681
2600455646
2790493592
2809044032
1569703754
1569944711
1570017506
2809057729
2592829435
2593099422
2789542711
2795438038
1569953397
1569917100
1569673222
1569820983
1557818636
1569682705
2812782418
2594764543
2796913134
2786323203
2593046699
2786299678
2592822907
2592848229
1569735061
1569910742
2774319857
2593072333
1570013101
1569884104
2807061511
1655467410
1569901733
1569806409
1569877912
2786272842
2592799582
1570040635
2786235495
2774397121
2774370217
2602923815
1569944479
2774442987
1556343609
2592793370
2592803216
2600417855
1569672067
2786222194
2594553493
2601430474
1738075305
2815170096
2774449030
2786275770
1569744841
2592990508
1569677730
2592869315
1569839460
2789946922
2774337929
1569681103
2592801233
2601416785
1569722946
2774406633
1570032241
1570030763
1569715386
1569803536
2774423158
2592866199
2070021536
1569661528
2807958378
2786322782
2786313508
2774413117
1569848857
2774386731
2807152727
1569690881
2070031630
2070035934
2592815586
2774392691
2594583713
1569664843
1569668780
1569858130
1737114848
2808995959
2593079542
1560445414
1737775029
2809002056
2070070380
1570017549
1569716346
1569664328
2601430670
2070044822
2786261481
2808628837
2812732315
1569739902
1570000488
2792843217
2774436000
2786331614
1569700095
1569749053
2774402998
2813075141
1569894520
1569843967
2592836426
1569906233
1569904421
2070021929
1655645359
2774392205
2786245090
2812764972
2814322561
1655527883
1569683539
2592963153
1569715148
2774375132
1569683669
2774392548
1570021090
1569859530
2070047867
1569936078
2592790607
2786326950
2807302281
1570006420
2774344763
2786272997
1569742911
2774370705
2070016486
2592974405
2786256481
2594254865
2792839826
1569903542
1569659194
1570014759
2786319784
1569675604
2793298920
2808244848
2593022932
1569841640
1569660433
1569664133
2592796462
1570033720
1569928910
1569757840
2592787992
2593011753
2600348359
2774503816
2593041538
1570013307
2592963305
2789361971
2592817495
2774451155
2786296122
2592798310
2786240795
1737775466
2793036841
1569669748
2592849264
2799492544
1737777014
1569687444
2786313619
1654746487
2601484557
1569911954
1569836383
1569822322
2774336632
2786254116
1569952194
1569663090
2814047619
2812454852
1570011293
1569690997
2795656303
1569679061
2786215297
2601466705
2812703620
1569929154
2774365913
1570007990
2786339491
2788121409
2774519695
1569899409
2787822717
2809049655
2787903099
2592816849
2796434807
2592797378
2808616121
2808630232
1569850246
2593074031
2809000394
1569666539
1569708501
1569725959
2070045259
2786295236
2070045959
1569737596
1569943329
1557777030
2593643940
1569917708
2592789393
2592982042
1570009159
2070040891
1569816994
1569750444
2809006952
2789332720
2070023343
1570015054
1570011334
2774461493
2807689245
2592804268
1569719424
2798963607
1569739917
1655494551
2592803511
1569746632
2592992837
1569944776
1570009328
2592796678
1569726675
1736302321
1569688284
1569674182
2592806895
1569898054
2592790021
1569945255
1569668092
2600234791
1569901455
2592797173
1569677857
2594253274
1569667668
1570013973
2786218683
1569744002
2592929241
2789044583
2592795451
2774388044
1561125279
1569739847
2774372334
1569922148
2592803755
2793172948
1569679089
1569713522
2787808047
1569927327
2592791946
2795193134
1569660578
1569820797
2592810607
2593079572
2774443564
1569923260
2592802741
1569754057
2799909295
2592797140
2593075878
1569746510
1569742139
1569922703
1569858042
2786362794
2786317987
1570017174
2786314038
1569732954
2070016615
1569679821
2601421104
1569815623
2592795548
2592787307
1569809181
2786239805
1559956523
1570029257
2774441892
2786280872
2592808470
2774341299
2735849094
1569891109
2070036022
2592836663
1569841176
2788221660
1569688336
1569730349
2592821838
1569917568
1570014967
1569879254
1569853730
1569951293
2592789618
2592813065
2786215136
2786254369
2812441815
2809042626
2786219991
2070022706
1737777191
1569657312
1569825726
1569750238
1569728013
2592838837
2592805347
1569882952
1569860584
2786219963
2812746166
1569732924
2774447640
2774349417
2804652664
2786232514
1569944310
2786291913
2813877896
2788475750
2593085765
2813222840
2592987335
1570016329
2592798578
2786210999
1569817563
2801540569
1569727167
1569759087
1569830161
2592798978
1569673899
2593059229
2070024785
1569675096
2808216901
1569707858
1570021980
2593064837
1569660756
1569673687
2814380969
1569864798
2594283522
1569853514
1569710413
2592802045
2070070183
1560793432
2812759013
1570040569
2786311138
2594380605
1570015690
1569946128
2070029526
2787777836
2593647813
1569660819
2809003638
1569945811
1570029128
1569871025
1570015037
2812421778
1569871389
1570034526
2070030057
2070042658
1569906303
1569940059
1557084144
1569828658
2774419612
2808148991
2592801433
2787995208
2592791739
1569739874
2592811269
2592796810
1569849310
1570014002
2594262063
2786285370
2793108245
1737227215
1655508697
2786220517
1569755112
1569705591
2592992819
2592920710
1569915491
1569664814
1569907295
1569902111
1569941704
1737777498
2807161827
1737779377
2793206361
2738203736
2592793675
2787737772
2593094612
1569694807
2592805397
2815050271
1557106717
1556092690
2795438083
2593011521
1569679884
2592795934
1569848503
2592944997
2593033416
1556117166
2592812640
2809590550
1569746618
1569868591
2786252561
1569918361
2794826119
2807128489
2774401602
2809213765
2786240739
1570010011
1569866639
1737777840
1569697617
2592806060
2787724236
1569946747
2799094427
2787715659
2792781776
2789362021
1569897156
1569876456
1569694323
1569722278
1569665653
1570025049
2809213838
2599692821
1561573876
2593094626
2799244017
1569692073
2070035393
2774350513
2592807633
1569883636
2600161556
2592869300
2774403447
2070019462
1569688310
2812746216
2592807858
2789381609
1569696892
1569818913
2594355297
1569913170
1569675588
2786326902
1569920576
1569832204
2774441996
1569736560
1569845828
2592944663
1569685147
2592822242
2592790742
2787812473
1570027343
2786322377
2592865036
2786298188
1570009696
2809525615
2774438135
1569828383
2774423919
2786368117
2809026876
1569929683
1569724573
2812780448
1569671865
1569678204
2799391677
1569666372
1570015489
1569675435
2774455631
1569918777
1569710322
1569673238
2786222176
2070050838
1556527048
2070054903
1569663512
1569658079
1737774104
2603703945
2774438817
1569762541
2795302481
2814144782
2593087081
2592801338
2809144038
2794826095
2789659586
2593060215
2801616337
1569908036
2601422453
2786301837
1655516094
2786221623
1569945831
2795307366
2799174082
2774410898
2796438571
2600158252
2808207224
2592801856
2774351372
1557908773
2594261791
2786221804
1559623830
1569952074
2592817975
2787772564
1569668901
1569927592
1569842809
2786255641
2070077567
1569674672
1569928225
1569747689
1569899960
1569663496
1569816349
2774434764
2592801760
1570011628
2593073467
1569742411
1569885329
2774351739
2592813739
1569670212
1556358356
2808989013
1569753023
1736441967
1569744819
2592793650
2808992281
1569658549
1569891740
2592797682
2786211877
2774356164
2592796477
2809006988
1569898174
2592858363
2786212937
1569819662
2774505439
1569833673
2774350664
2786218655
2786254998
2592796052
1570014493
2809279475
2801019667
1569843630
2798958937
2600315244
2592832200
1569816285
1569849289
1569806736
2812454832
2808783041
2814036201
1569883722
1557777284
1557636153
1569809075
2070034028
2774449588
1570031122
1569941379
1570038041
2774447567
1569816544
2786313875
2786324942
1569906362
2592969227
2812512630
2593050485
1569948473
2070022416
1569853688
2592792414
2793212397
1569883615
1569709322
2592834932
1569736722
1569916432
2070029562
2774390738
2593035839
2812680312
2786234048
1562252147
1569685363
2808991395
2774390982
1570033764
2593031233
2592851649
1569812423
1569675620
1569852559
1569747517
1569888918
2792406277
1569848614
1559668381
2786324115
1569691279
1569850577
1569896918
1569818947
2070027712
2807462792
2774390921
1569746494
1569679342
2681997681
1569842974
2792944347
1737778605
1570024132
1569684110
2592971194
1569841828
1569692670
2805487278
2774418165
2786296840
2812990740
2805364405
1569929740
1569674600
2774373336
2786319840
1569845301
1569951265
1569743724
2786288133
2593086047
1569659745
2600156863
1569915377
2592841889
1569937978
1569873329
2592808453
2793274542
1569716898
1569869924
1569674916
2593090610
1570014044
2786295058
2786349086
2593489826
1570012594
1569902806
2805489300
1569750387
1570000513
1570023151
1569846092
2786222954
1569893979
2786297972
2808986695
1569685659
2799110994
1569848789
2786253700
2593010356
1569915193
2795396007
2774442035
1655741498
2786366502
1570027021
2070071329
1559244969
1570019698
2801015362
2793276171
1569673314
1569913618
2592862404
2808786561
2786315938
2788130726
1557023765
2592812621
1570010267
1556282108
2593051413
1655711669
2593032572
2678092308
2807163196
1569825850
2786288334
1569811218
2814139509
2806662767
2592849017
2808145543
1569949556
2592788407
2787809189
2592842767
1569825783
1569874518
2803442710
2786322430
2809025610
1569670294
1569750934
1569740729
2807302302
1655530525
2806627059
2070068673
2806621128
2593618290
1569808955
2774414155
2592797188
1569834615
1569717019
2601510678
2786214378
1558848184
1570012683
1569816839
1569757099
2774458700
2593064150
1569667682
2796433939
2774410548
2774502480
2787905208
2593010922
1570029273
1569666621
1569729451
1569937511
1569658762
2774335043
2787812411
2600374244
1569724972
2774319268
2593013449
2774505424
2786318039
1569907400
2796433898
2592942902
2789875584
2787727663
2786219524
2070025553
2070022088
2810193822
1569722651
2786226005
2809049056
2593005539
1569658651
2592792085
2774458631
1569927703
2774366659
1569883060
2788713634
2786487837
2786244272
2593051726
2808466999
2808986821
1569833302
1569803870
2592835969
2807282249
1655724664
2814043925
1569658610
2592865547
1569675519
2070031570
2594280097
2774443347
2677779414
1569823906
2796437906
1569715640
2592963045
2592976147
2604019313
2592788575
1569759270
2808469278
2593044227
2774445450
1569815578
1570023243
1569934989
2789363521
2774329328
1569929705
2593678608
2807154835
2786299835
1569844721
2592796081
1570015601
2601406390
2787872315
2600361104
2592803830
2792527538
1558104873
1655514452
2786289794
1569743000
2800740300
2593042386
2774345805
1570017023
2774525120
1737775174
2774401498
1570032361
1655685809
1569756544
1569949512
2794720941
2787800708
1569911896
1569817630
2603416016
1569864998
1569684023
2786282976
2803191085
2592837350
1559527596
2593084225
2592984553
1569762071
2809109777
2592830538
1655214836
2774428231
2792515198
2812795541
1569716018
1570006890
1569888828
2805386092
1569808585
1570014179
1569709837
2801015522
2593051122
1569890178
2791299147
2592883078
2774424882
2070035330
2812679272
2786320986
1569892056
2738203533
2774324596
1570006954
2592966385
2786223422
2774373285
1569813304
1569665595
1569879018
1569868167
1569665101
2808609106
1569877046
1569732988
2774404212
1569892992
2788177916
2592840911
2774441666
2774516292
2593061283
1570033430
1569864055
2070029437
1569679580
2786313960
2601481522
1569695465
2786319770
2070027533
2795255393
1569948583
2786240685
2786239013
1569758183
2774343243
2592793872
2774396196
2678591237
2593098587
1569680410
2812437921
2592807352
1569679979
2774499497
1569665523
2814195653
1569676302
1569850301
1558369715
1569828869
1570024365
2809407416
1569743018
1569890839
2592795271
1569677132
2594357442
1569706839
1655726608
1738211032
2814035953
2592836762
1569945140
2786338558
1569817423
1570017239
1560292851
2809013529
2774441782
1570025249
1570010566
2594463694
2592986126
1569940455
2786351831
1569917849
2774441879
1569753105
2792823762
2592984302
2774427409
1569754262
1569673027
2592794292
2774346247
1655747541
2592836189
2597705291
1569726062
1569835029
2593013467
1570040602
1569815435
1737777635
2774495730
2808627732
1569940076
1569762054
1569917697
1569831847
2070045524
1558420837
2812418306
1569918064
2683109801
2786291187
2809047645
1569930529
1569737229
2793191110
1570015830
1569758664
1569806245
2813036384
2592827393
2790450524
1569927747
2795658295
1569761790
2070044667
2786243015
2592807182
1569862109
2592938392
1569727607
2592976161
2786347291
2812888507
2801756337
1569664314
2592826012
1569941609
2592947295
1569940150
2592794269
2786312898
2592791032
2595215566
1569897522
2792997111
2786276853
2787748934
2774370527
2774352192
2774406821
2774321550
2812869684
2787791539
2593069986
1655516250
2792852037
2786323179
2593066682
1569865100
1569677068
2807128507
1556438923
1569656144
2592800729
1570031024
2592826098
1569928779
2786218883
2592787362
2592792395
1569678516
1569832504
2807154179
1569708294
2070033395
1569719194
1569852298
2786276564
2592797026
1569670456
1569702240
1569816505
1570032711
2774423141
2592944329
1569878298
1569751899
2807162634
2738583059
1569811915
1737102571
2600155386
2774364680
2592973765
1570015441
1569948486
2786274835
2774446628
2774480891
1569680522
2774342814
1569922424
2809056835
2592799038
1569832283
2593044036
1569860052
2774361362
2774399857
2812441792
2795218869
1570010745
1569913410
2592795686
2592834075
1569905952
1569734635
1737007039
1569739759
2070046402
1569948563
2788472548
1569660520
1569710427
2789807881
1569944090
2592925179
2592831202
2786296246
1569844757
1569883690
2786289241
1569846357
1569833961
1569815033
2790235628
2774370544
1569825410
2786320260
1569894853
1569668872
2809030201
1569863576
2813149492
1569686417
2592831111
2592971405
2812746442
1570016295
1569840500
1569723610
1569690044
2592794865
1569943368
2787903518
2592800522
2592802351
1569743696
2813036362
1569663138
2774445502
1737233122
2593061578
2593004879
1570020116
1569900935
2808147225
2774443981
1569761001
2812473137
2592829874
1736416412
2812920451
1569665972
2789951099
1569665539
1569823467
1556668023
2787772209
2792928390
1569942382
2774386864
2599683328
2592789351
2786239053
1569883836
2786256612
2070037110
1569664792
2603340167
2786323276
1569664619
2600260941
2786256972
2774456200
2787937763
2593088588
1569812548
1569810073
1557022540
1737779792
2796436061
1569835957
1570020011
1569680680
2786234366
1569734215
1569949345
2799040446
1655647788
2593038268
2786358879
2807788307
2786355870
2593005310
1570031939
2592793325
1569658191
1569878061
1569948627
2774523673
1569675492
2592796170
1569831213
1569710111
1569750537
2774373506
2774353014
2786261326
2774391546
2774413136
2592793582
2792494410
1569743266
2806615739
2592805797
1570008592
1569723272
2786223402
2592959691
2594262396
2786244748
1569703033
2593011375
1655471093
2774437918
1569879311
2774318279
2070031941
2774373319
1569853014
2786323421
1569815657
1569730362
2786282428
2683295360
2774523552
2592859869
2774410307
2593010145
2786241092
1569698909
1569842910
2774483769
1569658960
2796437974
1570018807
2592882574
2592824246
2592787886
1569715365
2788129597
1569756357
2774359336
1569897577
1569913517
1570015211
2812758986
1569871487
2809004665
2774390873
2786348201
1738137284
2593054717
1570008851
1569715927
2786235150
2786259897
1569811931
1569680006
1569842491
1569672679
2801844538
1569656156
2070028708
1570022896
2070019245
2792931398
1569898551
2792501787
1569715888
2070027162
2793298897
1569684658
2786256294
2786238383
1569906056
2592794810
1569846378
2602749038
2807253220
2593087105
2070048982
1569874982
1569857606
1569737420
2787777720
2809039392
1569698387
1569880576
2788659942
2786214487
2786296159
2070017218
1569700412
2592865053
1569857740
2774455555
1569825641
2786212127
1569908084
1569848767
2593066518
1655646047
1569948903
2774350545
1569920635
2592843263
1569803068
2592868131
2593095055
2594514058
2592983336
2814047654
2592956735
2678473248
2786364537
1569825939
2070022601
2592800684
1569921254
1569942095
2592856631
2786261395
1569939313
1569849614
2786307291
1737779306
1569705172
2787799876
2774356740
2070024128
2774409829
2786289375
2774324834
1569703977
1569947582
2070050822
1569690861
2070030530
2070031670
1569917628
1570039489
2774365783
2812569500
2592840041
1569837351
2786245498
1570041415
2786313150
2807082888
1570037646
2790441985
2070053562
2592805942
2774484569
2774445001
2774333362
1569689673
1655465432
2774492620
2774507252
2774318440
1569916317
1569720353
1569827871
2593079787
2786273238
1569726003
1570017290
2592851912
1570011124
1569667394
2786210987
2812680293
2592790040
1569690712
2806993042
1569817056
1569902668
2594271952
2593620632
2795193712
1569809844
1655510911
2792931610
2787771597
1569946792
2786229271
2592967976
2812473224
1569815739
2806618793
1569835669
2787819077
2809109675
2592794691
1569845882
1569942112
2593054428
