1468096608
1467917940
1468373121
1468141313
1468373128
1468046716
1469424833
1468116051
1468217942
1467918521
1467887892
1468041038
2604438717
1468046730
1469389128
1468050008
1468340838
1567645188
1469389359
1468048293
1468351044
1468373114
1469327340
1469376573
1468050627
1468217034
1468270886
2604439752
1467868118
1469369283
1467872033
1468122927
1467902722
1468010840
2604439664
1469383229
1468041105
1468351029
1468007824
1174059419
1468099331
1467986632
1469351619
1467872119
1468046694
1467887441
1468141305
5490989
1174059463
1468041098
59937929
1468220209
1468007701
1467870680
1468163322
1467885799
351223381
1467866691
1468285036
1468373143
1468024822
