1467905391
190967556
1467878239
1467919774
1467893136
1469364473
1468082160
1467884369
1469286943
1468002921
1468046849
1467975209
347375715
2792575
613170513
107614607
1467891611
1469349149
788044382
1469415469
1468278816
1468049344
1467978293
1467936701
651247073
1468018671
176441879
1467975862
1467910959
1467910810
1469422011
1468075684
1468340526
1468010861
1468010692
1467871394
1467878835
1467885566
1468012320
1168968566
1467918943
1468018300
1467899053
1468353658
1569787192
1469356970
1468077267
2644087936
1468028533
5461670
1467980184
1467969511
1468002286
1467911591
1467868090
154912011
1467975778
1469318805
1467884734
60533728
129319778
1467871481
1467875296
1468049632
411249412
1467932827
1468410195
1467870890
1468220201
1467905923
1467934672
1467886235
1467923888
1468341784
1467879552
411704427
1468047860
2693937
1467901632
1469335069
1467898309
636796945
2634725616
122280467
210356694
1468024260
378938223
1468023758
299814479
1468023777
622050361
1467897467
2604439219
1467905457
1467907163
1467944747
1468024250
1467886687
1468135122
3005328
1467920311
1469253737
1467915328
1468264751
187187929
1468013038
1467916053
1468047240
378937033
1468039807
1467910339
1469288899
1467980247
5448577
790253278
1468045664
501141808
1468371733
1467868804
122587715
1467877411
1467878225
1468118376
190967567
1467902587
1467877736
278989958
1468310831
1469312942
636987713
1468277679
1469300400
1468086936
3004004
171498803
1467871215
1468260865
1468167515
1468370069
1468278924
1467877141
1469319879
1467878199
1468040461
1467976035
5465154
1468428976
190967545
1468071357
122138382
5246079
125065571
1468034738
1467980272
1467878188
2211264
1467875858
787375939
1468373202
168116841
1468160670
1468023720
179913543
1467907362
1467885307
1468717808
787598592
154655146
1467913883
1467932442
1569583482
1467904354
103047057
1467888390
651611295
1468368381
1469377691
1467885927
1468017310
1468356295
1469292984
170982134
1468020459
644220474
1467894597
1468174117
1469314627
1467976306
1467910391
1157831107
1467915696
1157281366
1468218804
1467982595
1467876496
1469370922
1467886466
1469432051
1468002135
1467928724
629228237
1467892254
1468348512
2647510955
1467879231
1468014376
2756730
1467892046
1467980164
349313739
1467875006
1468010592
1467879524
166412133
1467879018
1468012588
1468007711
3529
1468190412
1467917156
1468018124
194058756
1467876067
61103881
1569772068
1468047458
1469300476
1031425153
1467876810
1467866677
1468363743
1468040421
1467877604
124563508
29758512
1468058347
138018465
1467883803
1467895044
1467935532
1157831129
608573732
1469380739
1467983276
1467870496
1468306463
1469412359
1467918460
1467901893
1468338188
1467923315
