639938970
383197859
305267042
1469353161
1467917143
1467938196
1468009211
1467877208
52908417
1469415535
1469360789
154891469
1468030701
1168580195
1467972257
794588607
2903019
1467936038
2702083
1467903042
1569772195
1468011618
381193721
1467935919
1469336564
1467903975
1467882380
121555656
1467975849
1467883737
1467911171
670376080
1467975737
1467971022
1468267960
1468707016
1467910461
1469303060
1469333022
1467975836
1467976024
347542167
60530393
1468025741
380505015
1467911343
1467898557
1467913450
1467935857
165236853
1467886536
1467975680
1467908585
676438865
1569593751
1468011647
2636590395
1467898083
166067123
1467896405
1469381553
385865946
679743817
2642238
348338212
1468049228
184774526
1468015586
1468008811
5445305
2752095
1468018145
1467894065
1467925702
128840573
1468025890
1467976142
1569780246
1467935894
1468039828
377758815
146688921
1468054135
1468223899
377821045
1467936813
667044818
1468039577
98897360
1569575885
1467873313
1467975920
1468048803
346649386
