1467994873
1468019272
1467994780
1468030019
1467878601
1468164454
1467986387
1468374958
1468330541
115215861
1468374902
1468196579
1467867285
1468097930
1468374966
1469387853
1468278855
1467975242
172732233
1468303938
1467980933
1468300220
1468213212
1467994741
1467980943
1468279846
1467978336
1467980818
1468098297
1467980417
1467889952
1468024573
1468049783
1468308650
1467897398
1468095317
1468300173
1467986365
1467868718
94890401
1468299981
1469341199
1467994505
2369146
1467909349
1468279798
1468054720
1468098265
1468300212
1468318208
1468097922
1467975230
1467887659
1468367588
1468308642
1467869473
1467900133
