45987930
1467881193
1467980235
1468043977
1467895264
1469334016
1468011609
1468014396
347135246
1467932841
383213448
1468285371
1468043867
510812848
1468045229
1468714065
1468049518
1468324376
191988592
690128
194077374
1467903511
1468050067
1467874654
359591152
6257054
1469362368
1467932396
337020305
1467984489
1468047077
1468451088
1468244802
1467899424
193808821
1468304511
112820110
1467896799
1468045100
1467877163
1467979959
1467890981
1467975900
292802
1467975627
1468043984
1468371833
1468008821
1468163116
1467907537
1469303350
106790437
1467975826
1467876613
1468170932
1468039862
1467885079
1468285355
1467917979
1468015933
3708936
1468370061
1469294107
1467919787
1467909362
1468045657
687648
1467897007
5345506
1567829573
5485376
1467979968
1173934105
1467888594
1468165504
1467977475
1467920026
630067963
1468200688
1468288786
348277775
1469334213
1569586535
346903694
1467975702
1467890461
1468037889
110981745
1467977461
1468049511
377867937
152232793
1467970934
1467872529
785922314
1468162623
5489144
1468023788
1469347909
1467878555
1468040259
380042430
1469292932
348185166
529547138
1468134444
1469399184
1467975816
1468012296
1468011893
1468266440
1467976152
1467932954
1468022095
1467911611
1467910471
511321613
161304261
1467877551
1469364576
96225376
380592959
351278824
1467976048
1467975262
486891108
672343012
631799096
630136731
1468004540
1467878871
496099903
63169727
1468223891
1928145
1469309671
1468008763
1469335633
1468010606
98371333
1468048353
1468010648
1467871750
