1468096608
1467917940
1468373121
1468141313
1468373128
1468046716
1469424833
1468116051
1468217942
1467918521
1467887892
1468041038
1468048543
2604438717
1468046730
1469389128
1468050008
1467914162
1469425213
1468340838
1567645188
1469389359
2767657
1467866691
1468351044
1468373114
1468050627
1469376573
1468217034
1469369283
1469327340
1467872033
1468270886
2604439752
1467868118
1468122927
1467902722
1468010840
2604439664
1469383229
1468041105
1468351029
1468007824
1174059419
1468099331
1467865831
1467986632
1469351619
5490989
1467872119
1467887441
1468141305
1467904948
1174059463
1468046694
59937929
1468220209
1468041098
1468007701
1569799170
1467870680
1468163322
1467885799
351223381
1468048293
1468285036
1468373143
1468024822
1468007787
