1469382710
1468332750
1468409408
1467875985
1468040079
1569604393
1468001902
1467911560
349731146
1468008547
1469355642
1468046813
1467868131
1467873324
1468099030
1468049164
1468300244
1469375324
1468081077
1467873011
671553655
1468013295
1468055374
1468001961
1468002124
1467900620
146688767
1467896427
1888927
1467883157
1467937279
193558320
1467913312
1469336121
1467985050
1468043971
1468042924
1467888318
1467882503
1467869921
1467975990
1467867176
1467892552
1469262794
1467910702
1468314589
1467876008
1467922942
95572399
1469347702
1467892784
1468098057
1467876178
1468117328
1467881377
1468346523
1468043903
1467965407
1467917752
1467868045
1469414215
1467886607
1467910899
1467867255
1467911752
1467900456
1467876560
1467877482
4407767
1467923905
1467871778
1468032369
1469403003
1469430913
1467917051
1468063846
1467975141
1467897234
1467868692
1469395952
1467869737
1467924024
1467874972
1468034711
1468197186
1467879445
1469300322
1467913386
1467902576
1467867736
1467878398
2998305
1467872625
1467917204
1467875846
1467880624
1467877629
1468046402
7281120
1467986477
353317091
1467866648
1467893972
1468197202
1569604268
1467894435
1467899889
1467909303
1467910914
2661980410
1468163553
1467899206
176174397
1468232135
1468672135
1467877450
1468305337
1467886730
1468030037
1467868204
1467869144
122926603
1469402817
1467910797
1467898131
1467919245
1467922223
1467902407
1467867945
1467900858
1468371122
1467900262
1467890527
1569589874
1468048928
1467892444
2604440148
191142417
1468375887
378704738
305747815
1569793065
1467887498
1468046632
1469433695
1467986599
1467894816
1467880519
1468097914
1468205472
1467966542
1468014159
1090806234
1468022055
1468299262
1467873155
1469368745
1468300125
1467878978
1468346515
1467917177
1468359558
1469388122
1467916182
638484273
1467917858
1467967445
1468300228
1467877057
503061554
1467872423
115445870
345948949
1468293590
1468012885
1468079396
1468034731
1468313457
1468312604
121787785
1468324992
1467889928
1467980620
