2787762839
2774392548
2070067729
2787800708
2774387220
2786296072
1570031926
2774388044
1569948486
1570014808
2793388098
2809013529
1569712720
2788959673
2786243487
1569875302
1569678859
2774357412
2774352995
2787809546
1569689218
2786251189
2070022720
1570032626
1569658946
2592845223
2774519695
2592806633
2593037357
1569915377
2793042047
1569854843
2774400595
1570029257
2786243796
2593011753
1569939173
1569752276
2774424863
1655456113
2788130960
2070020297
2796913134
2786281417
1570016531
1569722481
2803458343
2592807483
2812569500
1569719424
1737778196
2592798026
2774394827
2592795828
1569710111
2592994990
2592793675
1569811526
2682216835
2804612639
1569918533
2070015765
1569663665
2789946922
2593059395
2678473248
1569850301
2786294680
1569816073
2594553469
2793538282
2592824228
1569948799
2593035441
2804652664
2070042658
2786273555
1569676933
1569687950
2808459274
2774406224
2592843112
2593050437
1569862109
1569878495
1569840156
2809011579
1569885756
2592986685
2795580162
2593094534
2592816559
1569683509
2600156427
1569821363
2774477750
2070017878
2592796477
2774344885
2786336862
1569674422
1569883636
2592803960
2814036092
1569832776
1569743696
2592959417
1569918702
2786276659
2787752524
2592963556
2786297873
2774400415
1570028016
1569687556
2792988725
1569675943
2774357572
2774412157
1655370133
2592869315
1734283228
1569743333
2809071437
1569751685
2738477910
2786318025
2592795206
2801617268
2786307013
2808609106
2799002557
1569906303
2791257674
2600157977
2592827583
2593033196
1569663925
2805364405
1569871322
1736864731
1569817630
1569706017
2786234366
2786254667
2786244142
2070038786
2592794671
2812451817
1569885649
1570011124
2786221503
1569889231
2809049056
2790090564
2592848250
2786213722
2592798199
1569672507
2070017296
1655605030
2592798133
1556422339
2786239793
2808788179
2786235705
1570014493
2809191645
1569863589
2600420654
1569944161
2600156278
2805386092
1569672679
2787872315
2786323348
1569677890
2592799056
2791159924
2774451115
1570029080
1569762541
1569901733
2592985928
2786234940
1569746494
2600417855
2806721757
2774461343
2809028822
1569899973
1569805055
1569760875
2774345805
2812750907
1569670415
2786252535
2592805594
2774443564
2774394012
1569820624
2774409356
1569809075
1569904379
2786217820
2592862404
1569851194
2786314966
2812473510
1569670952
1569893964
1569897244
1569840479
2592993558
2070020148
2070044849
2786235876
2774475968
2774423785
2792954610
1569669472
2603713959
2594430213
1569894498
2796691120
2796634127
2788120238
2592854316
1737779792
1569689165
2593094343
1556668023
1569755312
2592799012
2603159901
1570031392
1569717923
1569736539
1570006697
2793298897
2786219923
1569672460
2793277593
1570040765
2774397138
2592822759
1570015552
1569659745
1569942971
1569762118
1569819235
1569662218
2601511481
1559149106
2592844883
2792550655
1569920697
2774349546
2592794829
1569928498
2600380022
2807161016
1556084648
2070047750
1569943705
2786234510
2786305301
1569822916
2774328177
2799492544
2592808436
1569670212
2792923906
1569859307
1557912587
2786232480
2786222237
1569723186
1569890839
1570007990
1569688268
2593028943
2774503936
1569736560
1569683555
2592835969
2593018861
2807302281
2592920710
2774359336
2808152046
2809057729
2806867137
2812505356
2808989013
2774523525
2807061580
2592803941
1737777278
1569670966
1569730749
2813223026
1569850577
2592793691
1569713691
2592797026
2594262063
2812454852
1569842249
2786332628
1569943565
2786300703
2592993528
1569739759
2787919483
1569677035
1569848857
2592795054
2786258663
2593068637
1569750348
2774503462
2786284959
1557023765
1569863576
2786281145
2677650796
2599692821
2795307686
1569657312
2592796789
1569920959
1569807271
2787925624
1569672067
2774393207
2786221820
2592807373
1655658743
2592811269
2792923352
1569891589
2786257153
2592956735
1570040581
1569664843
1569845301
2786244748
1569833440
2774419714
1569674763
1655741498
2774429806
2070035231
2786253810
2592843491
2786275756
1569946061
1556092690
1556983113
2809213856
1570016174
2592817975
2592811313
1569660255
2601427197
1569946865
2592920690
1569680351
2593001977
2592787270
1570008768
2801702156
2592862481
2592812876
2774411579
1569879329
2774433976
1569675421
2592807352
1569684023
1569694762
2592838556
2070017707
1569662324
2786245469
2774351509
2786302264
1569674006
2788011256
2592829670
1569859823
1569688336
2786352658
1569730807
1569762451
2809003968
1735762685
2786342431
1569948817
2592812553
1556117355
1570007734
1570014179
1569944017
1569760935
1569842491
2786313237
2786276321
2795384243
2786219036
2774443486
2774373336
1569665680
1569913721
2808995939
1569672053
1569709360
1569752409
1569666871
1569680264
2813149492
2592795271
1569716379
1569942369
2786325893
2808804515
1569930097
2786243465
2774461493
2774455555
2593059460
2723635611
1569690881
2786274257
1569755402
1569889915
2592841268
1569933569
1569820192
2813223049
2592810607
2592815948
2774395658
1569920576
2592808793
1569681599
1569754057
1569722707
1569674672
1569657424
2787739805
2812766784
2592794691
2812579496
1569900486
2594098849
2070030793
2774424814
1570014667
1556918734
2683295360
2592975145
2070030057
1570016725
1569923402
2592864244
2786250032
2790209016
1569716418
2593064837
1569734096
2592870055
2786263121
1569822606
2592810625
1570035265
1570024400
2592807801
1569730669
2070044784
1570015672
1569667363
2786279247
1569719016
1570011804
2787995298
1569710719
2786260521
2786310420
2070048056
2792527538
1569694501
2592966512
1569854349
1556539544
2592984834
2812764972
2786328123
1569927327
2593678896
2592983336
2809279475
1569756937
2774442691
2593009940
1569890178
1569666044
1569897197
1569812565
1570008622
2808146254
2786334461
2592845411
1569944032
1569918613
2592969648
2592977412
1569894520
2807523228
2592865547
2786249924
1556342803
1569731613
2774441944
2592851994
2592963062
2801635724
1655642585
1569820572
1569812813
1569898337
2786313863
1569917208
1569682085
1569842809
1569697551
2809015301
2592792928
2594350871
1569813304
2593064166
1569931637
1570016278
1570015601
2805487278
1570029702
2806627093
2592971471
2603037428
1655536534
1569659518
2774328104
2593014558
1569844326
1569666539
2774393395
2592821304
2593037229
1569835474
1569864241
1569842910
2795302436
2814512032
2814217930
1569871487
1735762721
1655568987
2788254327
1569665057
2592868047
2070015795
1569905997
2786226079
1569846339
2593086273
2799091542
2592862719
2808991180
2800740300
2774365913
2592959705
2592839493
1569681881
1569736681
2774419699
2809213765
1569830148
1569828977
2795238394
1569847953
1737774054
2786274835
1570021073
2788680520
1569715816
2603892884
1655510212
2592796247
1569825802
1655622420
1570031122
2815037481
2070038200
1734043342
2592796191
2592845608
1570014680
1569808906
1736876759
2774462858
1569684531
2786232954
1569896900
2786212438
1569749998
1569897029
2603781433
2735849094
2774443125
2786319071
2592836189
2787991493
2594553537
1569676302
1569884019
1569867668
2070077567
2592984262
2786243702
2593056744
1570009965
2593063264
2786328075
2070015780
2774329996
1569704270
2800645495
2814015730
1570015346
2592831267
2788239007
2597709096
1569857660
2600485251
1569939624
2592830144
2786253927
2593086047
1569687400
2592789975
1569848410
1569823811
1569914908
1569917596
2070027162
1569927611
2592934183
1737007039
2809109797
2786243680
1570019120
1569749823
1569945502
1737774386
2774388865
1655673180
2738203736
1569657118
1569666653
1569899409
2592945959
2808613748
1569894460
2786275001
2070044973
2592801470
1662417225
2070015847
2786211458
2603162288
2786358947
1569704257
1570009369
2786214719
2786318735
1569825130
2774509152
2786290706
2592837238
2681997681
2786235864
2809019989
2792444880
1569877288
2592810834
2814047619
1569816619
1569672808
2809047605
1569757855
1569710413
1569758183
1569913957
2592807415
1569761001
2790493662
2786234048
1569657947
2592798615
1569871064
1570025249
2592945756
2592803774
2592994116
2786242828
1569670613
1569840742
2593995497
1569753584
2809000486
1569836012
1569953397
1569885664
1655671256
2600235565
2809038520
2809042562
2592807307
1569814176
2592792492
2774466546
2790003397
2787819077
1569675262
1570017562
2787812361
1569803158
2799901032
2788145017
2774439084
1559223522
2786295381
1569911253
2699594832
2774393418
1569879254
1569656900
2793109909
2592795611
1569753023
2592817203
1569664314
1737775315
1569915975
2786214737
2786218883
2786273193
1569664814
2812761542
2812782418
2786223422
1569808488
1655208169
2602566551
2774495730
2593031217
1570027278
2593079787
1569944711
1569757643
1556121788
1569934707
1569919066
2786280411
2593034683
2070033582
2814036001
1569701430
1570015331
2774506051
2592800663
2786322710
2786364857
1569840130
1570027738
1569814424
2814012508
2592925179
1556244252
2592935936
2787773569
2593065858
2592801638
1569913228
1569940603
1569893979
2070032212
2786359708
1569871403
1569850281
2592858607
1655717569
1569828787
2592809431
1569854971
1569844885
2594427388
2592975776
2592826224
2594430183
1736885335
2813201979
2774523673
1570016577
2799105762
2786340444
1570014166
1569882447
1569744803
2786299504
1569952265
2800723228
1570008158
2786321296
2592866492
1569891109
2592792775
1569879186
2774392239
2788659942
1569812021
2592838837
1557076218
2593088970
1569710322
2774515470
1569922733
1569848997
2792527511
1569688298
2593087016
2592792395
1570037258
2592808547
1557838265
2809044549
2593641968
1569665071
2592852404
1737774045
2592803893
2791058812
2809590550
2774366832
2070044731
1569818781
2592853688
1569870416
2807282994
2799409339
2815094925
1569831287
1569917697
2774424882
1569878036
1569823919
1569667654
2786299808
2592796416
1569931224
1569665027
1569932823
1569715428
2774396196
1569695639
1569953675
1569861267
2070019245
1569877912
2786211081
2799316214
2786244882
1569752249
2774373096
1655678769
2070031670
1569852123
1569918777
2809587268
2774402095
2786313619
1736416412
2774462588
2774359700
2599701042
2600161556
1569868563
2592959691
2774398264
2593014985
2786280872
2788130726
2774450834
1570009682
2774401498
2593097427
2592805159
2600216641
2786229271
1569726048
2774422703
2801844538
1556100415
1655679918
1569827871
1569951579
2592787440
1570015925
2070021397
1570034513
2592860125
1570026918
2786291881
2808806004
2807163196
2801626134
1569715640
2592790242
2600600850
1569664133
2592793223
2774318279
2786281917
1569864849
1737775174
1569951293
1569756990
2592804699
1737779526
2593084179
2774370963
1569883060
1569736213
2801019667
1570009432
1569756043
1569897609
2592795999
2786235136
1570008173
2786276564
1569750031
2070044822
2799408770
2808260992
1569731048
1569953832
2774373194
2592799679
2787903099
2592895428
1570016193
2809213723
1569677871
1570041415
1570011363
1569736752
2774366659
1569670484
2593058365
2786216244
1558848907
2801617738
1569921003
2677391063
2806993076
1559177176
2812569541
1569825726
1569747517
1558665944
2593032608
2786231597
1556393152
1569656289
2592805347
2592977699
1569906176
2786319709
2788121409
2789363521
1569730004
2787819059
2593010356
1569870630
2808616121
1569802869
1569754799
2593678608
2786273238
1569848889
1569667008
2786221430
2592852420
2809034873
2786319337
2809006988
1569719194
1569930515
2592802512
1569656144
1570011707
2786275770
1569843570
2786212610
2592827348
1570016146
1569705151
1569915491
1557065664
1569930660
1569944368
2774492095
1569946310
2600260941
2774422141
2593054752
2070018169
1569695691
1569743105
2774393378
2676758410
1569906757
1569757840
2592804721
2774410548
1569688526
2774337650
1569738125
2774379208
2774362606
1569743375
1569664121
2774502197
2801476019
1570017239
1569672400
2786323179
2812979931
2786251135
2592858229
2774396639
1569865176
1569716567
2596861874
2786241238
2785385438
2593052036
1570015054
2774473527
1569697540
1569868167
2592840154
2812489732
2070048251
2592795704
2592961681
2070038947
1569814411
1569664452
1569803396
2786254998
1569943400
2070046725
1569661306
1556309712
2797072214
2592865494
1569757870
2786321083
2774331441
1569660163
1570001080
1569843095
2786219064
2808770637
2592793282
2786313899
2592813945
2592798369
2786216727
2592965434
1570041305
1570032407
2809302724
2592814330
1736416359
2807764367
2807216834
1737779819
2070068660
2774406237
1569762667
1569662309
1569754672
2786276451
1569659952
1569803833
1569947956
2808990289
2774393995
1569835029
2592830983
2787812411
2789788540
1737779078
2774361362
2592868950
2593049086
1569750374
2793298920
1570032030
2592800910
2786219937
2592793166
1569810110
1569948133
2592853803
2592947295
2070054426
2786223027
2592790742
2600235633
1570037540
2791159868
2070016644
2070047025
2599686383
2592979314
2787777720
2593614476
2809145607
2592814062
2774496670
1569858785
1569833961
1569727736
2594261537
2592793795
2593061283
2786257325
1569870616
2786435568
2592813892
2592858363
1569837432
2600162216
1569873329
2676886359
2592790607
1570016682
1569905480
1737777321
2814015204
2070047275
1569872110
1570000513
2786219147
2792840084
2786227371
2592968979
1569945630
1569871460
2774333362
1569660520
2592849264
1737777291
1556591551
1737779377
2774506190
2808988765
2809025610
2676971639
2592808889
1570026220
2600257439
1569686521
1569910525
2786323191
1569703721
2774362237
1569820642
2592975032
2786297009
1738160403
1569713522
2790493592
1737777206
2592827752
1569702980
1570006711
2593050832
1569743473
1569675480
1569708294
1569888860
1569862081
1569814688
2796437906
1556668097
2807128567
2592793778
2592810033
2786299706
1556290390
2786256972
1569945273
2601483647
2786349550
1570007974
2070045138
2786317901
2786273474
1570022932
2592830369
1569716320
2774390598
2813157415
1569742256
2592805267
1556802822
2786221871
2592882574
1569882952
1569869679
2593080954
1570033482
1569949934
1569856707
1569902668
2593043999
1569806529
1569753085
1569840695
1556283556
2786321119
2808773692
2600158692
2788123870
1569883836
1558848184
1569675882
1570016501
2808627732
1570038041
1569678981
2592799567
1569673238
2070043604
1569742601
1569688791
2592869338
1569930476
2774420705
2793163322
1570017465
1560765828
2808216901
2774333341
2786280398
2786363293
2774431878
2792781776
1569923470
2774441808
2593083563
1569812172
2808985956
2070017257
1569759608
2807462792
2592810965
2786233274
1569663138
2814035878
2787819121
1569665523
2793059841
1569826926
2592814172
2070044268
1569715386
2592794269
1569917628
1569951413
2786326902
1569680602
2070026481
2808244848
1569833615
1569923500
1569833808
2592858899
1569903987
2801596392
1569723610
2786238853
2594488291
2786240200
1569888576
2812478895
1569680198
2592969227
1569715403
1569663392
1569944182
2592808153
2070016279
1569664344
2774446583
2774445463
1569832978
2774410563
1736441928
1569870427
2774418140
2786238993
2774413136
2070016657
2592796081
1570028781
1569672137
2592813841
2795904877
2786240701
2774515756
1559732252
1569922751
2786300973
1569876456
1556845135
1569864998
2795656303
1655710461
2786283109
2592805569
2786212937
1569839393
1738187587
2786282445
1569677118
2774444795
2593011423
2592987335
2786323276
2788684361
2786313593
1569715253
1569683363
2793172948
1569672974
2786317913
2070035185
1569739931
1569951265
1569681451
2786323853
1569942908
2786212511
1569679089
2774480607
1569722651
1569735566
2774373688
1569699231
2809005833
1569803958
1569685620
1569664270
1559899742
2812541461
2070045259
2774458700
1570037945
1569679611
1569820797
1569714150
2786274591
1557777030
2786239914
2774321550
1570020631
2593069972
1569910781
2774471097
1655636006
2593050953
2786321095
2602749038
2793212477
2787850658
1737775789
1569670294
1569892056
1569709955
2594056700
1569897541
1570014044
2786239805
2593029311
1570018075
2795428672
2592795548
2774398848
2592950445
1569916195
2796434887
2593005310
1569915706
2789361971
2592908819
1569755784
1569816349
1569667682
1569870401
2814028946
1569745599
2788680797
1569715966
2812761704
2793165032
1569908036
2592798047
1569756704
2786260743
1569882345
2592985411
1569757575
1569727607
1569680006
2593088954
2070054950
2812888507
2799094400
2774425348
1569949923
2786332750
1737079871
2592812942
2774472741
2786234412
1570011540
2792843217
2592801233
1570035440
1569816167
1569870180
1570027663
2812920532
2792849187
1569915823
2807162592
1569927573
2794578528
2592959161
2809042626
1569932268
2592968665
2592836468
2808243642
2806021971
1569678141
2792954633
1569802672
1569888815
1569679035
1737775593
1569670022
2600315244
1570013065
1655568157
2070046402
1570032241
2593027970
1569684452
2786227957
2070044542
2787809452
2600296209
2795304052
1569752374
2592899929
2788974930
2592815269
1569736087
1570032711
2593011375
1570009880
2786257125
2592884167
2793277807
2593064067
1569689550
1569891688
2786316556
2786323528
1557326718
1570016392
2592788407
1570015534
1569865209
1569698909
2789692626
1569932541
2592849017
1569844816
1569838089
1569680457
1569843041
2809013779
1569717019
2813222304
1569815296
1569715570
1569673717
1570021980
1569940315
2786295015
1569831178
2592795436
1569816839
2807525726
1569677844
1569952349
1569690983
1560292851
1560716656
2808527876
1569811915
1570015228
1569938306
1569921254
2806614749
1569923349
1569848959
2070017205
1569754567
1569670376
2788125828
1569836969
1569916304
2592796753
1569949080
1569947286
2592806384
2592827089
1736864530
1560793432
1569802746
1569738271
1569853688
2774509591
2593064489
1569840896
2800732381
2592803511
2795206058
1569816725
2593052053
2593087411
2774451626
2809003060
1570008218
1737774514
1569816053
2774318068
2792923748
1569705439
2774368723
2593499516
2592799157
2786218847
1569947544
2786311640
1569694834
2786231917
2799057864
2774426439
1569821158
1569724266
1569928994
2592989157
2601435702
2592996177
1570011293
1569686071
2593035409
1569688104
1569917807
2774435455
1569697935
2600164313
1737007017
1569712828
2594195411
1569734011
2809434570
1569953961
2593063875
2792913060
2812473299
2786261686
1569715901
1557839580
2592812222
2070045177
2786300198
1569815670
2786223382
1736302321
1569902703
1569720335
1561676449
1570033878
2070035934
2774326757
1569918079
2814511974
2786220134
1569666372
2795241942
2791058890
2592796715
1569674182
1570006984
1569942952
2788659571
1569675588
2774359177
1569753119
2774341074
1569930623
2774396833
2070022541
2592813190
2812598786
2592803097
2813843916
1559557362
2814126714
1569872709
1569876502
2600158647
2774504257
1569812548
1569663380
2592812682
1569684084
2592805925
1569726554
2786257139
1569828567
1570007402
1570014640
2593022800
1569718595
2601439256
1569667772
2786218564
2786319868
2592988138
1569827562
2774475644
2593035395
2786237966
1569855965
1560017016
2592805380
2806617000
1569815623
1569903974
1569922843
1737308143
1569949267
2070030039
2805429130
1569948473
2786273114
2792818466
1569756544
2807135514
2599693018
1570017388
1569716089
1569679342
2592821750
2070044686
2774435566
2592796810
1569682004
2592799638
2592805284
2070022088
1570010657
1569694794
2786322794
1569917100
2592838234
2070043515
2786282409
2809128566
1569857676
1569888985
1569666621
2592992973
2786222194
2786296147
2793009743
2592806592
1737779355
1569749098
1569753596
2809039392
1570009296
2592939070
1570027830
2592791707
1569742911
2774422735
2594122645
1569928243
1556438923
1738187809
2592843263
1569715134
1569939380
2807282249
2774376962
2070016670
2593067021
2592965038
2788122108
1569806245
1569711298
1569948978
2592811709
1569673767
1569725959
1569715914
2592820784
1569816697
2594524539
1569755186
2786271750
1738479717
2799375256
1570009981
1569671266
2592788134
2593093484
2788287304
2807162570
2787741497
2786237768
2592796016
2070028559
1569758109
2806621128
1569936222
1569944514
2592971405
2592796920
2592802896
2789362048
1569675189
2592799623
2592801402
1570028875
1569943509
1569715196
2592794654
1569720491
2786399897
1569685363
1569660273
2789542711
2592789782
2809003638
2774391546
2795502115
2796438571
1570035241
2789364520
1570014192
2593089769
2592803287
1569921678
1569839381
1569938022
1569906248
2070029450
1569811238
2786240685
2813609252
2593458309
2594256729
2592843152
1570000272
1569906523
1569938589
2600374244
1569922828
2812831822
1569840500
2592943287
2592819313
1569900024
1569762088
2070019462
1737779706
1569941631
2786305357
1557283934
2786313328
2814035953
2812685371
1570011614
2774407466
1561125279
1569691267
1569716912
2592851898
1569803660
2592875439
1737188593
1570034269
2774435550
1569848039
1569697756
2774343226
2774383440
2787772209
1556141167
2786326979
2738583059
2786313935
2786322377
1569825641
1569934690
1569910689
2786218683
2786217365
1569913585
2786309909
1569739280
1655747541
1569932229
2774432400
2774506173
2774415794
2592994537
1570012353
2774485662
2593075878
2774445476
2070039821
2786319295
2593011407
2600266267
1569818913
2592801489
2774336861
1654746487
1569681833
1569804851
2788129597
1570018750
1569760917
2774402263
2774394903
2774329328
2592797354
1556397631
2787723446
2795438702
2786326914
2592953190
1569698387
1569926781
2683034363
1569875477
1737779113
1569711108
2592811792
2799093085
2786255170
2594534463
2070053562
2594463664
2774316978
1569836578
1569913410
1569736122
2592799655
1556121752
2070035781
2791058874
2592836820
2786219537
2592790341
2788254349
2600590606
1569838340
2792985719
1569933640
2594086239
1569699903
1569753982
1569838753
1569881870
1569934352
2680036470
1569916781
2786329304
1569668005
2774503166
1569666607
2070031425
1569860052
1570007327
1569757018
1569726417
1569698373
2592796344
2786312880
1569920559
1569951679
2774392299
1569919499
2814059784
2801540569
2070054732
2592796901
1569697984
2735775098
1569940777
2593994651
2593035982
1569856672
1569835177
2786221418
2774373302
2786238953
1569944619
1569737251
1569943225
2801757148
2787809377
2786318039
2592966385
1569939397
1570023298
1570028472
2788123972
2787991517
1569930529
2774455698
2813018069
2592959434
1570006201
2592817696
1569938473
2789954046
2594382884
2787811099
2592788596
1569893246
1569836814
2808792833
2786319681
1569668527
1569940472
2786252561
1570033685
2592797682
2786241226
1569674747
1570038611
2786309352
1569696367
2812437921
1558234651
2592886821
2809144021
2786272997
2786211925
2774360385
2774442009
1570017739
2592807650
2799409982
2592827463
2070033137
2600051367
2807256131
2786324954
2070068211
2592859983
1569658904
2592800604
1569872142
2592789123
1569830175
2592838268
2786255152
2592809178
1569849881
1570041048
2774371433
1556083516
1569750238
2809525615
1569812526
2070033448
1569709322
1569853666
1569949573
2799040446
2803424869
2786273829
1569657326
1655699847
2594463694
1569715351
1569950958
1570031739
1569947919
1569762337
2795332266
2592806726
2786296344
1569710427
1570000434
2786323841
1569752680
2593091101
1570012475
2592807464
1569697468
1737778605
1570000540
1569661542
2786313923
2592820421
1569900236
1569875463
1570010566
2786317789
2592787886
2786322722
2805982333
2786300239
2070041015
1655516094
2808777076
1569921045
2786254116
2601406233
2809004688
2593086004
1569689299
2599683328
2593051670
2592790760
2805487192
1569898729
1738137284
2070031832
2592787307
1569874773
2789526302
2786216649
1738480150
1556141301
1569710572
2774446628
2070024128
2805426288
2786253681
1734001541
2786247574
1738201062
2809021520
2774339582
1570015854
2774446500
1736943032
2812441792
1569738102
2604579143
1569751014
2592803975
2592882589
2786326183
2070025849
2593091052
2592865036
2786243015
2592829435
2592801207
2774441957
1570010091
1569722365
1569675620
2807162634
2601430063
2592806814
2774422555
1569700412
1570026563
2592789372
2593648651
2812512614
2070029351
2774484665
2600485331
2592816849
2774443741
2593031233
2792836282
2070044897
2799422772
2070046644
1569839969
1570006420
2592799038
2593084225
1569717246
2592804995
1569726003
1569850954
1737774523
2786346070
2592832200
2786235584
2676757905
2592821465
1569834466
2774503831
2809011445
2774444942
2600158610
2592803216
1556335588
2794546564
1569706856
1569928779
1569718994
2793084575
2786307291
2799238828
1569812883
2789532054
1569715614
2808995026
2593005539
2592889976
2787937715
1569859593
1561800741
1569890246
2070022114
2788289930
2788481471
2807211783
2787812473
1569900701
1569914854
2070021771
1569692429
2774438817
1569665491
1557636153
2774440258
1570029102
1569681257
2592827414
2592791032
2807804423
1570031000
2592947587
1569661568
1569741050
2804629085
2786221804
1569877584
2593072333
2774358374
1569878061
1569832333
2599685326
2790929568
1569892763
2592793650
1569696920
1569945140
2812541669
2807135256
1556430265
2788129738
1569835669
1569658762
2809398631
2787718256
2786261340
1569755052
2774443842
1569711663
2774397121
1561406991
2807154283
2788249669
1569813132
1569820718
2592957624
1569918499
1569709837
2814232194
2787809091
2592788575
1569754328
1569662047
1570027343
1569850246
1569724444
2792997111
2774445450
1569804001
2786306991
2676760965
1569847830
2809140172
2774425321
2793253257
1561658281
1569698131
1570010865
2593049286
2809138192
1569680083
1561257006
2774321343
2786255900
1556815648
1569668196
1569907580
2788254393
1569726499
2774454580
2593064429
1570009696
2774372802
1569759622
1569847392
1569803706
2594280097
1569804105
1569912785
1569748010
2603310344
1569884468
2774380929
2812680312
1569705952
1569747940
1569665265
1569698496
2814186921
2774400854
2812869684
1569680877
2787771510
1559287111
2809052819
1569942937
2070020871
2796436061
2807158716
2812732315
1737778575
2592977987
2592803252
1570012063
2786240672
1569888785
2676864894
2070033511
2592826012
2799244017
1569877614
2592791644
2812766757
1569927592
2786319854
2812413828
2070019573
2774380156
2786243051
1569911031
2786310513
1569819678
2786330391
1569742425
1569732971
1569736100
2592794635
1569743766
1569850156
1556829086
1655625469
2592974283
2809434651
2812479058
1569858130
1569734411
1569743530
1569679021
2812478042
2774337929
1558369619
1569759270
1738210938
2070067986
1569852059
1569677857
2788123901
2592795080
1569897171
1559244969
2592787283
1569927286
1569753638
1569930058
1570026831
1570016591
1569864656
2788196867
2786345200
1569750984
2592801266
2786324551
2807125511
1570015690
2738446649
1570029519
1569943835
1569882741
1570018057
2786316568
2594539403
1569820040
1559625101
2774344436
1569914203
2788013945
2807082888
1655465432
2808774698
2593051413
2070021929
2796230738
2603054080
1569921539
2792931720
2593070077
2786287791
2786224965
2774410921
2592794865
2814043925
1569870874
1570014759
1569658808
1569868326
1570032680
2592792199
2592800822
2786275151
2592841829
1569944776
2593446336
1569667262
1570027239
2592790040
1569657797
2774402612
1569679580
1654747295
2600163782
2593094748
1569728250
1569950131
1738198505
2774364655
1569933784
1569850534
2593096831
1569816487
2786241945
1569699383
2786274426
1569751726
1569692670
1569820126
2592964210
1569750224
1569689076
2070070183
2592842659
1569810730
1569657197
2593032572
1569874810
2809056290
1569674557
1569848055
1570018564
1569674331
1569692532
2070045959
1569826281
1569888844
2786312994
1570006890
2592957163
2774406821
2592791946
2592840911
1569658191
1569911018
2070027088
1569705427
2774492620
1570006791
2808774736
2809213838
2786273967
2594254849
2592800350
2792514715
2786272842
2683041528
2795302420
2774423609
1569937903
1570010188
1569912668
1569692995
1570028861
1569838132
2793059888
2785665014
2594556124
1569724226
2594405771
1569919640
2070015407
2786216848
1569687535
1569918295
1570016562
1569680689
2810193822
1569864798
2592790711
1569715875
2786237459
1569699005
2592843473
1569691659
1569949610
1569736189
1569745614
1569803068
1569831806
1569761820
2786344203
1569947842
1569662588
2593091885
2800077990
1569703699
1569815578
1738075305
1569668308
1570009249
2070026409
1737308546
2786256335
2805484286
1561573876
2593011521
1655745266
2601404813
2592964925
1570007433
1569703735
2808207109
1569927703
1569870306
1569852636
1569668571
2593061578
2789542687
2786307209
1569682071
2774446364
1569684110
2774420975
1736857304
2070019787
2774342439
1570009328
2592842878
1569666909
1569674600
2070048965
2786330167
2786307937
2774507252
2774390738
2593054185
1569736063
2789361842
2600155386
2774370544
2774452774
2807252040
2603340167
1569663037
1569715793
2592875812
1569920750
2786300338
1569753666
2592944329
1570014907
2738480127
2592809311
2813717361
2790148961
2786235251
2786317801
1569675287
1570029299
1569889243
1569717031
2592790669
1569942690
2592793325
1569679979
1569708316
2786241765
1569816594
1737778220
2786217337
1570006969
2774442972
2774354128
2592820192
2592843210
2808772127
2774349944
2592867095
2813222840
2786295416
1569902507
1569836383
2807135324
1569754354
2592796146
1569940616
1569830476
2814139482
1569661528
2070024956
1569818332
1569679061
2774441866
1569680822
2600369771
1569834674
2786325064
1559101701
2774361644
2786216795
2774389537
1569676054
1738101226
2070024881
2601430474
1569953354
2592856631
1570037459
2786241728
1570014556
1569656704
2592805665
2592799582
2801473955
2786310781
2786322406
1569672095
1569665101
2807264118
1569753866
2774441905
2070026225
1569943690
1569675342
2774500404
2774389803
2592795029
1569674317
2808840110
1569804937
2592841232
2602905453
1569921506
1569946194
2774324596
2786242995
1569676725
2774415135
2592829635
2787772564
1570007014
2774425299
2592789042
2070068673
2810428386
2774419091
1569693601
1569746991
2594464253
2809040407
2592875203
2806718825
2788713942
2809001942
1569757935
1569659575
1569908084
2592938376
2799091721
2809002260
2593076145
1569706839
1736867754
1569681318
1569913097
1569953496
1569749794
2814325975
2774336575
1655745225
1569672339
1569659627
2786211577
1569811511
1569815703
1569899096
1569921596
1569701150
2786221454
1570041438
2592807858
2774327232
1569932109
1569893849
1569844087
2812685328
1569667482
2774446924
2786318749
1569945364
1570020102
2786238532
2592863509
2787799876
2806627846
2592803564
2787822813
1570015115
2592985367
2070077208
2774360850
1655514452
1736443296
1569736050
1570000978
1570026865
1569891409
2593064158
2592875041
1569810355
2793206361
2592796369
1569851356
1570014400
1569709923
1569741037
2786238621
1569913064
1570038230
1556304104
1569669730
2592806676
2774331658
1569817073
1569879311
2774498940
1569916705
1569833464
2806618793
1569932322
2592796940
1569914750
2774430205
2593027764
2600419907
2774396150
1570016346
1569901034
1569891636
1569911896
2800732333
1569868898
2787771597
2593011734
2786297972
2592796052
2808984897
2593079542
1569951459
2792549736
2812746216
2774402940
2774358881
1570011204
1569672123
2774337583
2786242005
2774383469
1569719059
1569750101
2795241736
1569831642
1569824559
1559623830
2786241307
1737779306
1569736624
2774396906
2786210999
2774443347
1569704299
2601678808
1570011276
2592806459
1569672077
2786291897
1569658564
1569803145
1569906205
2603417840
1569921443
1569864970
2592788655
1655476706
2592837219
2592843282
1569706817
1569803102
2786215136
1569869495
1569736296
2774508631
1569820753
2774412794
1569897211
1570026974
1570000488
2593113597
1569819755
2592827660
2602412633
1662418041
2070027397
2592815586
2592798155
2795656352
1569682820
2787808815
2786386236
2592806747
1570033283
2786220982
1557064850
2594093366
1569749241
2786313193
2786235982
2786294982
2592808453
1569752532
1570017990
2786313508
1569755766
1569709971
2592796966
1569681196
1569802636
2774359535
1569662604
2774458515
2593033416
2592801338
2774476498
2070046695
2812675241
1557776894
2786322935
1569822322
2592811507
1569693506
2812598419
2774367629
2592843347
2070050822
2787903518
1569813897
2593093079
1569848767
2593037168
1569672446
1569659206
1569696892
2786218770
1569679821
1569910833
2786239888
1569668919
1570017859
1559140817
1738124354
1569917962
1569703033
1655214836
1569807447
2790486982
1557022540
1569905952
2786299577
1570006482
2070021722
2793171834
2592799423
2601471636
1556310065
1569711329
1569683393
1569919420
2592965417
1570016762
2070021991
2592922664
2593050753
2600268575
2774373578
1569886601
2786230447
1559620874
2593456815
1560438479
1570023243
1569951089
1570028910
2593069818
1655540109
1569858034
1569898040
1569866639
2732359684
1570015269
1569738311
2603425467
2593018107
2592823396
2808359455
2774462892
2593055858
2788411554
1569742587
2786296159
1569917243
1569680298
2807765023
2592851291
1569951505
2592805397
1569893947
2809002056
1569679496
2786318605
1569675604
1569732013
1569730734
1569739954
2774326717
1569869939
2070074454
2592819978
1569753105
2801019689
2592797739
2070024715
2070029339
1569872066
2602963298
2070078282
1569696960
2792505345
2774342547
1569944353
2070017218
2592819164
1569742411
1569669807
1569802994
1569877505
1569853514
1569743018
2774385978
2774440849
2774503816
2787717388
1570038070
1737778471
1569871308
1570017810
2070043056
2600282638
2600827773
1569658836
2774391255
1569850807
1570035343
2594290539
2592799277
1569665639
1562252147
1569840708
2592959778
2812680293
2070021941
2592810116
1569918361
2774437918
2774344915
2774447659
2800754139
1569954110
2774406250
2592808250
2774337720
1737777367
2786315280
2592795686
2808627671
1569845204
2786218859
1569740729
1569937716
2070046712
2070022224
2807253220
1556283625
1570030003
2774427861
1556602163
2070022297
2799909295
2592805838
1569659141
1569949000
2795309537
2592813155
1559385239
1569836947
1569942382
1569841176
1569678593
1569732924
1569805114
2812890275
2814267579
2592806797
1569863039
1569849274
1569928853
2801768721
2593079801
2593758472
1655590500
1569728013
2593035941
1569844287
2790530592
1569733827
1569944310
2786221939
2774392205
1569825783
2774409140
1570017665
1569912318
2792906091
2795193712
2808991240
2592868148
2593054428
1569933888
2592993693
2774417328
2592805013
1569846938
2070068178
2070045651
2790149056
1569688484
2812605358
1559745676
2788287260
2592793370
2592963045
2774376703
2789381555
2807152017
1569666799
2807151892
2774523552
2592830116
2592791574
1569906782
1569733969
2810270337
2774443332
2592816862
1569849462
1569900252
1655626709
2787810984
2070054903
2592800061
1569815033
2603703945
1569932142
2801633026
2774396283
2786251071
2786364537
2603291214
1570010267
2592803545
1570040806
2593062754
1569875239
1569658485
1569852559
1569865128
1561170281
1569950334
1569690997
2592960738
1559613128
2774427673
2593043950
2070047038
2807765192
2801625170
1569730415
2592797049
2786274156
1569749053
1569716452
1569656376
2600375312
2812746166
1570007661
1569911206
2792944347
1569886414
1569848250
2592797861
1569906191
2774437291
1569906233
1569868379
2809429167
2592802328
2774349226
1569875561
2774500537
2808156527
2786221442
2774516851
1569736722
1569946677
2592969164
1569757000
2592838289
1569917837
2799089235
2592801908
1570033764
2774434764
2774396082
2592809160
1570014768
1569904115
1569938504
2812579414
1737202870
1569910574
2809109777
2593055574
1569823467
2774410781
2788122819
2795206168
2786358597
1569711422
2786246941
2774362883
2786219050
2603079216
1569948441
1569830316
2592839950
2593035839
1569686417
1569865223
2592789393
1569901082
2593094612
1569734635
2793654565
2793036469
2786313947
1655741362
2593094379
2593095879
2592889727
2070041342
1569850650
2786325967
2808991222
2592790021
2786272430
2808145543
1569940455
2812575718
2787812383
1569852980
1737106776
2603638749
2774319857
2594255593
2070016088
1569896918
2593052516
1570030763
2593623380
2801866771
2809162081
1569678835
2815170096
1569898551
1570011993
2593026086
1569946295
1569824369
1569663496
1737775304
1737102571
1569696042
2801702247
2592805797
2592797477
2790494980
2593110095
1569719007
2592800477
1569658227
1569660343
2601600867
1570033735
2812679272
1569815435
2592865053
2070029760
1556358356
2786356073
1569870943
1556826683
1569729302
2786261395
2813781402
2807154835
2592801433
1557325115
1569691222
2790450524
1569916509
2683111319
1569667037
2786239686
1569945720
1738153348
1569851522
2592795500
1569951711
2070067975
2592839531
1569679952
1570031598
1569902553
1569680643
1569912989
2786215029
2592802803
2807256078
2774389658
1569865100
1569671407
2774402812
1569693845
2812795541
1569882187
1570017117
1569911086
2787730010
1569951694
1569938624
2070046759
2788959647
1569675314
2774335026
2593041556
2809000394
2592800043
2070044667
2593048146
1569803634
1569892992
2813781299
1569826236
1569944090
1655567862
2592792085
1569829303
1569682216
2592941401
2774365055
1569660506
1569662395
2600361104
2070045033
1569680522
1570024245
2786306795
1569921173
2774436045
1569804751
2786358865
1569943316
1569732954
2593023381
1569742813
2786236071
2592800140
2601399855
1569841076
1569809356
1570030891
2600510429
2799140006
1557446060
2786275193
1737777014
2787755283
2789951164
1569659194
2592794470
2070044760
2070067369
2789659521
2774501836
2592791111
1569838711
2807689245
2791082056
2600518824
1569846092
2808630232
1655717995
1569741024
1569913046
2786319027
1561263926
1569673899
2070048606
1569734657
2593022617
2592797140
2592829261
1569708759
2812703620
2070020956
1569873919
1569684056
2592796678
1569913902
2070029437
2603085800
2592798938
1569928338
2786313162
2070048982
2592976147
2592939050
2593099422
1569903026
1655197234
2786241214
1736865935
2603479570
1569724500
1569712880
1569916317
2786219524
1569737236
2592826523
1737778980
2786287202
2603783870
1569736553
2813738599
2678591237
1569899255
2070029562
1569710378
1569756392
2592963669
1655501589
2070036011
2774441892
2774505469
2774428103
1557062154
1569678218
2593050485
2774483769
2774441795
2786261481
2593390289
2592947022
2601402985
2593034225
1557084144
2809138892
2786226111
2786323264
2774441834
2786309967
1570028255
1569674872
2593651059
2786255236
2592796269
1569737536
2792999204
2774508525
2601414677
2070031097
2592813963
2592791869
1569832504
1569807861
1570007387
2592814978
1569688118
1569761656
2786319085
2786220312
1569857593
2070031941
1569746604
2680348261
2592794292
1569687707
1569687733
1569683091
1569803549
1569809844
2774366563
2790493463
1569807554
1569709937
1569852075
2681906584
2070068307
2070048543
1569699395
1570023151
2774420175
1569906290
2786216677
2592805553
1569671865
2070015735
1569807481
1569905932
2786325548
2070035330
1557211877
1569906276
1569722310
2594281465
1569839070
1569949068
2786255101
1569948903
2774425310
1569943535
1569731062
1569662464
2592799799
1738200286
1569835411
2806869991
1570030029
2786212127
1569916982
2813735551
1569938939
1569806061
1569915605
2812804470
2070070591
2786322430
1569854312
2774406860
2774373743
2809310342
2070015981
1570032310
2070040497
2805988517
2786289241
2786317999
2774508059
1569852782
1569823906
2786324001
1569736076
2592842767
2592831000
2807163076
2592794930
2592795401
1569715269
1569884088
1569761221
1569871094
2592796992
2774441983
2806869976
1569824232
1569685659
1569667668
2592807018
1557841422
1569665972
2786319057
2592797295
1655516250
1569949345
1738191778
2786319882
1569723272
2786323816
2593022857
2786254718
2070039989
1570033642
2592960686
1569658774
1569874183
2812565175
1569888918
1569671341
1569666697
2786219991
2592851649
2801828335
1569892688
1569814874
2774319268
1569665184
2809028859
2788713914
2809006952
2791299888
2774403462
1569889564
2592805535
2774373319
1569847211
1570040624
2070053603
1570033006
1569890788
2592974405
2807128507
1569835859
1569950172
2786309318
1570038025
2774451550
1569849289
2774451136
1569736287
2070045080
1569889970
2810241730
1569841134
2592788832
1569874518
1570018094
1569670054
1569877046
1569678939
2774326734
2593037185
1569723142
2592801368
1569816994
1569690927
2787995208
2807154752
2774403881
1569744002
1569942190
1569836450
1569875617
1569931302
2792899546
2812565754
1569830161
1570012117
2592800684
1737777596
1655566609
2592829698
1569893175
2786248226
1569723531
2787730037
2786237954
2592935954
2786219951
2592811890
1569882042
1569812190
1569842727
1569835957
1569674916
2592904883
2786328905
2786215224
1570016207
2809434552
1569822360
2786224981
1570017782
2815037223
2592963349
2593095055
2786263290
2593111733
2592792414
1570016258
2799629172
2786310476
2786240739
2593051122
2592971586
2593066696
2774441847
2807525709
2602958664
2070016486
2799529352
2599682830
1569837351
1569847973
1569688310
2593013974
2603672976
1569948410
1569674469
1559648117
2774418068
1569684006
2592918015
2774337316
2774340790
2592803878
1569762555
2788153424
1655622914
2808150537
2592958397
2808786561
1569656226
1569871389
1570033900
1569898054
1569677904
2786286398
1569670980
1569934333
2592801050
2786210865
2603416016
1557367734
2814036115
1570009636
1569837498
2787808047
2794802906
1569704395
1569883615
1569726117
2593094399
2676757315
2812512630
1569673687
1559510263
2070022416
2757874445
1569921164
1569746632
2774435436
2592789726
2601658161
2788261894
2070022664
2070033096
1569927243
2592966166
1655724664
1569674886
2792925513
1569912079
1569666102
1569899387
1569663090
2602923815
1569943720
1569917849
1569906606
2795438083
1569947324
1569814334
2774441879
2774443501
1569948384
1569755208
2800732261
1569913517
2592894496
2792840736
1570008517
2787770560
2774319215
2774482789
1569680315
1569888828
2593059927
1558824381
2603147853
2593044227
2592996521
1569753892
2774406428
1569857757
2790152038
2786297906
2593061447
2786237780
1569948338
2786238383
2786221079
2786221014
2592869300
1569918064
1569674102
1569949501
1569716031
1569892567
1569859177
1569947044
1569860584
1569810073
2592863107
2786249496
2807283051
2788289957
2812433078
2786220517
2593101402
1569659296
2593028193
2600230716
1570008188
2592827393
2592813553
2786244402
2593468365
1655678846
2808434006
1569953729
2786316114
2774319234
2593005756
2774338421
1569666593
1569818718
2812680936
1569683571
2809307074
1569687283
2592876127
1569932259
2774520324
1569885192
1569902902
2814195653
2808997047
1569663512
1569658549
1569756378
2786328012
1569720353
2786253997
2796433898
1569668425
2592819802
1569829133
2792931398
2786217274
1569861137
1569669034
2786225001
2774386773
2592883078
2774402280
2795438038
2070031731
1569929740
2592806474
2070019390
1655711936
1569697564
1569840543
2600238809
1570028318
1569816576
2593062072
1569808585
2808984743
2774413117
2070046590
1569952207
1569888627
1569920615
2592841889
2774403074
1569949818
2592820250
2774318440
2786273518
1569671819
2792897832
2592801511
2786214487
2593354160
1569834615
1569806900
1569879031
1569813421
2593069986
1569871474
2814047654
2787739886
1569758687
2774386513
2774437270
1569905978
1569814506
1569679149
2798966124
1561220326
2774371110
2786244417
1569669504
2070016615
2808986695
1569839563
2774392014
1569892012
1570006840
1569712991
2807765042
2070030309
2786255641
1569673027
2070040756
1569874700
1569822376
2807154179
1569712483
2592993456
2786322442
1570010781
2592795238
1569676315
2774390999
1737213387
1569884122
1569932000
2786285583
2592863145
2774411693
2807152727
1569755300
2796766202
1569664619
1569913618
2792954587
2786355604
1570006954
2807151044
2593076517
1569890461
2592976054
1569661243
1559950702
2786282468
2809195326
2786256294
2788327865
1569715839
1569941704
2788659594
2592793467
2792839826
2592990722
1737237507
1569715888
1570038687
2786285807
1569715597
1570033613
2786299382
2813156928
2787822717
2774344900
1569832694
2728683825
2790441985
1569663407
2594355297
1569953648
1569871619
2786272327
2812763916
1570027802
2787777792
1569930182
2593094788
2774392523
2593087891
1569894411
2592795934
1569917949
2788961360
1569945338
2786219963
1569845828
1569671439
2592798110
2738203533
2814144782
2592942128
2593350279
1569912280
2070030530
2786272351
2809133883
2774446613
1557818707
1569815310
2786320260
2593010990
2786259751
2593066518
2793072821
2070037110
2788123848
2774373489
2593010384
1569887751
1737194323
1570029405
2592802741
1570007719
2070027533
1569883803
1569756951
2790631580
1569748691
2592929241
2786284689
1569823632
1569687475
1569901455
2809028382
1569832204
2812473224
2786241202
2774345204
2774351739
2786212316
2592795451
1570010553
1569731782
1569904258
1556693719
1736894852
2786222100
1569683539
2786313249
1557908773
1569940302
2600354887
1569836342
1569712816
1569759584
2592791161
2786390673
2787727867
1569688707
1569930360
2774364380
1570013085
1569827800
1570019779
2786328135
2786256543
1569932092
1569803251
2786319113
2593759771
1569917044
1569690044
2774431032
2070069078
2603708420
2600159394
1569915891
2786219076
2793212296
2592984173
1569951390
2774373860
2774387761
1570015640
1570034256
1569656156
2786259562
2813044535
2812477513
1569672323
2774387195
1570014002
2786284971
1569678370
1569822391
1569841203
2774388338
2786280320
2786316832
2774324834
2786292962
1569811218
1570024004
1569753609
1559668381
2786364776
1556397741
2786223402
2786222995
1569737229
2592976175
2774462501
2786216832
2594261791
2786314978
1569832578
2598560614
2786321190
2786289794
2774475505
1569810387
1570015763
1570014537
2774359635
2593085467
1569663595
2788961460
1569755905
2774424676
2774350664
1569947448
1570028704
1569930489
1569846357
2592987196
1569724518
2592806895
2774380946
2774433455
2786322734
2774501161
2774457600
2774391707
2592869679
1569669079
1570009279
1569820680
1569859017
2593016639
2786285753
1569683782
1570012683
2809003575
2592838607
2786319013
2592895473
2774482338
2801596113
1570030264
1569880364
2593058325
2774495005
1570008876
1569681436
1570037903
1569869460
1570000243
1569864349
2592958383
1569680364
1569852093
1569811931
1569833673
2593620294
2786235644
2774500362
2592813270
2774394638
2788961412
2807407468
2774443981
1569894129
2803432807
2594253274
2774344872
2593022950
1569757630
1569849321
2809012693
1569665302
2774506427
1737778891
1570017451
1569944441
1569747954
2786251103
2070035393
1569715162
2786443017
2774455473
1738219585
2683595520
1569858960
1737779147
1569747633
1569953702
1569902466
2786329292
2792836857
2812920451
1569949525
1569659615
2592862906
1569814292
2592791056
2786323360
2774456200
1569666191
2786311138
1570041252
1569951436
2809006041
1569730317
2788177964
2070070261
2786355808
1569743571
1569757350
1569658960
1569696846
2592917044
2786216074
2592806285
1569917684
1738122841
1569750537
2814149233
2789928777
1569865012
2789363450
2790493277
2801634119
1569850264
1569832561
2592813642
2786212347
2594283522
1570014259
1569914813
1737779693
1569666358
1737070890
1569849654
2795396007
1569944733
1569754475
1569851794
2795224357
1558553530
1570008816
2592807394
2786349086
2070018186
2070071918
2774405336
1570006122
2812670751
1569736334
1569672245
1569660547
1569869710
1569917790
2774341364
2593037200
1569819132
1570015211
2594689799
1569809233
1569815414
2788684240
2774434603
2070032175
1569872771
1569735086
1569845355
2799200446
2594296000
1569701858
1569931239
1569851336
2603274946
2592812640
2787822765
2070045823
1569905401
1569885486
2792494410
2786240795
2774441821
1569747972
1569852138
2592864983
1569750117
1569911044
1570033720
2070016730
2070040875
2592806321
2070050415
1570016468
2678092308
2774437794
2786274378
2774400006
2592989096
2788846613
2594274535
2788132296
1569939205
2593092035
1569690632
1569947975
1569749416
1556820927
2786272055
1569912768
2592984028
2070022926
1569723315
1570010398
1569945899
2592992837
1558491880
1569731769
1736885009
1570015812
1570015489
2805983442
2788659546
2774510532
1570024302
1569732937
1569946747
2774442022
2786358879
2786216236
2787777836
2592865557
2592858342
1569756590
2593027954
2592798089
1655471093
1556343609
1569923220
2070033395
2792842157
2593647813
1569682719
1569702240
1556186189
2592812621
2796436016
2809030201
2592791426
2070016683
2774389677
1569684856
1569823525
1561226239
1569828255
1569848870
2812608715
2813740091
1569946080
2592852182
2594330396
1569858042
2774399322
2594261482
1569697617
1569667728
1569658595
2786288548
2803191085
2592831202
1561264152
2592922616
1569877305
1569717259
2792549771
2786339326
2592977111
2592793872
2803393622
2795418041
2786324127
2786327876
2808811547
1569760627
2799316185
1570015002
2774337948
2774502326
1561257376
2812670627
1570015471
1655647788
1569850827
2787996016
1569657811
1569862691
2814512097
2593031203
2807302302
2592965478
1569906316
2593003970
2592870779
2786322393
2600256556
2791299147
1569755322
2792866531
2774344559
2070022005
2592792690
2786217262
1569691166
2774359230
2786253983
2796435065
2774457630
1570008081
1559527671
2792690746
1569684498
2809144038
2594277868
1569926917
2592798693
2592959213
1569837671
2786351831
1569899233
2593089428
1569863327
1569730375
1569898143
1569753878
2812761684
1569906219
1569711649
2593073769
1570011102
2774499931
2592901500
2806662767
1557585631
2786325921
1569927104
1570015441
2786319043
1569668092
2601509162
1569762071
2592849096
2792905571
2814034678
2592813806
2786258619
2070022601
1569809181
2774328148
2600161196
1569675096
2809109675
2070032255
2786220324
2592793200
2597818464
1569803536
1569754588
2792835859
2792909113
1569842007
1569716934
1569820983
1737777673
2774342831
2786366502
2774359272
2786249741
1569687673
2593086021
1569875287
1569836998
2592792015
2774451155
1569875108
1569900935
1737779099
2808783521
1737227215
2795306638
2774436178
2774446048
2792851670
2786234382
1569945323
2774334291
2774499497
1569673314
2594595903
1569868591
2774359158
2786211412
2786256941
2786286480
1569877629
1569754661
1569658610
2786227305
2592844164
1570034145
1569675519
1569743489
1569659471
2592836426
1570017878
1737777337
2786313972
2786306853
2592803528
2789532078
2786217415
2774354109
1569680534
2070022706
2786210987
1559509860
2774442987
2795193134
2594085360
1569922703
1569727616
1570025049
2808147351
2593994947
2799218908
1570028367
1569838245
1569941609
1569679441
2808148881
2786217427
1570025137
1569825707
2593055003
1569915809
2774525120
2786245498
1569724325
2812474029
2592792134
2786323516
2787937763
2758082343
2774365930
2786215548
1569685147
2786255558
2795186643
1569906099
2592866294
2593103427
1569936810
2593643940
2807515341
2594273759
2592828406
2799174144
2812758966
2786218668
2592990508
1569850398
2809086092
2786355870
1569937947
2600158252
2813075283
2786226005
2592812756
2592805882
1569700777
2592857960
2592795651
2799204626
1569663247
2774351372
1569841120
1570008851
2787872234
1569842090
2786217250
1569864363
1569738351
1569685719
2592792967
1570017506
1655453481
2796434976
2592868518
1569934859
2792818588
2592856560
2808607431
2592839894
1569658651
1569734368
1569950188
2786282428
1655743223
1558369715
1570031978
2808992299
2774504441
1569708328
2601049754
1556187017
1569916770
1569670456
1569717299
2774352592
2593109977
1569857061
2592813513
2786319784
2799387684
2774351343
2593620632
2786231844
2601416785
2807516580
2774373054
2806993042
1569666091
1556508133
2600502055
2792931633
2592851854
2792913037
2809048609
1570017082
1569859625
2813036384
1569944216
2792549959
2593086974
2806616983
1570010456
2592817827
2815126754
2801756834
1569673753
2592984302
2592796462
2774449588
2593019973
1569678155
1569870073
2604019313
1569928910
1569872033
1569705563
2786275016
1569754043
2774349845
1556187993
2593070211
2788959696
2808359473
2789179075
1569816505
2594086561
2774427409
2592892050
2795307366
2070069443
1569672262
1569949591
1570000291
2682382583
1569920314
2592831567
1569674858
2594294844
2806722230
1569708501
1569682394
2592845740
2787903586
1569810263
2786220840
2592837350
1569750249
1738216252
1569837402
1569904561
1569843537
2774409375
1569727167
2677779414
2774422603
1569658735
1569757099
1569948610
2603741898
2787822643
2774359917
2594553936
1570028891
2592996055
2786281439
2786295079
1569936262
2787809435
2592858170
2774427800
1569906112
1569661044
2070067833
1569887299
1560465902
2795218869
1569891740
2774423762
1569700789
1569876368
1569928225
2592953205
2786334204
2592861739
1736577155
1569709789
2792874857
1569675466
2796434909
2603990448
1569723678
2812454832
1569913939
2786309291
2808244997
2070021345
2601433471
2774373215
1569668591
2808434097
2070048591
2592821877
1570018857
2729205189
2070048809
1569816544
1569755112
2070025553
1569674194
2793172971
1569843399
1569943368
2600150294
1570014848
2601510678
2786299835
1570008577
2810193856
2678606012
2592797718
1569834182
1655617014
2592848274
2070077507
1569912396
1569843630
2786313960
2808148730
1569671021
2594354881
2774449569
1570010297
2808145178
2774326565
2593079815
1737778994
1569916618
2592854083
1569911460
2593035425
1569859422
1569836539
1569835994
2786328813
2786323699
2592802371
1569897904
2070046781
2070040184
1569806979
1569952074
1570040847
2070038218
2786307406
1570009159
2774471308
1556188082
1569681103
2593042386
1569694807
1569743752
2774436000
2774451974
1569668062
2601053342
2592882561
1570015381
1569879174
1569849614
2795438105
2774337515
1655285299
2786287391
1569949556
2592795316
1569705941
2786284701
2787772181
1569883690
1556430171
1569754073
2806627059
2600156850
1569933605
2792877815
1569952241
2786221723
2774392691
1569920635
2774525017
1569761790
1569832546
2814035929
2593076053
1569838734
2593496517
1569666250
2592836743
1569681066
2592937663
2786254686
2592813907
1569736313
2794573623
2808982921
2787819143
1569820917
1569830421
2774403447
1569720445
1736900566
2790493210
2592842401
2592796660
1569812731
2774443512
1569922148
2592955997
2786239053
2593032712
1569665667
1569743127
1569738445
2774336482
1569927305
2787748934
1569812981
2774336840
1569667203
1569914927
2592948535
1569825939
1570029273
2787777812
1569723286
2774499954
1569835432
1557818636
2786272947
1569655987
2601430670
2592935818
1569660151
2787808953
2774338708
1569708112
2601516953
2592944778
1570009182
1569953479
2774424825
2774359293
2805993537
2812990740
2601402755
1559527596
1570012594
1570017549
1569890860
2592984353
2592986304
1556122598
2786246719
2792515198
1655214727
2601481493
1569762426
2593091655
2593041079
2812473137
2774365783
1569753969
2592788028
2794802884
2774401602
2808783041
1569746510
1569871336
2786223322
2792501787
1734145115
2592800270
2787818435
2813284792
1569819529
2790148985
2592836933
2808789676
1734749912
1569912342
2592945407
2807158734
1738155279
2592994391
1569939313
1569828545
2808986397
1569843509
1569657386
1569762018
2790493308
2774316959
2796433939
2787925571
2795302503
2786217214
2774373353
2787763186
2594262396
2070025444
2800742682
1559283039
1655646047
2787732532
2798999680
2601400534
2774424180
2814196628
2774505439
1569752695
1569912969
2786274551
2592978607
1569928214
2774350513
1736896269
2070041149
1569836850
1569705591
2786260035
2593046699
1570009829
1569933011
1569952111
2788144951
2593478290
1569817563
2808846906
1570013401
1569699333
1569841761
2592812791
1569723258
2774445502
2812441815
2774352082
2786226095
1569930502
2793253181
1570014695
2774357520
2774415765
2814374290
1569803918
2593050265
2774350428
1569710596
2592788469
1569755931
1569659121
1569666811
2774480891
1569819730
1570023738
2592828020
2812421778
1569666017
2592977715
2601446815
2592983744
2592963305
2812489714
2794802928
1569816285
2809042643
2592980229
1569917582
1569946912
1569882963
1569660833
1569670640
2594520347
2070040823
1569730349
1569882208
2788290052
1569657455
2813717326
2593645853
1569883722
2788961675
2774332233
1569716127
1569953946
2774359014
1569710994
1570020376
2592807881
2786348688
1569823147
2786331320
2593002539
2592858579
2786324115
2592789618
1570015020
1569813404
1569819662
2592974149
2595215566
1655387142
1557024074
2594583713
1569677775
2593055026
2592794240
2603560320
1569905808
2798958937
1558481778
1569947706
1569897156
2786221623
2807152470
1569677628
2593013467
2070071175
2809019282
1569913078
1570012197
2792954956
2592797556
2799238800
2592990534
1569887210
1569689380
1569846542
2786215369
1569828427
1570013016
1569718888
1569881565
1569942729
2786315938
2786321202
2592848211
1569900550
2592805326
2809004088
1557367349
2788144995
1570015423
1738183995
2774447678
1569659503
1569676996
1570010824
2592797378
2774436848
2593028957
2774402998
2592799955
1569848614
1569906409
1570018676
2774493031
1569844217
2592990494
1569837128
2814380969
1569818866
2601470896
2774484535
2070046532
2786237131
2592973708
1569743000
2792432317
1569816244
2801699197
1569659851
1569919462
2774476010
2774400428
1570010232
2070071661
1737777840
2774423141
2594553848
2812453945
1570029203
1655676156
2774386673
2812668121
1557284521
2793298943
1569750866
2809035826
1569836211
2799057813
1569838912
2592815252
1569921410
2774436777
1569662699
2593077990
2592796511
2592798237
2774410307
2592861683
2805478756
1569732911
2070021895
1569657039
2592853411
2594283585
1569825850
1737777498
2793197926
2813844089
2812476429
2786255324
2786253538
1570014967
1569746618
2796434807
1569902397
2790530320
1569808705
2594553822
1569681543
2796913110
1570016966
1562252072
1569672752
1569713121
1569948426
2592794810
2793622269
2809044032
2070016962
2786222314
2786331602
2809001493
1569839844
2792922016
2786291187
1738205114
1570038965
2592799315
1570041152
1569863063
2807158674
2786255783
1569664697
2786301837
2787809355
1569665653
2792444493
2786298188
2774392880
2600164403
2789718746
2787808364
1570008592
1569839936
1569668901
1569723471
2593061299
2070031903
1569900310
1737205063
1569697294
2592855523
1569734231
2786319695
1569723300
2786253700
2593050935
2774393567
2786256612
2774404212
1569880829
2801856890
1569822954
1569667907
1569752550
2592802439
2070047867
1569687547
1569692682
2774410898
2774407018
2593098587
1569927634
1738160107
1569942577
1570035902
1569662295
1569664778
2795775485
2808774754
1569839311
2786240952
2786346888
1556826078
1569691279
2786315992
1569897505
2812473155
2070023467
1557840014
2592800950
1569675274
2774370878
2774418165
2592868910
2592795565
1570011413
1570018657
1569747689
1570015889
2070021536
1569948583
2592801103
2774449698
1569897558
1569841797
2592800702
2070021698
2808991395
2799174082
2594524490
1569660624
2593020748
2774392957
1569848290
2806021366
2774350545
1655508697
2793109563
2592803625
1569755918
2786217709
2592807182
2809049655
2774341312
2787720049
2070028708
2603914984
2786284667
1569671687
1569805141
2603352283
1569852849
2786329373
1569827685
2592798751
1570026953
1569671714
1569840461
2592858130
1569911619
2070027414
1569911988
2800970557
1569919300
2070045538
1569951278
1569683523
2786240657
2787737772
2070016990
2592788690
1569843479
1569906056
1569900465
1569664075
2593485105
1569891621
1557906023
1569846428
2592802996
2812529559
2070071329
2592882016
2786285292
2592812979
1569739847
1569673059
2774455631
1569700095
1570015249
2774336090
1569659641
2592981098
1569826326
2808995959
1569826875
2070035635
1569662019
2592797435
2592824246
1569857740
2592948785
1569677730
2774388357
2787772115
1569862805
1569859861
2787809189
2786237106
1569715148
2786273685
2796437974
1569857366
2813036408
2603624485
1569662099
2807264551
2774410995
2786295058
2786221466
1569690861
1569734026
2592799744
1569881604
1569685007
1569899306
1569948501
2803442710
2793622231
2592994621
1569803464
1569713261
2593094626
1569753231
1569673587
1569817262
1569833596
1569743724
1569919247
1569950830
2601426125
2786248272
1558553377
2602724689
1569663540
2070069660
1569838226
2592793582
1569841659
1569870441
1569687810
2774506262
2600213716
1569827382
2786225092
2774375132
2593010145
2787724236
2592797188
2786236386
2593101640
1569685747
1570024132
1569730401
1569722278
2774419110
1569884543
1569676386
1569680560
1569803870
1559602396
2808876386
1569948245
1570012317
1569872020
1569689673
1569671049
2774346247
2070027987
2597705291
2791159822
1569945390
1569929182
2070048312
2593080017
1569657984
2786348600
1570032607
1569750387
1569921576
2774444087
1569730362
2676820692
1569848503
2812508262
2774443648
2792404325
2788287282
2592792046
2793140182
2774503617
2812761562
2592791127
2592821398
2592840041
1570037931
2788221660
2593076295
2800639098
1569752058
2592803755
2592906929
2593087927
2803416567
1655614979
1569728289
2787937780
2774359898
1569738511
2592962809
2593017951
1569673824
2070046159
2594323259
1736441967
2798998423
2592954726
2786291913
2070038774
1569700197
1570014869
1569906922
2593110863
2786261616
1570016798
1655646117
1569937699
1569657131
2601484557
2070048822
1569678204
1569822510
2786245090
1569736341
1654843425
1655467410
1569936078
2774370573
1558420837
2808789006
2774359247
2774328132
2807162309
1569897577
2786214908
2678023429
2592805423
2805488119
2592792063
2070023055
1655214799
1569945666
2792928390
2774344181
2786434048
2592789351
1738187572
2593013938
2070071876
2786326950
1569816410
2812473173
1569837238
1569936380
1569750159
1569836181
1570037792
1569943850
2592829874
1569934989
2787811008
1569943109
2798965147
2815094901
1558263438
1569893913
2787809791
2789361889
2804957242
2800732357
2793078812
2786258981
2786243516
2786215353
2787724210
1556282108
1569716921
1569744448
2592831149
2774442035
2774349417
2786235150
1569879287
1569686492
2774398296
2774370705
1570017752
2813652883
2592835952
2809032134
1737776734
2774367027
1569749011
2593037213
1569818110
2786366061
1569699714
2592830563
2592889030
1569731401
1737777097
1569951953
1569679424
1570035402
2774435177
2787995478
1738182178
2792775186
2792881170
2070045231
1569894399
2070067714
2592840894
2786272887
1569937511
2786299987
2774505454
2786212330
1569918394
1569926987
1569950930
1556814553
2786361222
1569660533
2812832566
1569806409
2070055196
2808148684
2809049575
1569943629
1569871418
1569868577
2592794363
2592836762
1569944479
1569948627
2808992281
2593678806
2593050690
1569717313
1569670068
2592805646
1569715770
1569719117
1569942112
2788241169
2592815529
1570028765
2786219461
2593022932
2592942880
1569889612
2594577310
1569844960
2593085765
1569729451
1569912237
2786214755
2809407416
2774380458
2678017822
2592825335
2786328028
2592799073
2592934059
1569675435
2786273779
2602715357
1569933509
2592871086
1569815739
2774441996
2786278513
1569669748
1556589617
2592803130
1569683772
1738198537
2786256908
1570016781
2592875830
2792598297
1570010011
2812685394
1569913217
2806011889
2807082905
1569841640
1570009849
2786333010
2070045446
2774377617
1569665088
1569862997
2774359683
2786296840
2593683403
2070028737
1569927747
1569663233
2592799105
2801572877
2592933942
2593618290
2593050676
1569732988
2600259125
2774422720
2070029821
1569943329
2592801163
2592803995
2592792865
1569682983
2787799656
1655518752
2795418627
2786241170
2786254755
1559177727
1569830342
2592807929
2786323203
2774520341
1569673364
1569697166
1569762054
2786238933
2809001906
2786284269
1569685133
1569663449
2593089651
2788959751
1569873605
2787715659
2786315268
1569720372
1556386811
2774516108
1655214873
1737233920
2593058408
2790149014
1570032361
1570035800
2774449030
1569915193
2592820169
2808610479
1569684703
2070054961
1570015095
2774414155
1570040602
2592830334
1569894487
1570024052
1569829477
1569829841
2600297097
2070039442
1570038622
1569867955
1569875760
1655688587
1569675161
1570011308
2786272339
1569837515
1569752944
1569737921
1569853749
2786256481
2789660115
1569673255
2596049661
1569660819
2592942902
2786309203
2592865700
1570028555
2593087105
2786244272
1569953989
2592799759
2803405240
2809030844
2601422453
1655555500
1569915429
2808415651
1569726778
2593396576
1569698115
2812505199
2070029235
2594253412
2592831111
2592807035
2786328258
1569668378
2789361948
2070024307
1569943242
1569753694
1569922493
1570031318
2786307848
1569741001
2813057075
1570017174
2601420594
2592793818
1569666417
2592954525
2809059176
2774373238
2070046300
1569873828
2786313717
1569910412
1737114848
1560562053
1570012766
2813222970
2592836217
1569673300
1737778040
2592796035
2774360943
2594256959
2786310192
1655469227
1569657104
2786293032
1570011691
1569673222
2786321310
1556872017
1569890322
1569666673
1569895164
1569885329
1570008916
1558859047
2786218112
2795302525
2592791557
1655621152
2592824258
1569900714
2786217587
1569838537
1738267454
2786211967
2774469487
1570027788
1569928276
1569730045
2809030080
1569938344
1569891938
1570015942
1736876776
2592831869
1569736135
1570006218
2592854221
2070032141
1569675492
1570008737
2799049951
2786352000
2786255960
2592795416
1556915804
1569747062
1561447277
1569670907
2786219135
1569880576
2774519710
2792837661
2774504393
2792923770
1569688284
1569852030
2592798578
1569673503
2774338843
2786223469
2786211244
1569806928
1569663635
2070030296
2592791739
2592964636
2774344763
2786313911
2593079572
1569827030
2808148663
2774502044
2795430307
2786274359
1570016547
2786354016
2787810024
2807061529
2786354797
1569858612
2734904211
1569903339
1569686403
2786221062
1569665251
1559385169
2592798978
2593067923
2592801760
2786234310
2799093125
2795241987
1569681151
1569660496
2774452530
2799800386
2786301132
1569857473
2808628837
1569679884
2774443579
2594310408
1569911005
2592836728
1570035290
2786319309
1569822102
2592796494
2774446300
1569869542
2598552058
1569918556
2786271965
2592968473
1569922526
2786323947
2601414396
1569828835
2807152744
1570029786
2601470850
1569882304
2786354524
2592802595
1569872605
2806869541
2786213291
1569686840
2592787992
2593666048
1569673431
1569923328
2592973765
1569891659
1570016950
2592838251
2070028300
2592938392
1569915052
2070045117
2786278055
2677438497
2774345064
1569671235
2592981879
2786301357
2593094570
1655645359
1569687358
1569660103
2594553339
2795396081
2774342101
1569918378
1570028216
2592867735
1569907495
1569948327
1569724972
2774344360
1737774104
1569672432
2593013449
1569728237
2786331423
2592799906
2786325907
2792954570
2593044046
2592803196
2070022169
2787716236
1569934907
1734043326
1569739917
1569852015
1569884104
1569716113
2786219105
1570020116
1569808442
2592870798
1569945831
2808148991
1569690430
2786320120
1569811427
2786218655
1569829273
1569657972
1569675066
1570027198
1557364456
1569735247
1569840577
2786296122
1569806992
2070030893
2592973131
2593059229
2812451624
1569902078
1655726608
1569674777
2809152336
1570018807
1556949989
2600266102
2774345786
2592886189
2774441666
1569666986
1569711464
1570040776
1569880611
1737777790
2786234023
1569815657
1736864123
1569927208
1569803784
2809030808
2592806913
2787741728
2809118204
2786215602
1569739902
2600295664
2786365913
1569669772
2793341208
2774411046
1569826221
2774446315
1569713916
2796438645
2787808722
1569835237
1569945916
2774449607
1569809581
1569667394
2592805443
2786256566
2813075141
2592843305
1559282991
2593104722
1569665333
1569756357
2809049971
2592801552
1569871025
2593033180
2774353014
2774350626
2774430159
2789697760
2603129375
2774344857
2070044879
2786348201
2593082172
1559956780
1569911820
1569685289
2789807881
1569685423
2774391611
1569743266
1569734202
1570015363
1569834305
1569870385
1569944235
1569948691
2794573646
2592802663
2070034028
1569680511
2789362021
2593090610
1569752646
1569897522
1569736200
2799379217
1569758222
1569659154
1737308308
2786324942
2774399857
1569844757
2592908919
2792446012
2807128489
1569915034
2592799294
2808207224
2593013129
2786259765
1738273690
2774362944
2592838539
1569875819
2592965891
1655652014
2070039112
1569947723
2808532309
1569744257
2774386839
2786295489
1569695959
2788713993
1570015312
1570026493
2592966045
1569668872
1569738561
2786364194
2792869975
2813740129
1557333415
1570034214
2070031485
1569754781
2786287639
2792849286
2774462418
2774502480
1569819879
2592804681
2070038755
1569683107
2592854596
2713614475
1569675128
1569899960
1569949803
1569839751
1655654473
1569856984
2806615739
1570016880
1569663679
2592802045
1560445414
1569749385
2592794381
1569716333
2786221888
2774336463
1569898853
1569672185
2774324772
2774414959
1569902111
2786295841
2592807698
2592789709
1655511579
2786328710
2592799692
1569674689
1569947269
1558982527
1569886494
2792906047
2593063801
1569900603
2774405520
1569932384
2790235628
1569751899
2600234791
1569916464
2786222284
2809302266
1570011474
2592788797
1569946553
2592796734
1560466042
2593061509
2774412140
1569910360
1569725878
1569703754
2593064823
2774388512
2798958961
2801544195
2807135464
2795255393
1570032992
1569836397
2788120378
1569870320
2592817110
1569678993
2812667788
1569937640
2592958355
2600231312
1570011347
1570030104
2787992575
2786238815
1570038189
1569878298
1570028543
2592830553
1569910761
2786288530
2774504408
2592868131
2774391453
2788713634
1569844721
2774373117
1738176938
1569733896
1569845882
1569894929
1569951605
1569734349
1569671351
2592867222
1569664792
2808221513
1569662535
2774378447
1569873591
1569848718
2786339491
1569838490
1570035850
2815050271
2792722190
1570017897
1569930014
2813223665
2070045154
1569812212
2793108245
2786319267
1569758102
2600212779
1569842974
2070029776
2786322770
2592797597
2786237483
2808985841
1569902832
1558028037
1569838835
2592793561
2792840758
2808615641
2602739413
1569873687
2793191110
2808150424
1569952194
1569715487
2801597718
2592808571
2787822748
1569908019
2799040182
1569892749
2793197907
1569665834
2070022481
1655494551
2592840017
2809040512
2592944663
1570015830
2807161976
2786321133
2592815970
2680616534
1569830069
1569666003
1569946280
1569874047
2795332244
1570012620
2789178939
1570034157
2793248906
2774362623
2786308365
1570021090
1569686772
2600484417
2774430437
2774390873
1569754262
1569818374
1570017290
2592800740
2786222268
1569818281
1569667334
2592822046
2799629134
2792823762
1569735061
2594418801
1737777555
2774441970
2774408817
1569851030
2601481522
2809044566
2592792793
1569918120
2786309405
2592814002
1569744841
2774328819
2774413846
1569715365
2592790059
1569938899
1569674628
1569900151
2593027434
2070070380
2786283266
2786331614
2774354149
1569668132
2787771436
1569686430
2592971194
2774484569
2600157914
1570035060
2812416217
1569710315
2786286716
1569734215
1569674132
2786274317
1569680154
2774441931
1736857569
1569695479
2592805634
2793238066
2774392039
2593014387
2774319750
2790235861
2593027699
2814051647
1569938606
1569727896
1557798807
1569817423
2799094427
1569665609
1569898174
2070030322
2592808081
2812678703
2786235229
2808466999
1569945403
2592796528
1570015037
2786259897
1569900584
1569657239
2806011994
1569674948
2786313345
1569667863
2774428041
2593057191
1569913127
1570034539
2786331479
2601437474
2792818807
1569847401
2592801353
2786319826
1570034526
1570024289
2789381609
2786239393
2774391484
1569667376
2789659586
2788289876
2592859869
2809001786
2594553795
1569916085
1569753221
2786212299
1737233122
1570024365
1569874528
2786322782
2774451569
2774349668
2593054738
1569850600
1569880883
1569683669
2593010516
1569735360
1569820256
1737777228
2070036022
2774395621
2793163300
1570006363
2592914403
1569944638
2592792431
1569657929
1569680410
2787806245
2601421304
2812541687
1569836832
1569759363
2808615222
1569937991
1569826653
1556527048
1569942095
2758082001
1569870453
2774342871
1569807075
2800677372
1569692020
2774393845
1569871035
1569942830
2592821972
2795188410
2592963153
2799410029
2594317039
2593076739
1569723559
1569680168
1569758649
2812579458
2070016912
1569910742
2774386731
1570015136
1570010669
2786295252
1569837555
1569736111
1569655907
2721019628
1569762037
2792914256
1569664328
2594445734
1738211032
1569830767
2593019858
1570013973
1570011431
2597785628
1569711408
1569897086
2592948984
2592797579
2774399874
2070018264
2800732424
2774507836
1569885056
1570029128
2809008384
1569850518
1569666785
2808988801
2786308952
1569930608
2070018315
1569951323
2070036409
2795265309
2593054717
1569945255
2592951974
1569868549
1570018644
2786308447
2809397891
1569660578
2592790992
2774350532
2681096346
2592831320
1569914680
2601450215
1569754768
2787903250
2070072006
2592821674
2793544295
1569697603
2787992058
2592814750
2786292942
2593044016
1569829286
2774335043
2592788452
2774411010
2799049979
1569835609
1569806024
2594273296
2787991397
1569903542
2788153221
2808148899
2786274989
1569736244
1569696832
2792469177
2774413831
2592838196
2813781317
2070022427
2786325336
2593087123
1569747922
1569709828
2774499916
2774509760
1569718338
1570010745
1569880552
2793009766
2806870045
1569839902
2593022289
2070031570
1569754164
2601406390
1569688322
2592799776
2813877896
2592800079
1570016483
1569938396
1569843892
1569682705
2070048727
2070027712
2786223011
1569948563
1569725991
2786239013
2594580204
1570016515
1569658578
1569659603
1570028654
2774386864
1569927225
1569882663
1570016329
2791055340
1570018985
1569683810
2786321352
2592805305
1569680281
2793042070
2786338990
2786313176
1570040635
2789046180
1569693413
1569939787
1569848395
2786325078
2786317987
2796458652
1569735683
1569853014
1569700758
2592829235
2786218871
1569677316
1569927061
2592814817
2792406277
2070032036
2774370217
2786222954
2786326992
1570016295
2593041538
2070026861
2592969210
2592807633
1569739874
1569693544
2792826354
1569820961
1569927770
1569846378
2070055007
1569819077
1559956523
1569681038
2070022561
2809047645
1570007932
2593094423
2786260051
1569946792
2774441782
1569865277
2786295271
2592808848
2801762160
1569857606
2070019485
1569947936
2070035046
1570013307
2794584714
1569849310
2786327997
1569724573
1736877091
1570013101
2813036362
2788261846
2814322561
1569906072
2592791144
1569841828
2786222300
1569841347
2593001993
2786256501
2787818414
2774387577
2795337709
2812746442
1569692342
2798952486
2788168743
2808611571
2786231715
2786347291
2809071151
2592789581
2812831896
2786288334
2786328693
1655711669
2807151961
2786235495
1569952147
1569741673
2070031954
1570034343
1569727590
2592811906
2786322529
2600244398
2594523148
1570033027
1569906362
2774328476
2774389265
1569754224
2594256712
2070070170
2070078140
1569678516
1569668726
1736882932
1569758850
1569948758
1569893295
2592814366
2786214378
1556845152
1569673167
1569739220
2789670508
2070020102
2774506203
1569837113
2593088588
1569819826
1569665509
2786323091
2786277840
2786276853
1569890367
1570011235
1569754194
2592984124
2593012558
2600163505
1569665319
1560274315
2592808470
1569949512
1570010433
2786215297
1569668076
1569893005
2774421508
2786299692
2774399403
2592954172
2774509171
1569740251
1569885122
1570002059
1569949723
2593086834
1569845234
2786239941
2592800122
1570021804
2592801450
1569929790
2774342852
2600316256
1569917568
1569887484
2592801285
1570007681
2594553493
1569876307
2786338558
2593066682
1569835354
2592797450
1569918104
2787729687
2786323075
1569658748
1569879229
1569716018
1560436095
1569677011
2786319840
2592848229
1570019765
2070050838
2592788778
2786218146
2786474334
1655657182
2786261628
1655725719
2592798595
1569892508
1569821819
1569673398
2786313875
2786257165
1569672724
1569839511
2809195362
2592799334
1569692694
2592890418
2593087081
1569676943
1569913984
2805489300
1569722346
1569738291
2808150686
1569738253
2774431931
2774356740
1569704382
1570040912
1569923260
1570020444
1569655667
2786328087
1570039536
2592944997
1569846040
1737777249
2786327004
2774445001
1569938365
1569855598
2801609318
1569951662
2070045524
1569754176
1569715337
1569673731
2774341299
2809145625
2592984553
2593074031
2774399538
2786323421
1569663438
2786313887
2592931802
2812673033
2807124829
2786212963
2738476068
2592801856
1569727640
1569719180
2603735731
1737611609
2788713797
2592836440
2592796170
1569678412
1569943660
1569911954
2774352192
1569665595
1569879299
2592941679
1569731821
2792852037
2786260691
2774396740
1569837805
2786234877
2593489826
1737777536
1569693340
1569936338
1569673743
2070069647
1569883608
2592803688
2789789204
2787739859
2814036201
2593010922
2592803145
2774342814
1569899354
1569953341
2786307784
2809042518
2774503755
1569723517
1569754489
1570017190
2787937846
1569682509
1569671980
1569953597
1569825410
1559149155
1569815966
2792931610
1569683433
1569889858
1569848518
2808783002
1569853612
2808771463
1569669093
2774345968
2593094708
2812421864
2786284581
1569829806
2070046391
2592971222
2592803813
1570032372
1570031024
2806619427
2592814993
1737775029
2774465552
1569817056
2592822907
1570037811
1569899043
1569942923
1655484817
2814740404
1569817705
2786219811
1569715862
1569705172
1569757113
2774390921
2774373421
2594317125
1569717899
1569758131
2786313851
1570014592
1557716021
1570010942
1569928550
2070071903
2792821040
1569753852
1569806736
1569755743
2593033283
2786220392
2070043648
2787759906
2592869736
2787719997
2070046311
1569879768
2786246210
1569746803
1569694734
2786297719
1569665568
1569698960
2774373039
2786340076
2786312618
1569715262
1569873802
2774441918
1569682277
2600221136
2774393968
2786263240
2809030790
2602735883
2592797123
2786239817
2774373438
1737779666
1569683080
2592967976
2594255184
1569885882
2812679249
1569683755
1737308326
2593061525
1557106717
2603552041
2602013199
1569848336
1569916432
1569666579
1558104873
2592813533
1569815157
2815129390
2774447640
1569848675
1569870109
2594514058
1569676140
2814239228
1569711450
2592838215
2774505192
2786237119
1569831847
1569692329
1569812044
1569716346
1569678398
1569802834
1569666567
1570010252
2788120286
1569827702
2603520318
1570035088
1569910263
1569665926
2592799485
2806021838
1569752262
2814139509
1569658407
1556911689
2813221096
2592899888
2592794453
1570026938
1569659310
1569917708
1570025362
1570007914
2592836663
2774422798
1569674706
1560341929
2787799496
2593028220
1569890661
1569707858
2788684133
2786316820
2786362794
2592805812
1570017845
1569878772
1569881747
1737237433
2070044245
1655530525
2070078764
2801544268
1569677132
1569688970
2599985461
1569740345
2594254865
2786353827
2774390982
2786275634
1569736161
2808847221
2788261685
1569904592
2592812085
2789928698
2788714192
2786319323
1569818541
1569815781
2070024149
1570009081
1569832283
2593037412
2592831241
1569733046
2790631691
1569820738
1569660756
1570031939
2788260825
2809052881
2788472548
1569928259
2807135400
2600158438
2806614600
1569676919
2594454947
1569870927
2592860484
2070045509
2593055916
1569831405
2592800498
1569859530
2787809213
1569920363
2786300722
2774360926
2786254596
2794578474
1569665363
1556527351
1569941721
2786260567
1569695842
2602894026
2786322418
2070031701
1569759377
2786276574
2809001453
2786252944
1570009814
2774505520
2787777853
2786242983
2786261326
2786326938
2592787594
1569817530
1569911425
2774367163
2070035742
2070021961
2774345951
2592803162
2804653116
2592855356
2594380605
2799002509
2601474790
2774385951
2806662798
1569892346
1569887150
2593063821
2592802981
2807061511
2786235164
2794720941
1570030830
2592946786
2774387075
1569686614
2594764543
2814322537
2808147243
1569675706
1570030654
2070048093
2786290822
1570016647
1737205163
1569818646
1570026884
1569874982
2592791687
1556117166
2774336237
1570031335
1569943264
1570008899
2592804268
2787762736
1557777284
2786254222
1570037302
1569916166
2809042658
2592827640
1569704408
1569921523
2594272120
2070031967
2786246649
1556899426
1738194124
1569847940
1569840438
2592800522
2592828388
2592836322
1736865983
2601476312
2592806338
1569753446
1569710267
1569851558
2592800930
1569944325
2787808905
1569888799
1569840031
2592798310
2592869434
2812761580
2809004665
2788680428
1569750836
1569947359
1569952282
2806720047
2787818890
2774396665
1570026747
1655739499
2792835615
1570029018
1569869924
2592981650
1556335926
2592826079
1569828383
2786216820
1569680891
1569673284
2786320986
1570027211
2774336632
2809148336
1569821245
2786222176
1569715979
2593023687
1569671629
1569879018
2601509048
2786241092
2792445987
2791111467
2788153370
2787777995
2774516292
1569911395
1569872905
2594334552
1569741067
1569712291
2601493929
2592807589
1570009568
2594253596
1569889104
2774382447
2812922884
2601487711
1569668028
1570039926
2070035585
1569749462
2070016899
1569913025
2593004879
1569681940
1570027021
1569900621
1569737420
2786319281
2774423158
2592843326
2792999181
2774423195
2795302481
2592798729
2592825184
2070022193
1569819486
1560658388
2593051726
1569667831
2786327888
2786299678
1569904822
1569948645
1569658079
1569693802
2799391677
2787729964
2592790653
2600157081
2809013892
2808627712
1569665554
1737777635
2592856458
1569889463
1557840616
2799110994
2786295504
1569665539
1570030737
2812411434
1569755448
1569833262
1570034197
1655515135
1569903066
1569823874
1569757404
2592802351
2592856541
2786220170
2809138226
2790455661
2786238601
1570015191
1569668780
1736896130
2592788960
2812831871
2809023732
1570010721
2813221133
2592811330
1655670415
2070021739
1738207469
2786294189
2602659167
1569759087
2792947447
1559161668
2592891999
2738445906
2796634024
2592982220
2774436261
2601426301
2774455359
2774421638
1569717912
1738137270
2786211702
2070016975
2808783060
2802158475
1569841811
2812758986
1655510911
2592831130
2593099818
2788680657
2774440830
1569949148
2592921789
2809020559
2600236392
1570029458
2598546663
1569660227
2774391799
2592799140
1569935759
1569846636
1569916005
1569747503
2593005684
2601421104
2774389744
2774428090
2786272712
2070048859
2774345830
2592815703
2592994431
2788659495
1569842599
2813003850
1655527883
1569662061
2592822242
1570006439
2774364680
1569945811
1569656827
1559284281
2774427547
2593020249
2597799022
2592795876
1558110505
2592810179
1569680680
1569757949
2592859892
1570019312
2593064413
2774395363
1569750934
2774428126
2593005327
2070045302
2600368582
2774373370
1655514954
2774382659
2786226043
2786301299
1569951482
2592800379
1559852508
1570023000
1569727627
1570016312
2593081702
2593005343
1569818947
1569666731
2786222252
2806618773
2774343243
2592797173
2593022877
2592986126
1569920594
1557837245
2592828170
2774370527
1570038674
1569841854
2786276461
2594427528
1570032288
2592787205
2774384951
2808836306
1569686057
2592959387
2774436674
2592813463
2792599620
2592811345
1569694323
2600156863
1569920670
2592803830
1569711594
1569841084
1569944847
2786238893
1569661659
1569904803
1569722986
1569672618
2801871739
2592851741
1569848213
2808147225
1569723128
2592830723
2793212397
2774458631
1569844176
2593028857
1569805742
1569953880
1569933496
1569692703
1569835887
1569746813
1569697728
2774349529
2070029526
2593019505
2788177916
2592787362
2592795138
2796634071
1561209691
2786310396
1569847747
2786214701
1569839006
2677411824
2592869274
1569839460
2676980565
2592813065
1569929683
1569948599
1569673151
1569687316
2592798181
2786291929
2774373285
1570017768
2070037067
2592828743
1569687765
2787748875
1569852298
2808467052
2593060582
2592820216
1569660561
2593085914
1569668439
1569742139
1569838986
1569946451
2774339735
1570017023
1569725804
2792999227
1569666222
1569667742
1569690712
1569678761
1569853730
2593032554
2683109801
1569946641
2070054877
1569859568
1569822337
1569752807
1737777130
1570011334
2592803017
2786292815
2774373171
1569945429
2592836454
2774332281
1569703681
1558684115
1569740803
2786231641
1569872619
1569938443
1570021105
2592799605
2774401281
1569837971
1570032637
2070032156
2786319099
2774340561
2774396795
2786367474
1569948922
2812790157
2786211877
1569828869
1570006746
1556972831
1569736708
2594678835
2786336321
2787903608
2594311286
2774502372
2592979289
2070069884
1569948299
2070035019
1569817235
1737779719
2592812740
2592853947
2786288133
2789044583
1569677068
1569715927
1556667161
1569808955
2774356164
2812675259
1570027265
2593044026
1569919486
2786276676
1569695766
1569828658
2786219975
2786317889
2676665399
1569740657
2592977745
1569887166
1569918823
1569921147
2600164927
2786424013
2790456212
1569670498
1569857486
2815094874
2592800755
2809042607
2786313150
2812759013
1569817211
2594357442
1655117487
2812675286
2786221572
1569922424
2786368117
1569666635
2795241639
2786212872
1569839828
2774422454
2814512055
2592840877
1569678823
1569745409
2786321107
2774443298
1569929154
2809118245
1569757690
1569743070
1655680120
1569677199
2786323829
2774452671
2793654589
2597758641
1569742651
1569848731
1569907400
2592863948
1569717292
2593103074
1569948092
2789492008
2789545823
2807161827
1570007901
2774443473
2808804467
2774373506
1569687444
2774502108
1569831213
1569676905
2809003461
1569694711
2812430499
2594253365
1569723355
2592788168
1569828475
2592789289
2592956422
1569946128
2774389820
2592808871
2592801385
1736123815
1570009311
1569757127
2814050302
1569675914
1569827962
2789951099
1655516355
2070027912
1570006188
2774410949
2774376389
2808469278
1569919435
1570019698
2070018199
1569656120
1569726062
2592981044
1569814197
2808986821
2592860241
1569827994
2786319770
2774450864
1569900039
2592814718
1569663911
1569883005
2595013514
1569666262
2774416122
2593005370
2774393323
1569677363
2602410065
1569848789
2797122404
2786344958
1569662480
1570020879
2790490333
1569661075
1569803424
2593031518
2601466705
1569685652
2809055046
2070029403
1738207638
2681081432
1569703977
1569879478
1569657885
2788120354
1569876028
1570027307
2774351647
2774401572
2592813623
1569913170
1569666687
1570011904
2809391885
2786312898
1570014933
2592795368
1569761591
2774351561
2774439064
1569660433
2774500320
2603080457
1569685263
2593077473
2592950213
1569674206
2592976161
1569741922
1569740987
1569667758
1569884731
2799534150
2786211908
1569815051
2812808758
2786251151
1569930577
2812869121
2814036068
1569695465
2592794398
1569932126
1569907295
2774388844
2592792217
1569808817
2774406633
1569878046
2774503680
2592830538
2593054773
1569710706
2593033311
1569913397
1569812423
2786341866
1569947372
1655615268
1569935740
2592840736
1569913550
1569737596
1569662340
1569826739
1569750444
2786252509
2593038268
1569710646
1569886932
2070048875
2592789000
2774344807
2594258607
1569802657
1569695104
1569945475
2593516810
2791055357
2070031630
1569871993
2774357437
2592805910
1569815178
1569697431
1569722946
2592834075
1569744819
2592866199
1557188554
2070035665
2789118312
1570022915
2809478722
2592790109
1569727472
2593043968
2789376058
1569848570
1570028099
1570034283
2592803910
2593046275
2814374426
2788121522
1569929705
1569656076
2785663044
1569918405
2774407660
1569709647
1736926650
