1467920391
1468163322
1468141305
1174059419
1469389359
2604439752
1467887441
667046396
1468351029
1468050627
59937929
1469389128
1468046694
1469383229
1468373143
1467870680
1468050008
1468373121
1467872033
1468285036
1567645188
1468270886
1467868118
1467885799
1468024822
1467904948
1467917940
1468047413
1468007787
2604439664
1468041038
1468048543
1174059463
1468046716
1468007701
1468373128
5490989
1469425213
1467865831
1468099331
1468046730
1468220209
1467866691
1468217034
2604438717
1468041105
1468048293
1468141313
1468047422
1468041098
1569799170
1468217942
1468340838
667046363
1468116051
1469369283
1468373114
351223381
2767657
1467918521
1468007824
1468351044
1467872119
667034690
1467887892
1469327340
1468096608
1469376573
1467986632
1468122927
