1468045664
1469422011
1467904723
411249412
121787785
1467877551
1468244802
1468190412
347135246
1467970934
1467895264
1467877411
1467883737
1467894065
1467875296
1469406469
1469364576
1468007711
124563508
1157831107
1467932841
98371333
1468008821
1468034703
1468159709
1468055374
1467878871
1468049632
1467871642
380505015
5489144
510812848
1468010606
1467903511
1468324376
1467966542
1468714065
1468025741
1467877895
1467925702
1468050067
1467894597
1467877141
1469362368
1468018145
1468165504
190967545
1467877629
1467878555
1467889744
651247073
1468015933
377758815
378937033
1467894952
1468022095
1168580195
359591152
1467932396
1468039862
1467886687
1469292932
106790437
1468045856
2348510
347542167
1467879018
1467917177
2752095
1467976048
1467975702
639938970
1469347702
1467938196
1467876613
1468370061
1468304511
1468160670
112820110
1467887879
1468162623
1467928724
347375715
1467910471
5445305
1467984489
348277775
190967556
1467925179
1468134444
193808821
1467909362
1468200688
1467970157
349313739
1467911611
1467969511
1468010648
1468045100
377867937
1468008763
1468011893
1467898309
1469415535
1468025890
1467975627
1469288899
1468278956
1467972257
1468039828
1468011609
636796945
98897360
1468282331
1467897467
1467883030
96225376
1467919787
1467871750
380592959
1467886536
1468011647
1467899424
1469294107
191988592
794588607
1467890849
1468075684
1157831129
381193721
1467900262
511321613
1467979968
1467978187
529547138
1467901632
66195470
2792575
1467907537
1467916053
1467888594
1467979305
1467890981
1469334213
161304261
1469333022
353798910
1467879445
1467890812
292802
1468082160
1469347909
45987930
154891469
672343012
1468047077
1467882380
166067123
346649386
785922314
667034166
1468043867
1467976152
486891108
1467896405
1467878398
61103881
1468048803
1469356970
1468023788
1469381553
1469309671
385865946
190967567
