1468197202
1468013038
1467879524
1468098057
1468370069
1468310831
1468218804
1467885079
1467873639
1469318805
1467975141
1467910391
1467900858
122138382
1469303350
5485376
1468410195
503061554
1468118376
1467872529
1467896799
1468368381
1467885927
1468010692
353317091
176441879
1467871394
1467913883
1467983276
1467871406
1468373202
1468267960
1469300322
1468278924
1468046849
1467907163
1467870890
1468023777
1467899053
1468024260
1467944747
1468672135
345948949
2604440148
2604439219
1569583482
1467932827
1468010592
1467892784
1467874158
1468340526
1468048928
1467910810
644220474
1468024250
1468048408
1467872140
278989958
166412133
1467876810
94890401
1467876008
1467898131
1467899206
1468231761
1469253737
1468043984
1467886607
1468046259
1468306463
1467877604
1467876067
1467908585
1467932954
1468167515
1468019889
1467880004
60533728
1467880519
1469300476
1468371833
1468074483
1467909155
1468018300
1468260865
1468045229
1467917858
1468049518
1469430913
129319778
1468162361
1468017310
687648
1468220201
299814479
1467879231
1467892254
1468285371
1468341784
1467891304
1467868090
1469375324
154912011
1468081077
1467891611
1467871468
1469412359
1467878199
1468024573
337020305
1468428976
1467885307
1467975849
378704738
636987713
1468264751
1467910339
1467975209
1468010861
115215861
1467975920
1467868804
1467905391
1469286943
1467978293
383213448
378938223
1468717808
1467934672
1467898364
1468277679
1468040461
1469377691
1467918943
1468356295
1468086936
7281120
1467875006
1467904354
1469335633
95572399
787375939
1467878225
1468313457
3529
1467910959
1467873313
1467870496
1469370922
1468120684
176174397
1467899889
1468371733
152232793
1468023758
1468034731
1468034711
1467932442
1468071357
2211264
1468174117
1469414215
305747815
138018465
1469368745
170982134
1469300400
1468014376
1467886235
1467871215
1467896427
1467884369
786524039
1467975836
790253278
1468002286
1468040421
3708936
1569793065
122587715
59937812
1467874654
168116841
1569604268
1468049783
629228237
1469415469
110981745
1469433695
1467975230
2647510955
2634725616
1468018671
5246079
154655146
1468058347
1467919774
501141808
1569780246
1468020459
1467890527
1467884734
63169727
1469319879
5345506
3005328
1467886466
1467868692
1928145
194058756
1467867255
1469432051
1467920311
1467883803
1468363743
1467878835
1467902587
1467905923
187187929
1467885566
1467897398
191142417
1468099030
1467979959
1468353658
1469312942
1469360789
146688767
1467918460
1467880967
496099903
1468014159
3004004
210356694
107614607
1467867163
1468012320
1467911581
1467923888
1468077267
1467976035
1569604393
1468285355
1467878188
1467893136
1467890994
1467882096
1467917979
1467920026
1469262794
2693937
1467876496
1469380739
29758512
1469399184
1468363727
1467897007
5461670
1467878790
1467868450
1467915696
103047057
5465154
