1467897107
1468213212
1467868045
1467986387
1468012588
1468330541
1467895044
1467986365
1468098265
1468300220
1468095317
1467917051
1467867945
1467978336
1468047240
1467975778
1467916648
1468291257
1468164454
1468135122
1467932613
1468300173
1468332750
1467911560
1468300125
1468299981
1467887659
1468097930
1468308114
1468338188
1468278855
1468300212
1468098297
1468279798
1468019272
1468097922
1468011372
1469341199
1468300117
1468324992
1469336121
1467867176
1468040079
1467975862
1468181808
1468279846
1468300149
