1468030701
676438865
630067963
1468039577
179913543
1469387853
1568576335
1468285530
1102620528
152207146
1467975944
1467897293
1467910461
1468302789
1467875539
1467877208
1467936813
1467935894
1467936701
2361519
1468283215
1468707016
1467917143
185688890
1467903042
1469336564
1467887798
1467975746
1468037440
1467935189
1468380865
1469401878
2756730
1468044620
1467935857
1467898557
2702083
1468163131
2642238
121555656
1467883243
667044818
184774526
380169175
523575329
1467883097
1468054135
1469356027
1467935919
127203322
1467898083
1468011618
1468223891
1467975737
1467877163
1468035508
1467975680
630136731
1468011656
622050361
6257054
1468325278
1467971022
1467977475
1468015586
1468008811
1467936038
1467976024
166605299
1467903975
1468012296
1467911171
1468451088
346903694
1569772195
1468423210
1467879552
60530393
690128
1467975242
10368
