1468141305
2604439752
1468163322
1174059419
1469389359
1467887441
1468351029
1468050627
59937929
1468373143
1468046694
1469383229
1467870680
1468050008
1467872033
1468373121
1468285036
1567645188
1468270886
1467868118
1467885799
1468024822
1467917940
1468041038
2604439664
1174059463
1468046716
1468007701
1468373128
1468099331
1468046730
1468220209
1467866691
1468217034
2604438717
1468048293
1468141313
1468217942
1468340838
1469369283
1468116051
1468373114
351223381
1467918521
1468351044
1468007824
1467872119
1467887892
1469327340
1468096608
1469376573
1467986632
1468122927
