1106261562
1468046402
1469402817
1467876895
1467892965
4407767
1469326408
1467885732
1467882503
1467871778
1468046813
1467868718
1567829573
1467975262
1467907362
1468371122
1467867736
1467869737
1467883157
1468305337
1467876178
1467975900
1467913312
1467910797
1468043971
1467902576
1090806234
1467875985
1468018124
1467886730
1467917156
1468046632
1469292984
1467917752
1467868131
1469419953
1467873324
122926603
1468170932
1468042924
1467881377
1468012885
1467965407
1467994505
172732233
1467913386
1468049344
1468375887
1469388122
1467889928
1467994873
1467902407
1468163116
1467880624
1469382710
1468039784
1468028533
1467922223
1468205472
1467878978
1467982595
787598592
1468047458
1031425153
1467869144
1467893972
1467910702
638484273
1468308642
1467911752
1467994741
1468043903
2644087936
1468312604
1467876560
1468047130
1468308186
1467878601
1467869473
1467875034
125065571
1467873142
193558320
171498803
1467866648
1468063846
1468002921
1468308466
1168968566
1468300228
77321
1467888528
122280467
1468163553
1467910899
1468002135
1467898626
2661980410
1467872625
1888927
1468047860
1469355642
1467935532
1467894816
1467874972
1468034720
146688921
651611295
1468048001
671553655
1467911591
1469314627
1467919245
1468023720
1157281366
1467922942
1468097914
1467913598
1467917204
1467878676
1468022055
1467892046
1467877450
1469335069
5448577
1467872423
1468044599
1467986477
1467923905
1469349149
1468293590
349731146
1467976306
2998305
1467985050
608573732
1468032369
788044382
1467967445
1468308074
1467900620
1468288786
1569772068
1467875846
1468308650
613170513
1467910914
1467937279
1467888318
1468079396
661960156
1467873794
1469403003
1467975990
1468001902
115445870
1469424153
1467924024
1467975826
1467868204
1467900456
1469395952
1467975816
1468117328
1468015873
1468300244
