1467892254
359591152
77321
1467917966
1468043977
112820110
1468167515
63169727
1467894597
2756730
191988592
1468159709
1467878871
1467975778
1467878835
630067963
687648
138018465
1467976035
1468266440
378938223
788044382
5246079
1468011609
1468010606
1468039577
1468043984
1468014159
690128
1469334016
1468049952
1468043867
1468353658
5345506
1467935532
1467897467
1469333022
110981745
1467871394
129319778
380042430
1468174117
1468012320
1468045229
378937033
1467934672
1467970934
1469334213
629228237
194077374
1467932442
1468012588
122587715
1467872529
1468037889
1469415535
1468044835
1467918460
1467908585
1468218804
1468018671
1468288786
1469375324
1469370922
1468048353
1468163116
1569772068
1467886466
672343012
1468071357
1469335633
1467907163
1467868090
1468338188
1467900858
5489144
1468018300
171498803
1469318805
1468045100
1467975209
1469356027
1467878225
1469399184
115215861
1467883803
6257054
1467936701
1467897007
1468264751
1468054135
1468010648
347135246
1469364576
1467868450
1467919774
1469406469
1467920311
1469360789
1468371833
1468717808
1467917979
1928145
1467877141
3004004
1467932827
651247073
1468047774
1468045664
94890401
1468012296
1468451088
1469347909
1467879231
1467923888
5485376
1467938196
2693937
1467879018
1468324376
411249412
1468370061
1468368381
54482363
1468011893
1467873313
1469286943
122138382
1467975862
1469300400
1468023777
1467910471
1467878790
1467975230
154655146
1468045856
1468260865
1467877163
1468023758
486891108
1467915696
1468086936
1468363743
2908595
1467885079
1468024582
636796945
511321613
1467932954
1467935311
1468165504
377867937
1467890981
1469422011
651611295
1468170932
1467907537
1468049632
1467978187
1468707016
1467910959
1467877411
5465154
1468223891
