1467975164
1467975826
1467932841
1467979959
1467871630
1467881193
1467976048
1468285371
1467975262
1468047077
1467917177
282818792
3708936
1467879445
1468285355
184774526
1468025890
1467887879
1469362368
292802
1468040259
2636590395
1468011618
305267042
98371333
1468162623
1467888594
1468051082
667042634
96225376
1467890812
1468134444
1468223899
1468380865
1467898083
1467971022
1467876613
1467877551
348277775
1467896591
637199775
346903694
1468049518
1468045657
496099903
1467874654
1469415469
1468023788
1469347702
380592959
1568576335
1467966542
679743817
1569593751
1467975816
1469288899
383213448
1467979968
1467903511
1468008821
1467979305
1467871750
667034408
1468009477
630136731
1468714065
1467975900
1467899424
45987930
1467976152
377821045
1567829573
667032006
1467878555
61103881
1468267960
1468244802
1468049783
1467883243
146688921
161304261
66195470
1468008763
1467904781
1467919787
1468039862
1467894065
337020305
1467972257
1468044620
1467977475
1467935189
1569575885
1467877208
