1468313655
1168580195
1467913450
1467976024
1468163131
1467883737
1467975944
1569780246
1467903042
2642238
1467897293
1468008811
348338212
1469336564
1467886536
1467975920
152232793
5445305
1467910461
1468011647
1468039828
2361519
1467975836
1467975242
1467975849
346649386
1468302789
1467904723
166067123
98897360
639938970
1469353161
1467911171
1467898557
1469303350
1467903975
1469387853
154891469
380169175
1467917143
1467925702
2702083
1467894952
1467887798
347542167
1468025741
794588607
60530393
1468030701
1468282331
1468009211
1467882380
