1467875020
1469294107
1467917752
1468293590
1467890527
1467913988
1467898131
345948949
1469319879
1468002921
1467878978
1468002135
1468034711
1467869473
1467959390
1467873155
1467892784
1467896427
1468220201
1468162361
1468428976
1569583482
193558320
1467874972
2604440148
1468356295
1468049164
1468308506
1467978336
1468300228
1467877450
638484273
29758512
1468042924
1467880519
1569793065
191343811
1468097914
1469312942
1469300476
1467867176
1467900207
1467890994
1467900620
1468007711
1467986229
1467882503
1468022055
1467877482
1467886607
95572399
1467924024
1467900262
1467897398
1467986477
378704738
1468013295
1468197202
305747815
1468034731
1467894490
1468007040
1467899889
191142417
1467917858
1467922942
1467887659
1467913312
1468312604
1468046402
1467869737
1469367494
176174397
1467902407
1467869144
1467875985
1468332750
1468019272
1467906730
1467888318
1467867736
1467900456
1467881377
1467868692
1468079396
1467875744
1468063846
1467873324
1468098057
1467915175
1468409408
1468313457
1468048928
1468300244
1468012885
121787785
1467883157
1467892552
1468306463
1469433695
1469388122
1467875846
1469253737
1469336121
1467892046
1468081077
1467872423
