1467994873
1469341199
1468279798
1468097922
1468346523
1469368745
1467994741
1467872625
1468300125
1467909349
2369146
1467886980
1468324992
1468303938
1468299981
1468043903
1467889928
1468024250
1468098297
1468213212
1468374966
1469292984
1468300117
1467868045
1467878199
1468024260
1468374902
1468002124
1468300173
1468047240
353317091
1468300149
1467986387
1468367588
1467994780
1468374958
172732233
1468308650
1469430913
1467866276
1467878188
1467895044
1467873794
1467994505
1468291257
1469292932
785922314
1467986365
1469294025
1469309671
1468098265
1468308642
1468300220
1467868718
1468164454
1468346515
1467878601
1468049344
1468300212
1467867285
1468095317
1468097930
1468330541
1468279846
