1467887441
667034690
1174059419
1467902722
1469383229
1468047413
1468046716
1468122927
1468041105
1468099331
1469425213
1468047422
1468050008
1468270886
1468116051
1468046730
1467986632
1468010840
1467887892
1467870680
1468050627
2604439664
1469389359
1468007787
1468340838
1468351044
1467872119
1469424833
1468351029
1467918521
1469376573
1468141305
351223381
1468373121
1467866691
1468007824
1467917940
1469327340
2604439752
1467868118
1468041038
1468046694
1468373114
1468285036
1467865831
1468141313
1567645188
667046363
1469411255
1468373143
1174059463
667046396
1468096608
1469369283
1467920391
1467885799
1468007701
1467872033
1468217034
59937929
1468217942
5490989
2604438717
1468163322
1468048293
1468024822
2767657
1468041098
1468220209
1468373128
