1468020459
1106261562
154912011
1467984489
1467894816
1467911396
1467911591
1468077267
1468010592
1468277679
2998305
1467920026
1467876067
1467871215
1468002286
1467920725
1468020371
1468015933
1467884369
636987713
299814479
1467886510
1467910702
787598592
1468001961
1468032369
1467886125
1467878398
1469395952
1157831107
1569787192
1467910899
1467913883
349731146
1467887550
1031425153
1467870640
2661980410
1569604393
121555656
4407767
7281120
1469349149
1467879524
1468055374
671553655
1467901893
1468048408
1467868804
187187929
190967567
1468314597
1467905923
1468010861
1467871406
1469335069
166412133
1467878676
1467902587
1467915328
1888927
1467937279
1467885566
1467905391
1467877604
644220474
1468423210
1467923905
501141808
1467944747
1467922223
1468023720
1467918943
1157281366
278989958
1468117328
1468046849
1467886730
107614607
1467910810
1467917051
1468046813
790253278
1468058347
1467983276
529547138
194058756
1468308058
1468017310
1467982595
1467901632
190967545
1467876178
1468308074
1468348512
1467909362
503061554
1467911611
2792575
1467932396
1469414215
1469382710
1467913598
122926603
1469377691
1467876008
1468370069
122280467
1467877057
1469262794
1467870890
1467916648
1467871481
1468099030
1468046632
106790437
115445870
1467919245
349313739
1468040421
124563508
1467917204
608573732
1569604268
1468371733
1467916053
1469432051
1467885927
5461670
2211264
1468040079
1468028533
1468410195
170982134
510812848
1467976306
1468278924
1467910797
1468034738
613170513
1468305337
1467910391
1090806234
1467887498
1467893972
1467910339
1468018124
1468371122
1467913386
1469355642
1469314627
1469356970
210356694
1469402817
1467898309
1467867255
176441879
1467904354
1467893136
193808821
1467877736
179913543
1468040461
1468047860
1467905457
1467895264
1467876810
1469364473
1467975990
103047057
1468144615
1468381235
1468278956
125065571
1467886235
1467880967
146688767
1468047458
1468043971
1468190412
1467985050
1468019889
1467871497
1469351167
1467885307
2647510955
1468017281
2634725616
1468082160
1468010692
2644087936
1468013038
168116841
1468118376
347375715
1468672135
1467868131
1467969511
1467899053
1467866677
411704427
3005328
1467876560
1468341784
1467885235
60533728
1467928724
1468373202
1469380739
1467910914
1467871778
1467884734
190967556
1467978293
2604439219
5448577
1467899206
1468135122
1468160670
1468205472
1467875296
787375939
1469412359
1467877629
1468014376
1168968566
1467917156
1157831129
1467888390
1467907362
1467965407
1467902576
1468304511
1468098826
1468310831
