2814195653
2801475404
2809140172
2814139482
1569932322
2786214701
1569917949
2774441892
1569817235
1570024081
1569879031
1569745614
1570027788
2790493592
1569854349
2070068178
2809030790
1570020631
1569929705
2786218770
1569943242
2799244017
2592860125
1569696960
1569927104
1569874982
1570011691
2070045302
1569900935
1569917697
2789660115
2681906584
2809302724
1570027239
1570041438
1570009696
1559385169
2786316114
2592830369
2792781776
2790929568
1556899426
1569899306
2809118204
2592829261
2070016899
2070028300
1569828567
1569911954
2592790607
2774477750
1569817073
1569750249
1569869495
2774389803
2809133883
2594553848
2788123848
2786300198
2812477513
1570017451
2786314038
1569674886
1569665972
2593011734
1569743018
2592976054
2592945756
2786291881
2813036384
2070033448
1569674182
1569706817
2593022800
2592800522
1569709955
1735762685
1569871619
2808467052
2592942880
2593050690
1569820983
2592802803
2593028957
1569696920
1569929683
2600163505
2774391255
1569865012
2786227371
1569820256
2593033283
1569804076
1569878036
1570014537
1569842974
2592884167
1569938954
2787903518
1655652014
2592793818
1569717299
2593054717
2786238893
2593010990
1569816544
1569688104
1562252072
2738477910
2070046644
2070045651
2593091885
2592792046
1569836383
1570016815
2774361644
2795656352
1569946792
1569678204
2786345200
1569945429
1569657131
1569882004
2594534463
1569868549
2600213716
1570038025
2592812876
1569841176
1569664270
2786321420
1569930058
2786322710
2787995478
2676758410
2786219135
1569890178
2805478756
2592974283
2799408770
1570037302
1569894487
1569823525
1569842809
2592861315
2774484535
2592843473
1569915491
2774406250
1569933496
2786309352
1738192785
1569932384
2592947022
2809003873
1569896900
1569697564
2807282994
2593035982
1569879174
2070045259
1570010232
1556668097
2792836282
2786255960
2774441957
2812831896
2795302481
1556430111
1569884731
2597705291
2786293032
2070038947
2805364405
2774402280
2786288133
1569814874
2592942902
2592799334
2592943287
2786299808
1569938306
1570019779
2600163782
2786240952
1569762337
1569715337
1569665057
1569948691
1569885192
2786306853
1570024004
1569673587
2786310476
2593035839
1569663380
2807162309
1569882304
2592856541
1556527351
2593086047
1569848731
2592870728
1569711663
2813222304
1569869542
2774345968
1569730004
2806616983
2813003850
1570040635
1560465902
2592826012
1570025362
1569657972
2788659942
1569864656
1569755388
2787903586
2593678896
1569680822
1570015269
2786282445
2603781433
2593005370
2592855523
2788475750
1655646117
1569828977
2799200446
1569715253
1570028543
1569940302
2786252509
1569686492
2812680936
1569697294
2594445734
2786238933
1569906303
2594253365
2592796966
1569847747
2786294680
2807135400
2774396082
2592823396
2592795565
2808627671
2592798729
2070024149
2594255184
1570006772
1561170281
1569703754
1557840014
2602749038
1569657197
2600158438
1569813132
2774376389
2592817827
2592865036
1559282991
2795224357
1560438479
2791111467
1569720372
1569841811
1569948758
2786224965
2788261894
2786328258
1569920559
1569917044
2070048312
2791094821
2786214769
2774412794
1569758649
1569658946
2774406224
2793108245
2592807035
1569844217
1569944847
1569697603
2774331441
2070035934
1569681196
1569927327
2592821857
2786253983
1559140817
2774342101
1569897904
1569743571
2070077208
2808148730
1569873919
2593055858
1569722651
2592901500
2593050753
2683041528
1569950830
2592981044
2786214378
2792954570
1569716418
1569663925
1655626709
1569813421
2788013945
1569738511
1569843041
2593094788
1569944881
2791058874
2593013938
2774507252
1569882741
1570009849
1569708328
1558028037
2600155386
1655747541
2786238953
2787905208
1569659627
1569859823
2807462792
2786321352
2801635724
2786272947
2786313863
2807162570
1569717313
1570040569
1569712816
2786434048
2786261686
2786254755
2786289241
2787777792
1569890246
2791159924
2592795316
1570002059
2812668121
2593051670
2774426020
2593046275
2592845740
1569704299
1569948903
1569897211
1738198505
2592838251
2594283585
2593051726
2774386864
1569839844
1569913046
2593645853
2070016279
2774449030
1569844960
1569668591
1569921254
2774418068
2798965147
2592796810
1569917243
2786245498
2774452671
2787727663
2070021345
1662418041
1560716656
1570037258
2070031630
2800742682
2600221136
1570031335
2592828388
2592790341
1557106717
2774378447
2729205189
2774472741
2774413250
2070055007
1570009682
1569906757
2808145178
2774386731
2774352592
1569882963
2774407466
1556141167
1569934859
1569807861
1569697617
2774420975
2786313972
1569726778
2808615641
2774449569
1569900236
2786355604
2592794810
1569702240
1569679496
2593016639
2808772127
1569658774
2070031967
2786328087
1569809233
2786261395
2786231641
2070032212
2786315396
1569719180
2786253997
1570011235
1570015249
1655514954
2794825976
2592792395
2810241730
2592994537
1569670403
1569865100
2592809160
2787809189
1569709837
2592962809
1569941704
1569812526
2070018169
1569729451
1569920615
2070043515
2592799582
2774419699
2592864983
1569822510
2786221079
2070021895
2800970557
2593010145
1569676302
1569705952
1569857366
2788659571
1569715351
1569912396
2758082343
2594256959
2807163196
2592854221
2774436848
1569951694
1569943720
1569665101
1569679979
1655625469
2070026481
1570033685
1569673238
2683295360
2809055046
2788680520
1569723142
2786274257
1569899096
2070067369
1570015640
2809006041
2600164403
2774351647
1569903066
2786307406
2774393378
2789928777
1738075305
2592801233
1736441967
2600260941
1560284220
1569682719
2592808250
1569949573
1569942937
1569821363
1561658281
2790455661
2593092035
1569677844
2786313875
2774442972
1569683091
1569900024
1569692532
2597799022
2786243465
1570021073
1570015037
1569850807
2808610479
1570006954
1570016531
1569697728
2592832200
1569678398
2774500362
2592797597
2796634127
2774504408
2070024715
2601484557
2070069443
2774423212
2786307291
1569838835
2593091101
2593759771
2602739413
2795428672
2593069818
2808991180
1569941869
2786256335
1569836211
2592788778
2814144782
1569803102
2789376058
2592791127
1569942908
2592813841
2774395363
2786248226
1569669093
1569826326
1569742587
1738479717
1570006201
1569923532
1569912785
1569815296
2774431878
2592799955
2774449607
2600259125
2593054185
1556187993
1569923470
2774438135
2809590550
2592829670
2070022561
1738198537
1569662295
1569666799
1569694794
2070035635
2602410065
2774373054
1569753085
2809128566
2790148961
1737778605
1569711298
1569668527
2786256972
2799316185
2774425239
2809398631
1569659851
2592808081
1655741362
1570024289
2796691120
2604019313
2603735731
2801596113
2794825649
1569750984
2786312618
2774422454
2774343243
1569858034
2807061580
1569848857
2786323528
2592852404
1569700197
1569736722
1569819678
1560292851
1569757643
1569658610
1569920750
1569813897
2792840084
2594334552
1569673687
2808156527
1569834615
1570017810
1569658227
1569757949
1569953989
2813717361
2592805646
1738207469
2594256712
2592800729
2786313193
2789179075
1569675492
1569912969
2774350428
1569945273
1569719424
1569840130
2774351343
2786235705
2592836663
2774391799
2787755142
2592854083
2774370217
1569946451
1569675480
2593022617
1570016483
1569660506
1569685363
2592858579
2593010356
2810193822
1569862081
2786326992
1569886932
2786279247
1569680246
2593061299
2592794269
1569713261
1734749912
2683109801
1569951265
1569755743
1737188593
2774362944
2774402127
2788049356
2774329996
1570017239
1569741001
2786287202
2592820250
2786212937
1736864123
1569931224
1569928498
1569816410
2786219937
2592795416
1569927286
1569679667
2592875041
1569667831
2774391484
2592971586
2592813553
2789381555
2774388865
1570015381
1569676288
2786287791
1569657326
1569742139
1570024245
2786328123
2774373370
2070046532
2786221418
1569722278
2592807589
2809047605
1569912989
2594764543
1569911425
1569723300
2592796191
1569712291
1736865935
1569746618
2774344915
2592810965
2786221430
2774359247
2800677372
1569932823
2814043925
1569720335
2592969210
2807689967
2786255101
1569930489
2786313508
1569709937
2592803017
2792877815
1569730734
2592984173
1569893175
2592800477
1570023000
1655739499
1569900465
1569921506
2594382884
1557064850
1570017739
2786259897
2786324127
2592803910
1569923328
1569665184
1569680083
1569869939
2786242828
2678023429
2592976161
1570028987
2592866199
2789545823
2796434976
2592836762
1569864970
1570016174
2774495005
2593050265
1569948299
1569753596
2593019505
2786216727
2786362794
1569951390
1570026865
1569686772
1569734411
1569723128
2805489300
2600230716
2592797378
2592942128
2592994391
1569818718
2793253257
1569835029
1569885664
1569943264
1569911031
1569874528
1569724444
2592797173
2774515756
1570011276
1737779819
2786320120
2786319337
1569905932
1570000291
2786215719
1570016898
2592867116
1570019698
2592791111
1569660624
1569953832
2786315408
2600316256
1738191778
1736885009
1569889463
1570000243
2592801050
1569910833
2786342431
2601414677
2070015847
1570014044
2774506051
2593068637
2787850658
1569715914
1569859454
1569884019
2592944663
2592848274
2774445878
2786296072
1569699903
2786241092
1569687673
2786333010
2070037110
2786240657
1569753878
2592858363
1569697590
1569921045
2786308447
2799218908
2592813463
1569677363
2603624485
2808792833
1569672185
1570012683
2786235982
1569871336
1569828475
1569835859
1569839936
1556539544
1556814553
2774337720
1569731821
2786214755
1569842727
2774401498
1570033027
1560274315
2812479058
1569879329
1569750836
1569934989
1570022915
1569734215
2807154179
1569814688
2593079542
2786323699
1570007402
2070048982
2593050437
2786273193
1569710322
1569851558
2592830144
1569841797
2599685326
2774425310
2593069972
1569657455
1569892393
2774387075
1569910781
1569894411
2788260825
2603672976
1569824695
2593026086
1569913064
2774516108
1569874773
1569672679
2594098849
2801609318
2070022193
2807135514
1569947582
2070027088
2809002056
2786221723
2592821398
2593087411
1570040765
1569730045
1569885056
2812541687
2070030363
1569850156
1569900486
1569659154
1569756704
1570026918
2786214908
2793197926
2594294844
1569738311
2681367348
1569672053
1569665595
2786320260
2774343488
2592817696
1570006188
1556397631
2786234412
2592840017
1569842491
1569713522
2814012508
1569873828
2792922016
1569703735
2790456212
1655745266
2774393995
2592840911
1569919247
2806011889
2592788452
2786276676
1569951505
2594258607
1738124354
1738187587
1738207638
1569814595
1569870927
1569913097
2592805553
1569830175
1569691166
1569666262
2070027712
2786220517
2592821465
2788121409
2592795876
2592821972
1569758222
2774503936
1570033283
1569880576
1737205063
2786255900
1737775029
2677650796
1569818332
2807061529
1569699383
1569819730
2592933942
1559613128
1569944325
2592959387
2681997681
2774329328
1570033878
2070045231
1569840708
1569715597
2593032712
2774321550
2774500404
2796438645
2799409339
1569913127
2774389537
1561264152
1570016880
1570011124
2814512055
2787809355
2592808871
2793036469
2601658161
1569731613
2774447678
2070048875
2774499954
1737775789
2603310344
1569858785
1569833961
1569750948
2592799692
1569918295
1569870401
2809001786
2593049286
2774388044
1569876981
1569726117
2592814366
1569743724
2786237131
2683034363
2592992837
2795430307
2070039442
1736876776
1569804225
2774402812
1569839828
2787799496
1569740251
1569811915
1737079871
1569943565
2774394827
2774366832
1569679884
2808148663
1569658651
1569889243
1570017878
1569747062
2738480127
1569666567
1569945475
1569935759
1569897029
1569750224
1737777321
1569660227
2813735340
1569694734
2801762160
2795396007
2593055916
1569673899
1569906205
2774410995
1736867754
1569823467
1569697984
1569664314
1569666191
1569840742
2593033311
2593055574
1570008899
1569739874
1569951436
2593018107
2593089651
1569754799
2592815269
1570034214
2593055003
2793042047
2602905453
2592979289
2786277467
1570016193
1569862805
2593994651
1569836814
1569761656
1569734635
2786356073
1569945630
2792869975
2803452194
1569837238
2792999227
2792881170
1570011308
2788125828
2592813155
1569711329
1569735247
2774359293
1569930360
2787937763
2592792775
1569666222
2592830116
2592851335
2594553822
2812869684
1569812212
1737775174
1569752695
1569668005
2774441808
2592807801
1570027021
1569929740
2786254352
2774390873
2594430213
1569705151
1569658904
2793072821
1737774045
1569898729
1655622420
1569900550
2678591237
2602715357
2592801353
1569696846
1560793432
1569743752
1570028472
2676980565
2786292815
2789659586
1569950930
1569835177
1569817056
2592787307
2681096346
1738219585
1569663438
1737777097
2592801511
1570026831
2809213856
2774359635
1737779078
1569757000
2786226005
2592789372
2812766757
1570007661
2774446300
2774405336
1569950334
2070016644
2070029339
1570026938
2807158734
1569835411
2592792865
1569711594
1569873687
2807128567
1569848055
1556084648
2774351739
2593097427
2593013129
2809011445
1569817211
1556984236
1570034269
2798958961
1569675435
1569722707
2774356740
1569668308
2774458700
1569863589
2592830983
2807125511
1569845204
2593623380
2795265309
2786346070
1736441928
1557211877
1569849310
2677973095
2795302525
1569681436
1569672245
2786275001
1569670515
2601430063
2592958420
1569943660
1569675823
1569869829
1570033482
1570000272
2593094708
1569728237
2593005310
1654843425
1569900310
2807689245
1569853612
2592984302
1569758183
1570029405
1560563275
2807515341
1570017990
1570027307
2592807881
2786252561
1569701858
2592796146
1569853730
1569831213
2808789676
2813157415
1569755322
1570015672
2809000394
2792598297
1569670212
2774398848
2592975614
1569917596
2786234940
2792599620
2592839531
1569886494
1569722346
2809310342
2807082888
1569945255
1569938939
2070048591
2774393395
2774410563
1569751014
2592984028
2592799038
1655676156
2793622269
1569870453
1569684703
2774372802
2793298943
1569951662
2593390289
1569870874
1569727736
2808804467
2774390999
1569826926
2788287260
2774501161
2593485105
1569837351
2808986821
1569928910
2786273779
2786324551
2592974405
2786331602
1655566609
1569676329
1569667262
2808774698
2774409140
1569660819
1570033900
2594463664
1570016146
2786328135
1570014259
2786259562
2787770560
1570027802
2786284581
2814322561
2786277840
1569704382
2592790059
2593043999
1569741037
2070041015
1569747633
1570018985
1556826078
2774443298
2786319882
2774393968
1558369715
2592797450
2807958395
1569674132
1570010297
2814126714
2774428103
1569817262
2809003060
2774344857
1569680891
2592795760
2812433078
2592820784
1569694323
2812790157
1569889956
2795307686
2592839894
2812869121
1569870943
1569873329
2808207224
1556422339
2812451817
2799386810
2774446048
1570007681
1570011020
2593446336
2592945407
2807775709
1569906191
2070029776
1569679089
2592975776
1569659503
2593074031
1570037811
2774392548
2774318440
1569914680
2593028943
1569803870
2787748934
1569668439
2592820421
2603743617
1569917962
2793274358
2738203533
1569849881
2774354149
1561226239
2786216649
2809039392
2787777995
1655568987
2805429130
2790530320
2593011423
2774502197
1569802994
2592798595
1570015925
1570012620
2786217337
2593070077
1737777367
2594311286
1570007387
1569681881
2592975145
2774423195
1569700789
2592805380
1569816619
1569816285
2070018199
2808147582
1569943225
2796438571
1569916781
2786322782
2787729687
2812761562
2592951974
2801540569
2592807307
1569705172
1569896918
1569841134
1569882447
1570040847
2786317901
1569740718
1558824381
1570031318
1569940777
2801015522
2592819164
2774349417
2592803688
2592828406
2592831149
1569804751
1570016346
1569826653
1569872619
2592966385
1569904803
1569848135
1569861137
2594556124
1569817630
1556438923
2592996521
2774382746
2592802981
2774441821
2593020249
2774373743
1569685620
2808243642
2793388098
1570021980
1570031978
2774476498
1556802822
1569753969
2601678808
2592859892
1569673398
1569715862
1570029102
1569762451
2794720941
2801617268
2592798578
1570017562
2786348201
2603274946
1738273690
2795255393
2601406233
2813149492
2601470896
2807128507
2812759013
2593054752
2070023055
1570016547
2593651059
1569901733
2774449588
2601509162
2774452774
1570020102
2593013974
2774503462
2807302302
2603552041
1569802636
2789951099
2593054773
2592805665
2774443741
2795438083
2787819143
2786245090
1569673824
2786305357
1569709828
1569666593
1569820718
2787732532
1569671139
1569808442
1570014640
2774447659
1569680522
1569664133
2809057729
2070071918
2603990448
1569752550
2786246941
2786313150
1569666687
2735849094
2786235150
1569698115
1570020116
2808990289
2593103074
2774456200
2774420316
2593064823
2788959696
1570041152
1569666986
2774328819
2774433976
2786322935
2070019485
2787752524
2594405771
2786221804
2786283266
2728683825
1569747922
2806627093
2593086021
2593088588
1557841422
2774357572
2798998423
2774424180
1569674916
1569900701
2592980229
1569812565
1569918405
2070055196
2786282468
1569888785
2786318749
2592851854
2592792414
2594678835
2812474029
2774341364
1569661044
2592996177
2796433939
2721019628
2592863948
2070031570
1569887166
2594272120
2601510678
1569686840
1569914908
1569759270
2774439084
2787872315
1569740928
2774362883
2600164927
2786326914
1569949148
2787822748
1569841084
1569716333
1570008622
1569671266
1569889858
2809109675
2592969648
1569831806
2793253181
2786219105
2806614749
2808148881
2786358865
2809144021
2774505520
2786255783
2801019667
2786260567
1569670907
2592792793
2592805882
1569748041
2789875584
2812579414
2786286398
1569671439
1569874557
1569920697
1569655907
1737777191
1569697756
2593057191
2774402110
2774499931
2774450864
1569857061
1655614979
1569662324
2592875439
2786235584
2592798199
2786244748
1737777014
2592803511
1570014759
2786310513
1569947936
1570018644
1569953702
2592854596
2592803545
2070026409
1569750238
2809012693
1737777278
1556342803
2774407660
1569852059
1569825641
1569951323
2592935954
2592963062
1569818913
1569847211
1737778471
2786323264
2786222268
1561257006
1569803784
2070044822
2774326757
1570031739
1569937903
2594310408
1569743375
2774499916
2814047654
2786316820
2600374244
2592950213
2774359158
1569943835
2070069884
1569725031
2786327997
2786281417
1569806900
1569673314
2786275193
1569818781
1570037931
2804652664
1569923402
1569855598
2593103837
2774501836
2070035330
1569755208
1737778891
2774503831
2602923815
2812608715
2789178939
1569856672
1569942729
2786320518
1569830161
2738478176
2593011407
2774446924
1655456113
1569871094
1569949080
2592800140
1655285299
2592836440
1738187572
2592806285
2812922884
1570031392
1569676905
1569658748
1569910412
2788145017
1569696042
2809138192
2786221623
2592805910
2801699197
2804957242
1570015363
2594195411
2798999680
2806615739
2592868910
1570015441
1569944032
2788481471
2070016486
2774365930
2774427673
1569752262
1569875561
1569706839
1734145115
2813036408
2793274542
1570029299
2812761704
1556335926
2801597718
2592837238
2788153221
2593499516
1737777498
2813609252
1570014711
1569662699
1570028255
2786249741
1569743105
1569662395
1569906233
2774345204
2600420654
1569741024
2798963607
1569752374
1569888627
2597818464
2592815529
2814512032
2592798938
2786276574
1569668076
2774430205
2786292962
1570038189
1569874061
2774434764
2786210987
1569706856
2807523228
2070041220
2786474334
2592895473
2786272351
1569668196
2807525709
2592963556
2070033137
1557065664
2786211458
2815094925
2786319709
2592791557
1569875108
2592838268
2789532078
2592876127
2603479570
2774452530
2070033511
1569903026
2774462858
2786336862
1569830262
2807804423
2786249530
2774350545
1569944353
2801921024
1570009311
1569683571
2808991222
2786235864
2592993693
1569717259
1569671865
2600268575
2788196867
1734283228
1569879018
1569876456
2774380458
2070071175
2795218869
2592863107
2592984553
1569685659
2601406390
2593034225
1569687556
2594553795
2592955997
2808146254
1655208169
2593062072
2812888507
2592794691
1569815966
2786231715
1569843202
1569847940
2592805443
1570032680
2677779414
1558420837
1569659310
1569756951
1570037903
2592799073
1569734657
2593037185
2786331479
2774411579
2812473299
2070021929
2592788655
2786320504
1569848039
2809003461
1569711108
2070021941
1569656226
2801596392
2774451569
1569680006
1557776894
1655699847
2774423141
2774427547
2592803774
2786260521
2774401281
2786339491
1737774054
2592811792
2774373860
2738583059
2774525017
2799040446
2786274426
1570009296
2774344872
1556430171
1570034539
1569811218
1559101701
2774430437
1569918394
1570028704
1570016861
2592793200
2808415651
2786302264
2592968665
2774359014
2774473527
1569840622
2774344181
1570015601
1569742256
1569942190
2774332233
2677411824
2592863145
1570038611
1569690983
1569755905
2592793582
1570016312
2807154752
1569951953
2812685328
1569881565
1569928225
2592871807
1569668132
2593103427
2786238383
1569849274
1655671256
2786241728
1569830342
2812454832
1569730749
2592886821
1569863063
1569720491
1569911005
1569835994
2774326717
2812453945
1569711408
2718820267
2789788540
1569825707
2774365055
1569675342
1569938365
2787791539
2809001453
2593061578
2593027764
1655511579
2812670751
2592807858
1569913585
1569911253
1569830284
2788132296
2786352000
1569718595
1569828545
1570030891
2786326902
2812505356
2070050838
2793042070
2774352082
2799204626
2592795778
1569738445
2774437794
1569675882
2786299835
1738210938
1556430265
2070046725
2594580204
1569758664
2592796016
2594086561
1569836850
2592964925
2786234382
2774336463
1570032637
1569937629
1736900566
2809013892
2809002260
1569810073
2788472193
2786305301
2593458309
1569687400
1569842540
2774471097
1569829273
1569891688
1569825726
1569662019
2786237768
2592843305
1570033764
1569835957
2594283522
2592836933
2786323360
1569735683
1569658079
2786323276
1569664360
1569900151
2786328028
2799094427
2774445502
1569815178
2774446315
2789361842
2812670627
2814034678
1569680298
2786214737
1569943509
2796437974
1737308143
2801625170
2786310396
2592827089
2592800061
2786272842
2807151044
2786355808
1569665568
2592814002
2593111733
2774493031
2070027162
1655476706
1569665251
1569870306
2592851994
2786443017
1569825802
2593516810
2592843347
2070015780
2592797556
2592794398
1569928214
1569681451
2786220312
2680348261
1569838226
2601427197
2592790242
2597758641
2774406821
2603291214
1556117166
1569756544
1569832776
2786319267
1569822954
2070019462
1570000513
2592840877
2812810823
2786300703
1570018750
1569690997
2070038774
1570032361
2786246719
2592796247
1569945323
1569754073
2602566551
2592861843
2813735295
2600266267
1569902078
1570020879
1569697166
1569655959
1569715269
1569951482
1569717246
2808991240
1569837432
2593618290
1569901082
1569683433
2789526302
1569894520
1569754224
2786240672
2593069986
2774368723
1569838132
1569919462
1569871025
1569669807
2592800755
2774410921
1737237507
1569914750
2786215353
1655605030
2592813270
2787721439
2592793650
1570017174
1569826739
1569803634
1569927061
2788411554
2807765192
1569845301
2794826095
1655724664
2592789618
2592795238
2786239013
2786274835
2774451974
1570039465
1570029080
1569841640
2593062754
2807264118
1569694834
1569927305
2774406237
1569846542
1736864530
1569694762
2601439256
1569681151
1569738291
1569673731
2592869338
1569696367
2601446815
2592968979
2800024133
1569708501
1569677118
1569851030
1569854312
2787819077
1569839902
1737777790
1569939787
2592853947
2594524490
2592851741
2774370573
1569666579
2774326734
1570034526
2592872495
1556918734
2807128489
2786313851
1569837555
2786313176
1569762118
2592796678
2809019948
2774334291
2592805397
2786222176
2070025553
1569944619
1569884122
2601483647
1569854228
2786319323
2070022601
1570012353
1569815623
2786282409
1569702527
1569874211
2786216677
2774422720
2592939070
2814239228
2807525726
2774319750
2789362021
2786286480
2070018315
2594523148
2070071876
1569812883
2600231312
1559899742
1569673503
1569822606
1569732937
1569826875
2070040497
2786223027
2593061525
1569947324
1570008816
2786287391
2795241736
2758082001
2812667788
2786313328
2592993528
2792931610
2787995298
1569840577
1569805055
1570014556
2792549736
2593011753
2803393622
1569716912
2592950445
2593620632
2774373171
1569881985
2601433471
1655670415
2774407018
1569884003
1569715487
1569921173
1569806736
2790152038
1569889564
1569679149
2774324834
2593050485
2070022706
1569724587
1569838734
1569657386
1569921539
2592802663
2603129375
1569904421
1569899973
1556527048
2795304052
2787777853
2592829235
2786237780
1569743127
2592855356
2592831000
2799057864
1570014848
1569856707
2774428041
2592799105
2593067923
1569850954
1569913397
1569663449
1569748677
1569892688
2592929241
1560765828
2786244402
1570007974
2593085914
1569685747
2786271750
1569928338
1570018564
1558982527
2786321133
2592836217
2786211908
2592814643
2774505424
1569870320
2774342831
1737779792
1570010942
1570018057
2592796901
2592803528
1569726062
1569713691
1569686521
1569683810
1569804851
2593041538
2592822759
1569850301
2592806726
2592800663
1569837128
2792514715
2774398296
2592981879
2774455473
1570038230
1569660833
2592869679
2593085467
1569667668
2592869736
1569735086
2592808889
2601437474
2808466999
1569803958
2786241202
2808616121
2786323075
1569933569
2603001815
1569685289
2801828335
2593994947
1570012766
2592806814
1569660273
1655717569
1570021635
1569895164
1569906316
1569913228
2592829435
1738137270
1570031598
2070020956
1569948384
1570008592
1569753694
1569906112
2593396576
2592934059
1556310065
1569920670
2592814750
2680036470
1570014400
1569718994
2070038218
2592958397
1569732911
2788659594
2592858607
2786307848
2786319309
2786328813
2788168743
2786316568
2774441944
2678606012
2602013199
2793078812
2774438817
2786211577
2070044667
1569688336
1737777228
2683595520
2600361104
2813018069
2592808153
2786295252
2809109777
2594430183
2807216834
2786235644
2774333362
2815037481
1569848410
2593022877
1737202870
2592788596
2774443501
2600212779
1569677132
1570040912
1569680680
1557906023
1569848250
1569870616
2592865053
1556693719
2788121522
2787808178
2786347291
2592787440
2592856458
2786231917
1569675588
2793109563
1570017190
1569883803
1569736553
2786366502
1569884543
2774333341
1569700412
1569910689
1569664121
1556290390
2600156278
2601481493
1569664814
2594323259
1570037540
1570027663
2786281439
2592800379
2070031954
1570019298
1569916195
1569827702
2786251189
1569686057
1569715793
2774440849
2593035395
1569662588
1737779147
2786323829
2786352658
2593043950
2592882574
2592990534
2592792015
2793165032
2070029403
2786325967
2592796753
2592803216
1569917790
2774414155
1569946280
1569919640
2592831111
1569710413
1559602396
2070047275
2788713993
1569887484
1570041415
1569664328
2774441795
1569670640
2774523552
1569724500
1570014493
2070036011
1737242896
2592816559
1569867955
1569868563
2774349668
2787771510
1569679342
2070036409
2799629134
2592813513
2814232194
1569948583
1569900603
1569825410
2774392039
1569948460
2792999204
1569897891
2594085360
2592815586
2592807464
2592996055
1569666250
1570041252
2593076517
1569851194
1569877505
1569730375
2597709096
2593051122
2786235251
2791055340
2786311640
2713614475
2786243796
1569908036
1570031024
1569675262
2809118245
1737777635
2602963298
2592805159
1556972831
2600590606
1569883690
1569953675
2807163076
2786308952
1569811511
2786216832
2593023381
1556949989
1569833596
1569713916
1569831405
1655590500
2786299678
2593678806
2774337948
2812685394
1561263926
2786311138
1569922733
2600282638
1569846040
2592799759
2774446364
1569917684
1570030104
2593010516
1557326718
2070030039
2774451136
1569938624
1569879254
2592807929
2815050271
2601509048
2786274378
2774457600
2592958441
1569657929
1569940315
2809040407
1738200286
2070048093
1569668571
2594255593
2786314110
2786232954
1569678593
2592990508
2786367474
2603352283
1569677857
2592813945
2594253274
1569864998
1569710706
2593094570
1569911044
1569716320
1737777396
2070024128
1569858960
1569911018
1569918823
2774458515
2814036001
1569893947
2592815970
1569848570
2070022481
1570010865
2789364520
2070034028
1570021105
2808434097
2592965891
2594689799
2070029760
2592941401
2601422453
1569697935
1569922493
1569902902
1569913517
2812890275
1570015889
1569922751
2774440258
2786239053
1569833673
1569674102
2795238394
2593061283
1737779706
2800740300
1556667161
1569692429
1556872017
2592848211
2592798693
1570008851
2592791144
2592806895
1569948922
1569871035
2592829635
2788287304
2592831130
2592788575
1569757855
2786221442
2593080017
2809004222
2592959778
2592807001
2070077507
1569832283
1569848889
2786253810
2592799294
2774387220
2786238601
2786313899
2787995208
2788177916
1569814176
2603506421
2786219951
1569816839
2774504441
2592792690
2598552058
2786260691
2592817975
2807256131
1570035241
2786296122
2792925513
1569747517
1569748136
2809071151
2809035826
1655540109
1569921164
2592788168
1569883636
1570013065
2592797354
1569751685
1569829133
2787777720
2793277807
2806020662
1569868898
1569830421
2794825694
1569704395
2793341208
2786215136
1569951579
1569906072
1570029273
2808773692
1569659121
2593061447
2774422603
2774410949
2814325975
2592948100
1569928853
2774455631
2786254116
2809013529
1569755766
1570016207
2592807483
1569709789
2814036068
2592948984
2774475644
2792906047
2806627846
1569819486
1570024302
1570026493
1569919300
1569802672
2592819313
1569662218
2774336090
1569916705
1655717995
1569724972
2786261326
2792931633
2809044566
1569839070
2600156427
1569674672
1557076218
2792913037
1570030003
2774337929
2593094534
2774401602
1569921576
1569936338
2592819978
2592809431
1569753446
1570018094
2774345064
1569679993
2592795206
2789361971
2774379208
2808527876
1569860052
1569874195
2594354881
1569863576
2592795436
1569936222
2592801638
2786319071
2786322794
2592821674
2774391611
2592795368
2774402612
2596049661
1569710315
2786223011
2592792967
2774359700
2592845411
1569667482
2792923352
1570013973
1569741067
2600157081
2592965478
2070019390
2813221133
1569915823
2786325548
2774396795
1569949040
1569739917
1569907400
2796458652
1570032241
1569720445
2799189590
2810270337
1570011707
1569673767
1569740803
2786322770
2774419091
2774339735
2592973708
1569754567
2786307937
1569735360
2789946922
1569684498
2592805634
2774410307
2786239888
2774523673
1569670294
1569928259
1569916166
2788684133
1570000540
2786295271
2786274591
1569945403
2787737772
1569902111
1569816576
1569949610
2774349546
2594583713
2809191645
2592830538
2786256566
1570035850
2593468365
2799379217
1569946641
2774406860
2792954633
1569906276
1569723258
2592839950
1569852559
2793059841
2787718256
1569820126
1569723559
2813284792
2789361948
1570014768
2801617738
2774338843
2812679249
2070027533
1569666909
1569950131
2592812804
1569873605
1569749098
1569663392
1569937716
1570009279
1569754489
2592791032
2594514058
1569660578
2593620294
1569891409
1570016577
1569914927
1569662535
1569727616
2795384243
2774370878
2774441782
2774418140
2592806592
1570026884
1560562053
1569740729
2774416122
1569839511
2592971194
2601414396
2599985461
2593066696
2592838289
2598546663
2593496517
1569877288
2592795934
1569810263
1569673743
1569892346
1569757018
1569663138
2809434570
2070030793
2774435566
2592804681
2786319770
1557839580
2592798110
2774344807
2809138226
2592815161
2786234310
2786354797
1569667728
1569749241
2070048251
2807211783
1569689550
2786299987
1569747689
2774455359
1569947842
1569830148
1738122841
1569827962
2786299692
2786309967
1569680364
1655687888
2592811709
2774386513
1556309712
1569678993
2793544295
2592798310
1570031926
2592860484
2592976175
2592803893
2774394638
2592803755
1569681103
1569937947
2592792199
2738445906
2070027987
1570035343
1569901034
1569943400
2814051647
1569687316
2774476010
1569939397
1569656900
2592803878
1569871993
2592865557
1569832204
1569874518
2592798089
1569900039
1569703977
2070035185
1569894567
1569899960
1569825783
2593035425
2786219461
2592795500
2593079572
1655467410
2787773569
2070018186
2592865700
1569690927
2786318039
1569820738
2592797435
2592826079
1569710427
1569937699
2774443842
1569737420
2592853803
2799110994
1569928779
2786237966
1556244252
2801634119
1569849321
1569938473
2792988725
2592811345
1559527671
1569891109
1569838340
2786221014
1569686430
2774400854
1569674858
1569750348
1556187017
1738153348
2806662798
2070032141
2592807698
2808459274
1569847401
1569665609
2593647813
1569684084
1569951413
2792954956
1569726003
2786284667
2774365913
2789692626
1569945916
1569870630
1569808817
2812758986
1569761790
2593758472
1559161668
2592805013
2774422141
1569835474
1569917628
1569871322
1569753221
1569727607
2592789709
2786321310
2593043968
1570033720
1570027265
2070054950
1569680198
2799094400
2786292942
2790493463
1569701150
2070045080
1569869460
2807152727
1569851522
2774338421
2790441985
2786221820
2807152470
2787724210
2592914403
2786248987
1569668340
1569883608
2786322722
2592796269
2592807018
2793622231
2592794635
1570008218
2792897832
1569683363
1569672067
1569843399
2812675259
1569732013
2807252040
1569906263
2806618793
1569672446
1569812813
2786300239
2791257674
2799800386
2786300338
2803432807
1569685133
2788287282
1569699005
2796434887
2592789581
2774451155
2593087891
2774443473
1569820797
2809042562
2592956422
2592792492
2592795029
1569675466
2592789351
1569820192
2774441666
2774388512
1569716868
2807135256
2592864244
2774367163
2592843112
2601493929
1569686614
2774386673
2774342547
2799093125
2592805347
2787996016
1569716934
2786321190
1569880829
1569656376
2774373285
2786321119
2786296344
2592801103
2786254145
1570028875
1569666003
1569942830
2070022926
1569762667
1569875477
2795206058
2806784426
2809042607
1569663512
2788123901
1569679441
1569880611
2790493210
2594577310
1570029458
2808982921
2070048822
1570019120
1569705591
2601430670
2592798133
2592813892
2593033540
2592803625
2786240200
2786314086
1569905480
2774350626
1569663595
1569744841
1569899233
2786243051
2070039821
1569872180
1569689165
1569836012
1569715901
1569662047
1569811526
1569890322
2774400006
1569937640
2774506262
1569743266
2774328177
2795193712
1569850577
2592789782
1569879229
1569952111
1569918556
2592807352
1570028910
2786291199
1569750031
2592805925
2603270552
2786254998
2774409356
2603892884
1569928550
1569948627
2592958355
2592971471
2774435436
2593064067
2813740091
2603425467
2774388357
1569840461
1569916085
2786218859
2592992973
1569665071
2786211081
2592862345
1569658564
2792837661
1569674331
2593031518
1569898040
1569939624
2592803145
2592814817
1569840479
1569680602
1569830767
2600238809
1570017549
2601511481
2799901032
1569670456
2600417855
2809052819
1569916618
1569843509
1569734349
1569849654
1569658836
2592793325
2809071437
1569686403
1570017388
1569669772
2774398264
1569656827
1569921443
1569734011
2786325336
1569680689
2774365783
1569944638
2774443125
2796634024
2592965038
1737777130
2786348600
2774392691
2774376962
2592793561
1655711669
2592939050
2806621128
1569843095
2592830553
1569666697
1570016966
2786332628
2786355870
1569740345
1569910742
1569671714
2786238621
1569723610
2600266102
1569754768
1569762555
1569897558
2786221572
2592803941
2793212296
2593010922
1569695959
2807161976
1738160403
1569755312
1569730349
2812758966
1569826281
2787721594
1569853749
1569677068
2592813623
2600156863
2774502044
1569836578
2786288334
2070046759
2593077473
1569882952
1569668780
2788713942
2774373319
1569823906
2592845608
2592989157
2774437270
1569892508
2786306991
2786246649
2786234023
1569673059
1570006746
2808991395
2793248906
1569698131
2593091655
1569741922
1737777206
2786220170
1569688526
2592934183
1570030029
1569725918
1569943329
2799091542
1569839751
2592807373
1570018857
2592794381
1569736708
1569816073
2774436777
1559600688
2806869991
2809213765
1569732971
1570037287
1569668872
2786339326
2795775485
2592794490
2794584714
1569737251
2595215566
1569682004
1569859422
1570008318
2790235628
2788961360
1569938878
2594350871
2592882589
1569927703
1569878298
1569669034
1569687444
1569722481
1569871474
2807061511
2601516953
1738182178
2809109797
1569753866
2786249924
2592821304
2807154835
2679882365
1570034283
2786299504
1569918079
1569884088
2786272055
1570025049
2774450834
2810428386
1569820642
2592990494
1569675314
1569869924
2593090610
2793274293
1569906099
1569803158
2601466705
2774357520
2786284269
2592931802
1569666102
2786276321
1569951459
1569891740
2601416785
2070029562
1569753638
2807135446
2070016657
1569665333
1569841203
1569899145
1569885649
1569700095
2592792085
1569875760
1569846428
2593056744
1569819235
1569803918
2070044879
2592977987
1569934690
2592820192
1569667742
1569868167
2786291929
2785663044
1569699714
2592842659
1569710719
2786241765
1737777673
2774316978
2786235495
1570019312
2800077990
1569736539
1569661568
2790493662
1569689218
2592986685
1569906176
2070067975
2593032572
1738194124
1570029018
2809032134
1569803424
2594086239
2592804995
1737779693
1556188082
2592977745
2774402998
1569927770
1559625101
1569677730
2592977111
2786317789
1569730401
1570016501
1569837498
1570011540
1569754262
2592801368
2774349529
1569865277
1561220326
2788129597
1569718888
1569878495
2592977699
1569665653
1556335588
2593022289
2794825534
2592789123
1569810355
2809148336
2799089235
2593044016
2786313593
2592865494
2774387195
1570028781
2598560614
2600256556
1569939173
1569676725
1569882042
2593065344
1569912768
1569746991
1570014967
2801015362
1655679918
1569658549
2592890418
1569816053
1655510911
1570009081
2786307784
1569710609
2787809546
2592813907
1569715365
1570015095
2794825932
2786296246
1569916317
1569825130
1569952265
1569738125
2786263121
2786240701
2592963305
1569907483
2774445001
1569852046
1569868379
2787925571
2812477553
1569946865
1569675914
1559599712
2774395621
2774337316
1569819826
2812979931
2592960686
2676760965
1569756990
1557585631
1557367349
2786283109
1570038041
2774516851
2592844883
2786309909
2812512630
1569671351
2786319681
1655743223
2070047867
1570033006
2070070380
2790235861
1737777596
2594254865
2774360850
2789363521
2774443512
2786213291
1569918499
2789332720
1655515135
2774393323
1738187809
2070045033
1569938022
1570010456
1569888844
1569666635
2592869315
2070044897
1569712483
2806993076
1569739847
2592808453
1559149155
2070028737
2787723446
1569920314
1569686071
1570029257
2593005327
1569884104
2774482789
2601049754
2795904877
2812598786
2070030322
2774391546
2592960738
1569816244
1569680351
1569933605
1569841347
1557777030
2786313162
2774410898
2786276853
2774444795
2774436261
2787903099
1569662464
1570025519
2070044731
1569851794
2592802351
1569681038
1556186189
2786260035
1569754194
2795418041
2809034873
1569657118
1569689299
1569836342
2592834075
1569705577
1569953729
2070018264
1570000488
2592799056
1569753852
2774336861
2786241945
1569802834
2774461343
2796434909
1569871460
1736577155
1569727590
2592841268
2592793282
1569755052
1569849462
1569660496
2676926644
2799002509
2593101402
1569806928
2792823762
2803442710
2593083563
1738176938
2774509591
2070046781
2592806747
1569726554
1569947269
2070068307
2774396665
1569842090
2594330396
2792818588
1570008768
2774415794
2814149233
1570006984
1569708294
2774373578
2786334204
1569828787
1569675604
1569807554
2774483769
2070022088
1570038070
1655654473
1570015136
2786232480
1569904561
1569818110
2592792928
1559287111
2795306638
2786344958
1570010721
2774392205
1569947372
2786353827
2797122404
2786284634
2774328132
1569942952
2592816862
2788846613
1569928994
1569949345
2593048146
1570011804
2814714132
2801544195
1569953961
2812529559
2786238532
2592810179
1570028555
2592812979
2592836958
2796436061
1570007719
2786211877
1569805114
1569911395
2786336321
2592868518
1569814506
2786328012
1569874047
2774441918
2788680657
2808148684
2757874445
1569760627
1569674469
2592790760
2592831320
2787772209
1569913170
2808627712
1569741050
2593037213
2774385978
2592788407
1569716379
1569743696
2592798047
2787721940
2603054080
2799093085
2676763674
2809478722
1570018676
1737774386
1569691279
1569889915
2786272327
2786275016
2592800740
1570013085
2070044849
2795307366
2592794930
2600157977
1569674628
2808774736
2788959673
2786280872
1569936810
1559557362
1737777555
2786344203
2774444942
1569682509
2792432317
2593094748
2787925624
1569874810
2809042643
2070044542
1570037792
2774484569
2786390673
2603638749
2593099818
2774435455
1556668023
1569661243
2594539403
1569844326
2593073769
2787937846
1569906922
1569848959
2070031701
1569663090
2788239007
2592938376
1569851356
2594524539
2594254849
1569709360
1569897577
1569833464
1569944017
2592825184
2786282976
1569919420
2601430474
1559745676
1738480150
2593037200
1570015854
2812454852
2786275756
2806021838
1569948817
2786318735
1569716346
2593067021
2592791739
2813738599
1569749385
2786313935
2786319027
2774351509
2593094379
1569927634
2592922664
2593050935
2592788469
1569952207
1570014179
2732359684
1569704257
1569865176
2786274317
1569827685
2774409854
2774361362
1569681318
1569902703
1569672400
2809049575
1569945666
2786248272
2788327865
1569809844
2774442691
1569680511
1569815657
1655615268
2786215602
2786241307
1569870416
2774388338
1570038622
2774336632
1570023298
1569667682
2806869541
2812831871
1569933784
2774443332
2592793166
2786315268
2735775098
1569710596
1569815157
1569730669
1569668726
2592795080
1569927573
2774443579
2809040512
1559956523
2070031425
1569940455
1569711450
1570024365
2592793370
1569675096
2799238800
2592892050
1569659141
2812478895
1570016781
2774414959
2807084587
2814035953
2809023732
1570024400
1569691267
2786358597
2592826523
2774350664
2070078282
1569953397
2774362237
1569667037
2789718746
2592789042
2592908819
2592789975
1569816697
2592788832
2774446500
1569847830
2786308365
2774339582
1569894498
2808145543
1569885486
1569843892
2792835859
2592794240
1569852636
2793172948
2592795808
2786226079
2814036201
1655530525
1569657424
2592788960
2774423919
2786291913
1569894929
1569948441
2774399538
1569738102
2788714192
1569709923
2786217274
1569944216
2676665399
1569930515
1569843479
1569937511
1570017290
2791299888
2790494980
1560341929
1569902553
2774461493
2070031903
1569947359
1562252147
2808783041
2592843263
1569904115
2592840154
2806721757
1569809581
2786319784
2070020871
1569852123
2592944778
1569672724
2593011375
1738183995
2812673033
2774424814
1570022896
2786220324
1569929182
2801871739
1569846357
2786222284
2812930441
2786237954
2786365913
2070027912
1569859593
2802898339
2070021739
1569758850
2774362413
1570028367
1569890461
2803191085
2774346247
2592842401
1569864349
1569949525
2814267579
2592831202
2593032608
2807302281
1569907495
2592799567
1569912668
1569859568
1569890860
1569715888
1569922703
1569732954
1569668425
2774393418
2592865547
2812605358
2593666048
1569819755
2594256729
1556508133
2809028822
1569749011
2602659167
1736926650
1569724406
2593110863
1570006711
1570032626
1569893246
2786217820
1570032030
1569819879
1569943705
1570000434
2807158716
2738446649
1570028891
1570015115
1569716921
1556304104
1569912079
2592948535
2592841232
2774403447
2676757905
1569941852
2786211967
2795438702
1570033613
1570039489
1569672262
2808786561
1569723531
1570016515
2786299706
1569715162
2070032175
2787809435
1569725959
2070017296
2786273238
1569803536
2592973131
1569844176
2592986126
1569658808
2786255170
2774327232
1569868591
2787991517
2592844164
2592796940
2070054877
2601053342
2786222100
2786212330
1570010329
1569948133
2808628837
2593022857
2806867137
1569819077
1569693601
2815037223
2592803813
2592889976
1569870180
2812437921
1738216252
2070046695
2774475505
1569818646
1569658485
1570007990
1569874183
2787818890
1569806979
2788153370
2786348688
2594357442
2786319057
1569715403
2592796462
2774364655
2592799277
2793212477
2601421104
2603080457
1569885756
1569916304
2787991493
1569678218
1569692342
1569890661
2593072333
1569755112
2592868148
1569822102
1569804937
1569939220
2774502372
1569838490
2815129390
2774405520
2786298188
2592815948
2592862719
1569820917
2795438105
1569695104
2793538282
1569680877
1569808955
2786329373
2592810033
2593022950
2592804268
2593002539
1569930608
1569942923
2786327888
1570010824
1569949591
1569921003
1569670613
2592797718
1569935155
1569838089
1569844885
2786272339
2593080954
2070031485
1569843570
1569803549
1570015552
2774451115
2786324954
2804653116
1569664843
2794826119
1556983113
2774352995
1570030763
2592840041
1570014166
2592849264
1569837113
2792527511
1569839381
1569839969
1570020444
1569762037
2070069078
2593113597
1570009981
1570009965
2592821750
1569710267
2774389820
2592836426
1569725804
1556393152
2070046712
2592797477
2786319840
2592815252
2592807650
2592811330
2790209016
2603159901
1569659518
2592806633
2813201979
2592853688
2812478042
2592830334
2808995026
2789046180
1569946553
2774328148
2070022427
1570011431
1569892763
1569686417
1569871064
1569927747
2774363740
1561257376
2786253700
1569669472
1569920363
1569679821
1569906056
2592802595
2774341312
1570040624
2786307013
1569865128
1569730807
2809028382
2592866294
2774331658
2592787362
2795502115
2594273759
2592838215
2593020748
1570018807
2592790742
2601426125
1738137284
1569701554
2774441970
2592829874
1569872605
1569840896
1569849289
2593044007
1569660756
2070045823
2801768721
1569685423
1569680264
1569941609
2601450215
1736877091
1569820680
1569716089
2592800604
2592807182
1569671049
1569663233
2793274523
2593076739
2601402985
1569675066
2786322393
2593028857
2787809791
1570027830
2070043648
1558684115
1569754043
1557023765
2592838539
2592842878
1569752276
2792905571
1569670068
1558263438
2792867381
2786325921
1569755931
1569847973
1570014907
2795332244
2774509171
2808607431
2799534150
2070021991
2803405240
2774415765
2786317889
1569693544
1569940616
2786309405
2774373117
1737779666
2070067729
2801019689
2787726641
2070025444
2070074454
1569828869
2600164313
2592808571
2070054426
1569832546
1569824369
1569829841
2774319215
2774431931
2592795271
2600530022
1569750159
2774402095
2786313237
1570031122
1569946128
2593109977
2786313911
1569816167
2070032255
2592811313
2807152744
2792501787
1569877629
2593009940
2786219050
2070048809
2592889030
2592813642
1569666621
1569762054
1569913618
1569942577
2594280097
1569918361
2809008384
2795658295
1569663679
1569946080
2774412157
2070019787
1569750374
1569744448
2593035373
2801866771
1569906409
2601476312
2592796528
1569828383
1569906782
2593084179
1569688692
2786323816
2786318605
1655518752
1569674706
1569737596
1569841076
1569935740
1569952349
1569852138
1569929154
2594454947
2809000486
1569749053
1569852849
1569736341
1569822322
2792874857
1569692020
1569827382
1556343628
2592956735
2592828020
1569920576
2774441983
2786351831
1557636153
1569695691
1569858130
2774392299
2592795451
1569747019
2593010384
1556845152
2786242983
1569754661
1736896130
2592799012
2070045509
2774345805
2786361222
1570019765
1569677871
2812831822
1569871418
1570012117
1569816994
2774462418
2788974930
2592825335
1558848184
2788123870
1569848997
1569913721
1569673284
2774500537
2793109909
1556141301
2809049056
2600150294
1569850600
2795418627
1569878830
2809152336
2592827640
1570011474
2786313249
2774408817
1569905808
2786325078
1569689673
1569660103
2592796477
2774336840
2809030808
2070070170
1569943316
2594296000
2070022224
1570014808
1569688484
1569891621
2789789204
1569903339
2806869976
1569912318
2808150537
2070072006
1569708759
1569877046
1569822391
1570015690
2786271965
2786256543
2789807881
2678473248
2814374426
2786226095
2786313717
1737779377
2774492620
2799057813
2593044227
1569689076
2774370527
1569891938
1569759211
2814196628
2786366061
2070017257
2774366563
2788221660
1569698387
2787822643
2774396150
2594355297
1569853666
1569752646
2786220134
1569821245
2786211244
1570032372
2786290706
1569681599
2594261791
1569918378
1569747940
2774388844
1569697540
1569931637
1569825939
2070039372
1570010011
2787771436
2070050415
2799049979
2592801552
2786247574
1569757840
2593091052
1569942646
2786319854
2592836322
2774354128
1569922843
1569680643
2774371433
1569673300
2070021536
2593028220
2801626134
2592965417
2070022720
1569823291
2592797861
2786221466
1569848336
1569687765
1569921367
1569952241
1569915052
2774342439
2592803097
1569871487
1569666607
2786212904
1569666871
1569899255
1654747295
1569710572
2786325893
1569682085
1569819132
2774396833
2774396283
2070067714
1569667334
1569685719
2806993042
1556397741
2070067833
2786315924
2774359336
1569755784
1569726417
1569665680
2786278513
2592870779
1654746487
1569835669
1569753609
1569898054
2774433455
1569754176
2787799876
2603079216
2070021698
2786338990
1569840438
1569671819
2594463694
1569943629
2592993456
1569890367
1569900252
1570017506
1569674422
2681081432
1569672752
2592858899
2774435550
1569844721
2592841829
1569663247
1570009829
2592868950
2809038520
1558553377
2792997111
1569930014
2603340167
1569671341
1570013101
2796913134
2600161556
1569660547
2070068211
2793654565
1569762018
2592856560
1570023243
2805488119
1569953946
2070020297
2774401572
1569814292
1569893913
1569837515
2795302420
1569663665
1569728289
2788659495
2786241170
1570038055
1569917582
1569666731
1569674006
1569872033
2809419826
2601474790
1569823147
1569676919
2070023141
2070031731
1556358356
2800645495
2809044549
2787812411
2070023343
1569761591
1569681066
1569870385
1556826683
1569663635
1569928276
1569738561
2592810834
1569879299
1569744819
1569662480
2592937602
1569727167
2774484665
2808985841
2787809114
2592925179
1569898551
2774519710
2594520347
1569762541
2786238853
2806784443
2786243516
2786435568
1569734026
1569943368
2786251071
2594093366
1569919066
2594553469
1569872709
1569660151
2786294982
1569872066
2592953205
2809028859
1569672618
1569705941
2592798369
2787810024
1569862109
1569713251
1569730415
2787720049
2787800708
2813740129
2812411434
2786221503
2592792063
2070045117
1569944711
2593005343
1569657984
2592800930
1569709322
2809019989
2786273518
2787719997
2070031097
1569878061
1569671021
2594273296
2805426288
2070047038
1569723272
2774443564
1570011204
2592791056
2774402263
2801476019
2786284701
1557818707
2683111319
2788961412
2593086974
1569926781
1569907580
1569810387
2774424676
2592841889
1569899409
1569905978
1569840543
1569762426
2592812740
2809000311
1569682277
2787822765
2070070183
2592908919
2786227957
1569810730
1569684531
1569864363
2070070261
1738160107
1569812981
1570013307
1569905952
1569948338
2808846906
2792954671
1569921596
1570015312
2774389265
1655214727
1570035290
2800754139
1569672123
1570023151
1559284281
2808147243
2786219524
1556591551
1569750998
2592812756
2592798181
2592814330
1570000978
2070016615
2592984834
2070032036
2812832566
1569843537
2809004088
2791058890
2812418286
2804612639
1569739280
2774400415
2787995230
2807084570
1569677628
1569658407
2592791426
2070017205
1569712720
2786358947
2592854316
2070035393
2601435702
2786280411
2774403462
1557284521
1569691659
1570006969
1569673151
2774420705
1569676315
2774436178
1569803251
2592984124
2813781402
2070044245
2774423609
1569945811
1569690632
2593038268
2813223049
2070048727
1569724226
1570007144
2774520324
2786242005
2774373096
2592987196
2786313947
2592795828
2601420594
2786220392
2808150424
1737779719
2790090564
2786256501
2676971639
2774457630
1569815033
2815094901
1569717912
2790490333
1737775662
2786263240
2070019573
1569682705
2604579143
2070033582
1569672339
1569673431
2790450524
1570015020
1569690861
2808836306
2592807415
2786319868
1569812172
2594553936
1569931302
2792839826
1569670484
2070016962
1569716113
1570017752
2593017951
2593005756
1569743070
1569943109
2070044686
2809302266
2801757148
1737778994
1560445414
1569683523
2795241987
2786243680
2774520341
2807690018
2786217214
2592794865
2070050822
2774429806
2805513700
2774471308
2774486367
1569679952
1569932268
2786240685
1569836998
1569744002
2808789006
2774503816
2592963349
2070024956
2807161016
2785385438
1569808906
2070030057
1569900621
2786225092
2593001993
2789381609
1570034157
1569850739
2592794292
2774432400
2786251151
2774423158
2593075878
2786285753
2592840894
1569893979
1569662309
1570040776
2070045538
2786328693
1569687358
2592814993
1569948426
2592817110
2593061509
2808804515
2788684240
2593643940
2786217427
1570007327
1569695639
1569672974
2593059229
1569667772
2809134690
1737773953
2786254210
2593058408
2792866531
2794578474
2593683403
1569852093
2600368582
2788177964
2774421638
2809030844
1569859861
1569687283
2774397138
1569665523
2070040875
2808788179
1569685147
2774373194
2592801338
1569724266
2600485331
2786323421
2594488291
2592802045
1569713121
2786285292
2774505439
1569910574
1569693340
2793197907
1570029203
1569671980
2774451550
1569835237
2786312898
2594262063
2809059176
1570007932
1569666091
2806021971
1569953880
1569675943
2792849187
2593095879
2786331614
1569743530
2799375256
2807158674
1569913025
2070039989
2786235876
1569682071
2592948785
2592800043
2597785628
2593087123
2812505199
1569947544
2593060207
2070024881
1558665944
2787715659
2786314098
1569803396
2786285807
2786323853
1569944182
1569732988
1569853014
1569703033
2807302322
2070016975
2812703620
1569945390
2792849286
1736876759
1570037459
1570015942
1569915891
2786222314
1569852015
2786246210
1569657312
1569690044
1569684006
2593019858
2774421508
2809013779
2774441834
1570015211
2808840110
2070039112
2786260743
2786223422
1570037945
1570008517
2795302503
2592788134
1655568157
1569846339
2808150686
2593094768
1569836181
1569944776
1569694807
2594277868
1569857660
1569703721
2812489732
1569883836
1570016295
2593064429
1569900584
1570021306
2786222252
2786258663
2786239393
1569698373
1569942112
2787809213
1569749702
1569674557
1569871403
2592858130
1569829303
2593085765
2786239793
2812678703
1569705439
2786286389
1570016950
1570010624
2774360943
1570007901
2786329292
2812441792
2786272712
1569941631
1569857740
2677391063
2786237119
1569854843
2070029351
2786211412
2592831267
2786320986
2786326979
2786324001
2774509152
2774505192
2787812361
2786221062
2070046311
2592920710
1655508697
2592820169
2786313345
2774358881
1569712880
2805982333
1570032711
2593060199
2774390982
1569923220
2786255641
2793009766
2592800498
1655645359
1655516094
2774480891
2788129738
2793298920
2603416016
1569664697
2592838556
2070022005
2602894026
2786226043
2592801908
2592981650
1569835843
1569758687
2593350279
1569883722
2786323059
2593042386
1569932000
2808995959
1569915706
2070044268
2592957163
1569752249
2592794654
2070020102
1569949803
1569671629
2592791687
2601400534
1737237433
1569911460
2786303917
2774498940
1737775593
1569940865
2786272887
2812795541
1738155279
1569744257
2592789000
2786239805
2809001942
2786326938
1569949000
1570040581
1569893295
2786212127
2786254718
2786217365
2786216848
2786281917
2593064489
2599683328
2786319043
2786211925
1569809356
1569669748
1570006420
2592843282
1569927225
2809047645
1569944479
2774475968
1569820753
1734001541
2792851670
1569817530
2808627732
2795188410
2787755283
2774373336
2593046699
2774499497
2808152046
1569657947
2786214487
2786222194
1569804001
2592801489
1569827871
2786299577
2593037168
1569806245
1569733046
2676757315
1570011334
2592967976
2787809171
1735762721
2592800950
1569833808
2786221888
2786295015
2774400428
2774391707
2592954726
2593001977
1569953479
2774382659
1569948245
2786222954
2793206361
2592813065
1569940603
1569845882
2786219963
1559509860
1569859625
2793238066
2592882561
1569742651
2070031670
1569746494
2774336237
1569677904
1570015471
1570026747
1569698909
1569684056
2774425299
2809144038
2592796715
2774425321
2786215548
2592994116
1569718338
2774344763
2592797140
1737779099
2774419714
2786211702
2592798155
1570035088
1570009814
2788123972
1569885882
2592944997
2812579458
1569902397
2786225001
2592816849
2807788307
1569834182
2592797049
1569684110
2786321083
1569918702
2592811906
1569731769
2593086004
1570012063
2812761580
1569811931
2592805326
1569812731
1569877912
1569848789
2592809178
2812512614
2070029821
2592789393
2788713634
1569802657
1556602163
2814028946
1569722365
2808984897
2801015544
1569675519
2592831567
2801702156
2593012558
2808876386
2786244142
1569755918
1569938344
1570032310
1569850650
2592792217
2774318068
2774425348
1559623830
2788130960
2774415135
1570025137
2813057075
1569953597
1569945502
2592824246
1736894852
2593044036
1556083516
1655567862
1655214836
1569664452
1570009636
2070041342
2774505454
2786254222
2774393845
2593087105
1569947706
1556117355
2592944329
2799091721
2786218655
2807283051
2593093079
1569803145
2809001493
1569929790
1569673717
1569717899
2774343226
2808609106
2592802512
1569665834
2592831241
1569803660
2812473137
1569845355
1569944441
1570041048
2593648651
2786219064
2592788028
2786322418
2808986695
1570039536
2070048859
1569949068
1569704270
1569883615
2594261537
2592810625
2789659521
2774465552
2789362048
2592805838
1737777840
2602683393
2600348359
2601487711
2774394012
1569727472
2600257439
2592815703
2788659546
2786233274
1569751899
2592826098
2786258619
2812761684
1569815578
1557716021
2807124829
2070031941
1569808488
2787812473
2592845223
1569854971
1569669504
2786215029
1570018075
1569865209
2788713914
2786240795
2593018861
2786301132
2592959417
1569814424
2786310192
2070015981
1736857304
2592821838
1569833362
2812746442
1569850264
2786244417
2786300973
1569757690
1737779306
2774434603
2593022932
1570020011
1655642585
2792826354
1569873591
1569698496
2592814062
1569836593
2774316959
2070045138
1737779113
1569839311
2594253412
1569829286
1569666044
2793191110
2786315938
2793009743
1569754588
1569832978
2593050676
2592796511
2592798751
2593037229
1569757630
1569734096
2774515470
2809307074
1569664748
1569818541
1569816349
1558848907
1570028861
2678092308
1569668901
1569894582
1569951605
2813781299
1569934707
2786323841
1569693413
2774360385
2774342871
1569674872
2786322430
1569869710
2774396639
2812732315
1569716452
1569948563
1569839460
1569678370
2592802896
2592788690
1569725878
2593087081
1569882187
1569876028
2806627059
2787903608
1569904379
1570012317
2793140182
2792931398
2070029450
1569944514
1570009159
2808244848
2603015515
1561209691
2678017822
1569823632
1569953496
1569888799
1569812190
2793212397
2593081702
1569835432
2070030530
1569830069
2592813190
2682216835
2070078764
1569749998
1738267454
1569931239
1569830476
1655370133
1569746803
2592836820
1569670498
1569756392
1569758031
1570015830
2601402755
2812750907
1569831287
2070046402
2774417328
1569676933
1569807271
2592806913
2774359917
2808434006
2793276171
1569923500
1736302321
2807264551
1569915034
2809003968
2787809452
1569755300
2593478290
2786314122
2593099422
2594261482
2812441815
2592959705
2774427861
1569695479
2593517336
2592966512
1557908773
2070045177
2786321107
1570009568
1570026953
2592959434
1569913217
2593065858
1570040602
2813044535
1569810110
1569946310
2592961681
1570025249
2593076053
1569749794
2600236392
2774394903
1569844071
1569674600
1569881604
1570020376
1569942369
2593014387
1569879287
2601426301
1569745409
1569755448
1569838753
1569806061
2592790021
2791159822
2774337650
2600158647
1569711464
2786212347
1569730362
2599692821
1569834674
2603520318
1569933888
1737777249
2592791946
1569949556
2808613748
2593052053
1569834466
2806619427
2592796344
1569867668
2592808436
1569897627
2774391453
1569946295
2070067986
2070035585
1569917208
2592828170
1569820961
1569952074
1570008577
2812761542
2774359177
1569902832
2592787205
2786322196
1569936262
2793084575
2812473155
1569897541
2792818807
2786251103
1569746604
2786318247
2774324772
1569894129
2592792134
2809048609
2599686383
2593013449
1569656704
1570016591
2599693018
2070042658
2808216901
1655514452
2799629172
1569917568
2774393567
1560466042
1737775466
2593031217
1569683669
1569806992
2592810116
1569837671
1569864798
1569855965
1570006840
2812782418
2808777076
2593059927
2592795548
2774399403
2593034683
2786215369
2774396196
1569761221
2774375132
2814374290
1569678835
2774525120
2795309537
1570027447
1569815310
2592862404
2592899888
1556347528
1569659471
1569875239
2592801450
2805487192
2812766784
1570034343
2786286716
1569660255
2807060831
2808783060
2774469487
1569756937
2786296147
1569715148
2786336562
2592795401
2592853269
2790441674
1569901455
2786218146
1569846938
2592953190
2593096831
2680616534
2786275634
2786313887
2786237459
1569908084
1569681940
2592883078
1569842599
1570014667
2600159394
1738211032
2592935936
2592822242
2786229271
2786318261
1570006482
2592795054
2774380156
2774392239
2592979314
2814047619
1655516250
1569911896
2788680428
2786274989
2592851649
1569692670
2792550655
1569838986
2809015301
1569720353
2592811507
1737778575
2789954046
1569704408
1569868577
2070017878
2786321202
2786317913
2787872234
2592799485
2787763186
1569846835
2070029235
2592795704
2593095055
2774389744
1569678141
2812804470
1569677688
1569715770
2807765042
2812579496
2774328562
1569951089
2809004688
1569665027
2774406633
2592895428
1569830316
1569944090
2592800822
2600369771
2786249496
2809030080
1569861267
1569681543
2592810607
2593014558
1569919486
1569870073
1569698960
2786295381
1734043342
2786323947
2592827583
1569807075
2786323203
2593101640
1569673167
2793654589
2792947447
1569836397
2812418306
2594418801
2592790669
1556121788
1570021804
2070046590
1569823811
1569942095
1569680410
1569880883
1655117487
1737777291
2796434807
2774390019
2795302436
1569754781
1569753982
1569891659
1569878772
2593060582
1569843162
1569825850
1736882932
2592788797
2788959751
1737227215
1569848870
2593041556
2813221096
2774350532
2592861739
2788122819
2592790653
1569888860
2593003970
2787937715
2814217930
1569666417
2593033416
2790148985
2812746166
2593054738
1569920635
1569759622
1569930623
2070015735
2795186643
2592805305
2786243015
2593005684
1569688791
1570030264
2796634071
1559527596
1569754328
2794825486
1569947919
2774366659
1569946194
1569687475
1569804105
1556589617
2786235136
2592838607
2592838837
2592906929
2786219923
1569723678
2799909295
2786322377
2815094874
2774427800
1569818866
1569857757
1655665255
1569687950
2593064837
2592993558
1569666358
2786364194
2592994431
2774371110
1570026121
1655494551
1569674206
2787759906
2804629085
1569703681
2599682830
2592799969
1569754164
2774349226
2814740404
2812544466
1569814334
1560284160
1569916982
1569945831
2070030893
2792549959
2808260992
2786312880
1569679611
1569885329
1570008876
1570023738
2774426452
1557798807
2592802838
2792842157
2774437918
1570001080
1569750444
1569682394
2814035929
1569840156
2774396740
2070022541
2786289794
2774337515
1556386811
2786359708
1569753584
1569948978
2774373353
2070054961
2806011994
2786313619
2774390921
2592945959
1570008173
1556283625
2070071903
1569871389
2774443981
2788961460
2592824228
1569840031
2805993537
2592811269
2792999181
2786313923
2786244882
1569853514
1569678939
1569705563
1737611609
1569672095
2070015765
1569660343
1569827994
2592848250
1734043326
2812675241
2809587268
2774380946
1569753119
2601404813
2592988138
2592801285
1569811427
2809434651
2774422703
1569947448
1570028654
2592849017
1569688675
1570006697
2774412140
2070038755
1570016258
1655688587
1655469227
2774321343
1569917849
2798963659
2809042626
1569872142
1569666673
2799409982
1569930577
1569841828
1569887751
1569879311
1569886601
1570016798
2593050953
1569848503
1569670952
2786219537
2808811547
1569916770
1569695465
1569944310
1569897156
2814139509
1570016468
2592796369
2592899929
2592797295
1569660520
2592803196
2774357437
2808207109
2786254596
2774413117
1569947044
1569832333
2593049086
2774332281
2592793675
1569688310
1569809075
1569942382
2592814978
1561676449
2592861683
1569658595
1569736681
2786319013
1569739931
2786338558
1570016329
1569677316
2813223026
2801473955
2786330167
2592799679
1569944733
2786212963
1569661075
1559177176
2594553537
1569748691
2792928390
1569752807
1569752532
2593029311
2592882016
1569949818
2774345786
1569706017
1569911988
2812430499
1569755402
1569847775
2070019245
1569911619
2786223469
1570014933
2787992058
2774351561
1570017782
2593064413
1569757404
1662417225
1569672432
1569843630
2793277593
2774446613
2792954587
1569945899
2792406277
2592963153
2593456815
2774328476
1569672077
1569829806
1569947286
2808989013
1569948610
1569723471
2774508701
2603162288
2806870045
1569833615
1569807447
2809279475
2786336588
2593354160
1569667394
1569807949
1655453481
1569891589
1569849614
2796230738
1569827562
1569945364
2786235164
1569746510
2812569541
1569675161
2600235633
2787726569
2774441996
1570016725
2592977715
1569813912
2593098587
2796436016
1569903637
1569727896
1569689380
2592804721
2788261846
2799391677
2774447640
2774410548
1569906219
2785665014
1569667363
2792494410
2792909113
1569857676
1570015534
2682382583
1569935142
2592860241
2786212872
2786240739
1569811238
1569693802
2795337709
2592791574
2807162592
1569674948
1569889231
2593079815
1570009880
2809042518
1570015228
1569738271
2592959213
1569892992
2786210999
1569739954
2592853411
1570009432
1557446060
2786315912
1569659575
2786274551
2070035665
2594427528
2070038200
1569671235
1570016392
1569657104
2774367629
1569920959
1569666372
1569688322
2592958383
1569821158
2592803975
2774342814
2774451626
2592802371
2774441847
2812575718
2774380929
2786321095
2798952486
2774364380
1570034197
1569734838
2786256908
2786275770
1556283556
2799105762
2070021961
2774420175
2592837350
1570013380
1569685263
2809391885
2600158252
1569661528
2774508059
2774436674
1655536534
2813717326
2786245469
2593027699
1569850827
2786306795
1570030654
1570026563
1569870441
2592791161
2786323091
1569893849
2592803960
2592800350
2809213838
2592848229
1569918120
2786261142
2070016730
2786328075
2592827393
1556238199
1570012475
1569719194
2592796920
2795206168
1558553530
2794802884
1738205114
2808985956
2601426258
2592801470
1569817563
1569729302
1569951293
2813222840
1569752409
2774441866
1569902668
1569802746
1570022932
1570024052
1569921147
2592799744
1570027738
1570033735
2774399874
1569949512
2592974149
1569664792
1569948645
2774445463
2786235229
1570010267
2786273829
2809042658
1570017768
2786328905
2774359683
1569841120
2603147853
2592794453
1559852508
2793163300
1569812423
2600216641
2592859869
1557777284
2774435177
1569674689
1569923260
2774357412
1737114848
1655465432
1569752680
2786315992
2786368117
2592977412
2786238815
1569683772
2774337583
2592976147
2806720047
2787762839
2592795138
2792690746
1570016562
2807162634
2786218847
2593076145
1570033642
2774335043
2812920532
1569737921
1569693845
1570006122
1737308546
2809011579
2592982042
1569656076
2786322406
1569864241
1569728250
2774444087
1569712828
2774344559
2600157914
1569890839
2592791644
2592889727
2786319295
2808615222
2592870055
1569676054
2600297097
2593489826
2774445476
2592836743
1569659641
1569824559
2812541669
1655484817
1569939205
2786364537
1556815648
2813075141
2789361889
1569938589
2787937780
1559950702
2592799906
2786309291
2592963045
1559149106
1569750866
2808771463
1736857569
1569900714
2592819802
2601471636
2807152017
1569739759
1570011904
2786364857
2786314966
2592803830
2593059460
2593104722
1569892567
2786324942
1569815739
2807151961
2592796416
2070022114
2592852420
1569828255
2809525615
2592792431
2592853301
2803424869
1569665319
1561573876
2812451624
2786295058
1569869679
1569660533
1569815414
2812808758
2599701042
2786212438
2592838196
1569822916
2786323191
2592836189
2805487278
1558110505
2070031832
2070068660
2808847221
1557837245
2808148991
1569848614
2774455555
2799387684
2601470850
1569832578
2774373302
2592812682
1569752058
1569948473
1569815051
1569759377
2790003397
1737778196
2786226111
1570034145
2592799157
2801544268
1569923349
2794578528
2814035878
1737102571
2786220840
2594427388
1569670022
2790631580
1557024074
2592808470
1569803833
1569950172
2594274002
2786340076
1569668062
1569808705
2592842767
2592852182
1737774523
1569922526
1570011993
2774384951
1569940472
2786236386
1569848395
1569715927
1569948599
1569920594
1569761001
1569679021
1569726499
1561406991
1569743473
2786250032
1569753892
2592794470
2787903250
1655647788
2809019282
1569710646
2792944347
1570017665
2603417840
2774390598
2592989096
1569671687
2799174144
1569674747
1569746841
1569677775
1569688298
2593089428
1736779892
1655214799
1569930476
2774422798
2786272997
1570029519
2786291187
2812508262
2676886359
2592827463
2592904883
2601481522
2807256078
1569922828
1569910263
2592799638
2070016683
2774428126
2070046159
1569948501
1569676386
1569715875
2592840736
2070046300
2812746216
1569870427
2592963669
1560436095
2786242995
1570007014
1569696832
2592795686
2812685371
1655636006
1569710111
2592984262
1569723355
2809049971
2603703945
2805386092
1569888918
1569917708
1569881747
1569836539
2774454580
2789375291
1569911086
2788241169
2592800122
1558234651
2812764972
2070026225
2600485251
1655657182
2600296209
1569658960
2592822046
1569912280
1569908019
2774370705
2774502480
1569845828
2774418165
2592801385
1569906606
1558104873
2592789289
2592797682
2592806384
2774446463
2787809377
2774430159
1737007017
2786295079
2774442987
2592802439
2788961675
1569857473
1556092690
2808783002
1569758131
2786310781
2792913060
1556845135
2786317987
2070035742
1569753023
2592875830
2786314050
1569826236
2807516580
2070035781
2786241226
1569892056
1569755186
1557188554
2814050302
1569902507
1569818281
1569942971
2592856631
1569847953
2786223402
2794802928
1570012197
1570008158
2774443648
1569926917
2786363293
2592796035
2697077887
1569944161
1569882345
2600315244
1570014869
1569731401
2812421864
2786346888
2592985928
2786253538
1569822337
2592806459
1569906362
2786255152
1569817423
1569728013
1569951711
2786237483
1569739902
2592839493
2774354109
1569673255
2788472115
2774389658
1569756378
2592871086
2786287639
2786295489
2792818466
2786364776
1569938443
1569944235
1569883005
2789951164
1569832504
2593023687
1569665667
1569876502
2787808047
2809145625
2812680293
2814036115
2774373688
2070029526
2592799623
2592799140
1569708112
2807135464
2738476068
2592986304
1569707858
1569915809
1569848518
1569727627
1569936393
2786217709
2600235565
2592866492
2791299147
2786296840
1570007914
2070024785
1569897522
2806618773
1569898853
1569695842
2774359230
1569938396
1655726608
2807253220
2592969227
1569930097
2592814718
2592817203
2592798237
2593050832
2807764367
2807082905
1569715386
1569837805
1655680120
2786230447
2786344006
1569850398
1569835354
1570017082
1570029786
1569725991
1570017465
2600295664
1737233920
2786212511
2803416567
2774505469
2592793872
1569841761
2786239817
2808988801
1569819529
1570010553
2792527538
2774392523
1569662099
2593031203
1569816487
1569760935
2808770637
1569750117
1569873802
2793274472
1561447277
1570027198
1569802869
2813212602
1569852075
2799238828
2592862481
1570011293
2796435065
2600365549
1569723315
2786254892
2592858229
2789697760
1569853688
2592800702
2592971405
1569939313
2592837219
2813652883
1569737236
1655639759
2786323516
1569930182
2799002557
1570011628
2593995497
1569910761
1569897609
1570014192
1560017016
1569889104
1569875819
1570028099
2809025610
2786354016
1569679035
1558859047
1569756357
1569666017
2788472548
2774341299
1570035402
2592796170
1569665509
1569903542
2070023467
2807161827
1569899354
1559732252
2070016912
2593055026
1569750934
2805484286
2600380022
2592959161
1569699333
1569905997
2795193134
1569829477
2807765023
1570010657
2799040182
2787992575
1569897086
1569667863
1737308326
2786243702
1569672507
1569746813
2787727867
2786276564
2070016990
1570010566
1569758359
2786222237
2070037067
2809006952
2592793795
2774398025
1569840500
2808997047
1569723286
2592812553
2786317801
1569806529
1570035902
1569759363
1569886414
2809021520
1569862718
2593079801
1569813304
2786324115
2600156850
1569748122
2786274359
2786227305
2787818414
2786221454
1570017023
2738203736
2774389677
1570006791
1655501589
2795241942
2070038786
1569826221
2774427409
2790149056
1655745225
2592849096
2774503166
1569661306
1556282108
2070044973
1569953354
1569913550
1737776734
1569659952
2807154283
1569684023
1569821819
2786218683
2774385951
2788153424
1569749823
2786275151
2070071661
2792914256
2592796789
2774480607
2070028708
1569852980
1569671407
1736443296
2774356164
1569747972
2592830563
1569899043
1569815781
2788011256
1557840616
2593110095
2789542711
1569680560
1569754672
1569887299
2600244398
2774443486
2812413828
1569681833
2786212299
1569733969
2807151892
1569921678
2774359898
2592827752
1569664075
2786358879
1569888815
1570014695
2786217415
2592787270
1569715570
2787822717
1569736296
2786293468
1569710994
1569898143
2815126754
1569759087
2774340790
2774423785
2070026861
1569857593
1569865223
2786282428
2593064150
2592838234
1569760875
1569879478
1569921523
2809003575
2774419110
1569694711
1569944368
1569945338
1569947723
2774413136
1569755374
2808147351
2809429167
2593035409
1569913957
1569875302
2809020559
1569839563
1570028765
2594553493
1569723517
2774485662
1569692995
2070043056
2786219076
1569927208
1569675620
2786234366
2786280398
1569949501
1569757935
1561800741
2786216244
2592831869
2593044026
2592871883
2592794363
2793171834
2774319234
1569948486
2789044583
1569953341
2774359272
1569857606
2809006988
1736416412
2794573623
2592867095
2774390738
2786223382
2792931720
2786252535
2070045959
2592968473
1569663496
1558481778
2070048606
1569858042
2815170096
2774502108
1570007433
2592830723
2592863195
1569926987
1736416359
2592802741
2600510429
2786239941
2774392880
1569675128
2592947587
2786299382
1569717019
1569675274
1569734368
1569866639
1569659194
2808806004
1569717923
1569735061
2774411046
2070022297
1569897505
1570024132
2774437291
1569688268
2592969164
1556343609
1569684452
1569946912
1569744803
1569928243
2786261340
1569727640
2592806797
2786253927
2070025849
1569757099
1569669730
1569730317
2592975032
2786272430
2774424882
1569904258
2808995939
2786241214
1569762088
1569656144
2786386236
2786319826
1570017117
2070048965
1569876307
2070047750
1569660433
1556091276
2788122108
1569897244
2786219975
2592805797
1655656118
1570034513
2786332750
1569758679
1569848718
1569677199
2774462892
2600419907
2600600850
2774426439
2786399897
1569949934
2592795611
2786221871
2799410029
2786295416
1569669079
2786217587
2592964636
2595013514
1569933640
2786219327
2774358374
2593066682
2592787992
2592862906
1569703699
2592800910
1569742813
2592868131
2592965434
2774442035
1569897197
1569715428
2592957624
1569836832
2070043604
1569812548
2774341074
2788713797
2592983744
1569913939
2593031233
1570041305
1569903974
1569672323
2594801893
2786316832
2592843152
1569683755
1569710378
1569918533
1570031000
1569852030
1569677035
2786341866
2803839792
2602412633
1569683107
1570032607
2786210865
1655621152
1570017859
2070020148
1569684856
1569734231
1569941721
2774335026
2786220982
2799492544
2593014985
2774458631
2808992299
1569816505
1569663540
1569687547
1570016682
1569816725
1556121752
2774324596
1569951278
1569833440
1569753231
1559177727
2592827414
1569888828
1569809181
1569665363
2070047025
1570007734
2600162216
1569745599
2786273685
1569912342
1569848675
2592954172
2808611571
2802158475
1569659745
1569950958
1569817705
1570016762
2592954525
1569658578
1569717031
1569670054
2795438038
2676820692
1569663407
2070078140
2592808848
2774504257
2809434552
1569930660
2774362623
2786234877
1569709971
2070036022
2596861874
1569692329
1569743766
2774387761
1569808585
2786237106
2786257325
1569877614
1569860584
2600161196
2593032554
1569911206
1570030737
1569828658
2603783870
2070069660
1655516355
1569667907
1569657885
2809003638
1570009182
2774392014
2592829698
2787741728
2786314978
2774382447
1569743489
2592857960
2592799423
2787724236
2593087927
1738101226
2786255558
1569949923
1570027278
1569670966
2774402940
2812569500
2592787886
1655510212
2799529352
2809005833
1655617014
1569893005
2592789726
2797072214
2592804699
1569666811
2593051413
1569806024
1569692703
1569750387
2592790992
2808147225
2774349944
1570015812
2786215297
2786216820
1569818374
1569863327
1570038687
2592947295
2774507836
2594317039
1569683555
1569664344
2808148899
1569675287
2774495730
2593044046
2601399855
2594553339
2809185090
2593041079
1569752944
1569736244
1570027343
1569680457
1737777337
1569754475
2070022664
2593060215
2790631691
1569719059
2774377617
2808988765
2592796494
1557333415
1569919499
1559385239
1570017897
1569943850
2592922616
2592858342
2786321296
1570013401
2786313960
1569938504
2070070591
1569851336
2592807394
1569898174
1569888985
2774396906
2786294189
2790149014
1569680168
1556100415
2786231844
1569679580
1570007958
2786296159
1569836947
2592798615
2787772181
1569842007
1569930502
1569864849
2791055357
1569676943
2592812085
1569848767
1569673222
2601421304
2786214719
2786349550
2789542687
1569803464
1569675706
1569740657
2799174082
2774404212
2786253681
1570026220
2796437906
1570030830
2786273555
2812990740
1569683080
1569818947
1569839006
1569887150
2786261481
1569756043
2070045446
2774422555
1569708316
1569827030
1569753105
2774345951
1569662340
2774318279
2786322529
2592994621
1569683539
2592801266
2786288548
1569715262
1569683393
1570010398
2812598419
2786424013
1569916464
1569918064
2786222995
2786251135
2070071329
1569822360
2786330391
2774442009
2070035019
2813036362
2592859983
2792821719
2734904211
1737776202
1569666653
1569835609
1737205163
2774406428
2592971222
1569815670
2592790109
1569663037
1570011413
1569946061
2786319281
2786312994
1569697551
2593103855
1569670415
1569838245
2592814172
1569665554
2774440830
1570008188
2593058325
2592985411
2592790040
1559620874
2774441931
1570015331
2808984743
2786276659
2786319085
2787991397
2792722190
2807958378
2795396081
2738582428
2786219991
2070021397
1569668028
2592798026
2593028193
2593059395
2774344885
2813222970
2787799656
1570006363
2787726658
1569678516
1569685652
1569659206
2601600867
1569658735
1569807481
1570009369
2787772115
1738201062
2593086273
1569719117
1570012594
1569906290
1569724573
2774342852
1569682820
2070021722
1569870109
1655725719
1569688118
1569872020
2801856890
1569756590
2592795999
1569846378
2814380969
2774442022
2798966124
2809145607
2070015795
2774411010
2786349086
2594262396
2786284689
2786219036
2786213722
2792821040
1569882663
1569902466
1570040806
1569757575
2786318025
1737778040
1569856984
2070045524
2808221513
1557364456
1569657811
1569666785
1569742601
2786217262
1569851622
1569946677
1737308308
2799316214
1569661659
2799049951
2809056290
1570015054
1569673027
2070027397
1569914203
1569749462
1569835887
1569834305
2592837009
2789928698
2774370963
2786216795
2786297906
1569837402
1569731048
1569737536
2792985719
1569844087
2676864894
2592797739
1560658388
1570009328
1569879768
2793163322
2774446583
1655197234
2592894496
2810193856
1570011102
1569742411
2592806474
2603560320
1569815435
1569881870
2786340444
2787777836
2786273967
1569927243
1569838537
2070048056
2786252944
1569675189
2774351372
1569934907
1569762071
2790530592
1569862691
2786239686
1569679007
1569938899
2774519695
2070040823
1569939380
2593037357
2786301837
2809044032
1557062154
2808244997
2592808547
2592791869
1569742425
2786315280
2786278055
1569949267
1569717292
2774389983
2774349845
2807282249
1569760917
1737779526
1569687535
2070017707
1569674777
1569749416
1569836969
1736896269
1569753666
2070077567
1569844757
2786259023
2786222300
2593084225
1569712991
1569683782
2774352192
2593089769
2592984353
1569876368
2786218112
2774319857
1569681257
1570015763
1570016278
1557838265
1569922424
2786285583
1559283039
1569696892
2791082056
2793274488
1569842910
1569848290
2795241639
2808992281
2809052881
2794546564
2813223665
2592790711
2801844538
1569677890
1736123815
1569657239
2592797188
2786327004
1570038674
2814322537
2070022416
2787919240
2774436045
1569682216
2774446628
2774503755
2774466546
1655646047
1570035265
2600158610
2812680312
2793036841
1570010781
2786241238
1569917837
1569746632
2593063801
1569905401
2786297972
1569665539
1570021090
1569682983
2794573646
1569890788
2774350513
2592870798
1569919435
2786216236
1569673753
1569838912
1569668092
1569916432
1569945140
1569815703
2774509760
1569894399
2592799776
2592920690
1569889970
2594253596
1570013016
2774345830
1569754354
2792505345
2814511974
2774373039
2792954656
1655555500
1569875617
2774428090
1569850534
2786326950
1559223522
2593678608
2070046391
1569933011
2786219147
1570031939
1736864731
2814186921
2787771597
2807135324
2594464253
2786300722
2812416217
1570035060
2786328710
1569953648
2792954610
1569858612
2592964210
1569754057
1569759608
1569844816
1655622914
1570015489
2600354887
2592793778
2808469278
2592875812
2070040756
1655471093
1569687810
2070016088
2592946786
1557367734
2592813963
2795656303
2786291897
1569878046
2593019973
1569950188
2786217250
1569691905
2808532309
1569700758
2592797026
2774319268
2786297719
2774336575
2592799655
2592794829
1569658191
1570010188
2603914984
1569731062
1569667203
1569668919
2594281465
1569665926
2592853285
2070033395
2798958937
2592966045
1569943535
2774516292
1570032407
2592813806
1569668378
2592787283
2786325907
2593004879
2774338708
1569844287
1569946747
1569916005
1569947956
1569912237
2070016670
2786326183
2592994990
1570011347
2788144995
2774344900
1569822376
1569893964
1559648117
2786323348
2786331320
1570011363
1569733896
2787716236
2592867735
1569832694
2592802328
1569716567
1569679061
1569848213
2774393207
2814059784
1569680281
1569859177
2786322442
2774504393
1569880552
2786327876
1570008916
2603085800
1569656289
1736885335
1569680315
2808836767
2592797123
2723635611
1569872110
2070054903
1569945720
2600297801
2592801433
2787762736
2592799605
1569736752
2592867222
2786254667
1569732924
2812565754
1569674317
1569915377
1569672808
1569688284
2786219811
2809004665
2593013467
2786323179
2795332266
1569676996
2786231597
2786322734
1569660215
2812679272
2806021366
1569726048
1569880364
1569914854
2592805267
2792515198
1569823919
2592803287
2593082172
2786281145
1569852298
1569748154
2786239914
2592843453
1569747954
1569740942
1569913078
2592800079
2786244272
1570010745
2603741898
1569872905
2792549771
2774328104
1736865983
2592801856
1569948092
2592868047
1569900856
1569814197
1556122598
1569948834
2592941679
1569678412
2787772564
1569874700
2793172971
2774455698
2774370544
1569757350
2786309318
2796433898
2794802906
1569846636
2774482338
2070029437
1569918104
1569759584
1570015191
2786256941
1569709647
2592858170
1569839393
2774462588
1569805141
2592793691
1569916509
1569863039
1570016647
2070069647
1569823874
1569910525
1736943032
1569667758
1569937991
1569913984
1569733827
1655673180
2806617000
2592836728
1556829086
1569892012
1569683509
1569894460
2774508525
2592918015
2602735883
1569892749
1569693506
1570028318
1569659615
2592981098
1569667654
2786317999
1569882208
1569723186
1569918777
1569904592
2812675286
1556911689
1569735566
2808986397
1569832561
1569828835
2809397891
1569678155
2786301299
1569679424
2070017218
2592793223
1569819662
2070015407
2792906091
1569850518
2774397121
1569673364
2070027414
1569824232
1569685007
1559668381
1569871308
2801702247
1569675421
1569910360
1569933509
2774326565
2592805812
2594595903
1569664778
1569948410
1569662604
2070041149
2592851291
2592799799
1569664619
2592796052
2593063821
1655741498
1569665491
2799140006
2788130726
1569951679
1569743333
2812565175
2786261616
2812920451
2786325064
1655214873
2600518824
2774336482
2774441905
2774431032
2786234510
2070048543
1569667376
1569883060
1569820040
1569661542
2592799315
1569899387
2592806676
2787818435
1569921410
1569688970
2774360926
1569820572
2592841867
2593011521
2791058812
2774395658
2070035231
2592812222
1570008737
2774364680
2603446543
2592793467
1569758109
2592805284
2786331423
2699594832
2786263290
2593035441
2592801760
2793298897
2592796660
2593027970
2592813533
1557283934
1569903987
2592811890
2792923770
2774441879
1557084144
1569841854
2593052036
2814036092
2594056700
1559956780
2774411693
1569846092
1569915193
2803458343
2800022717
1569850246
2792923906
1569813658
2792404325
1569715134
2592812942
2813075283
2592863509
2786236071
2593052516
1570034256
1569715196
2592985367
1570006218
2600234791
1737777536
1569676140
2786238993
2070026178
2812541461
1569657797
2070040184
2806662767
2592801402
2801756834
1569842249
2786234048
1558491880
1557022540
1569952282
2789532054
1569666539
2793059888
1737233122
2786273474
2592827660
2789363450
2792843217
2774424825
2795580162
1557912587
1570010669
1569814411
1569690430
2592802996
2593063875
2592791707
2592938392
1569927592
1570017845
1569820624
1569906523
2774424863
1569857486
1569711422
2593076295
1569803068
1569711649
1569927611
2787919483
2593093484
2593035941
1569877305
1569736560
2592798978
2792899546
1569836450
1569850281
2774340561
2592801163
2788959647
2593077990
2070054732
1569670376
1569872771
2774443347
1569918613
2809407416
1569655987
2793274336
1569695766
1569831642
2786309203
1737007039
2594290539
2070030296
2592843491
2774367027
1569906248
2801633026
2774386839
1569813404
2786256294
2786301357
2592851898
2786316556
1569656156
2070044784
1569697468
1569678823
1557818636
2070022169
2070021771
1570015346
2786259765
2786261628
2812421778
2592800684
1737213387
1569942690
1569803706
1569879186
1569891636
1569917807
2813877896
2812473224
2070032156
2774462501
2592987335
1569841659
2592886189
2592809311
1570014002
1569665088
2786329304
1569736624
2592796081
1558369619
1569702980
2774413831
2593037412
2592803995
2786297873
2808783521
2786319695
2790493277
2592966166
1737778980
2593054428
2786218668
2786212610
1569877584
2592978607
2070044760
2789118312
1559244969
1570018657
1569847392
1737070890
1569722946
1569750101
2786224981
2592803252
1569914813
1569691222
1569761820
1569716127
2774523525
2774436000
2788680797
2592805535
2592801207
1569674763
2809001906
2806614600
2801572877
1655527883
2813156928
1570009249
2593005539
2787777812
1569917100
2592891999
2070033096
2786288530
1569743000
2786274156
1569678761
1569660561
2592803564
1569758102
1569713506
2592812791
1569665265
2787808364
1569889612
1570028956
1737194323
2792923748
1569738351
2600484417
1559510263
2790493308
2592796992
2790486982
1569670980
2786310420
2592807633
1569722310
1569741673
1570029128
1569816594
1569805742
2592827348
1569913410
1737774514
1569831847
1570014950
2814015204
1569840695
2677438497
2070035046
2592843326
2592803130
1569672137
2592803162
2806718825
1569659296
2070030309
2774422735
2774445450
1569859530
1569688707
1569731782
1569674194
1569659603
2786256481
1569759231
2796913110
2774387577
2792852037
2791159868
1569657039
1569747503
2786297009
1570028216
2787717388
2600827773
1569937978
2592917044
2593070211
2774409375
2774344436
2792835615
2592802858
1569660163
2814015730
1655658743
1569663911
