2592961681
1569837113
2592815948
2592938392
1569868379
1569883005
1569674886
2593076145
1569675588
2786315268
1569674706
1569819730
2799909295
1569712880
2774515470
2070015847
1569851336
2774491506
2801635724
2676757905
2774358374
1569932322
1736441928
1569823874
2813740091
1569683555
2786313887
1570037258
1569841134
2594323259
2774472741
1569803158
2785665014
1570016880
1569657386
2774331658
1569871474
2809056290
1570027343
2601435702
2795188410
2592788797
1569845828
2806869541
2788177916
1569757840
1569666687
2774404874
1570016725
1569681940
1569930623
2774450864
2592969210
1569686403
2789660115
2786340444
2774385978
1569853612
2807765192
1569894582
2786230447
2774328148
1569879031
2774418068
1570016762
2592838251
1569930608
2592864244
1569870874
2600296209
2070030057
2786238933
1569838132
2594427528
1569668571
2808986695
1569802746
2592791111
1569697294
2798958937
1569736752
2593010922
2070068211
2600159394
1569738351
2592966385
1569681196
1569669504
2774485662
1570009981
1570006188
2592948785
2593012558
1569891659
1570014166
2592797026
1569678412
2600157977
2592886821
1569948627
2786215353
2799049979
1569674331
2070017257
2070045231
2786241765
2774417328
2592862719
1569803424
1569803784
2593034683
2807162634
2786217262
2808783521
2786221014
2801617738
1570015095
1569891409
2786211925
1569720353
1570015489
2593058365
2774388357
2787755142
1569941704
2786218770
2592808250
2788177964
1570033900
2787992058
1559101701
2795656352
1569735683
1569761001
1569656144
2592799582
1569659745
2808221513
2592813907
1558234651
1569666417
1569705172
2786361222
1569685363
2592861843
1569670415
2774387075
2813149492
1569675519
2804652664
2794578528
2592791644
1569749998
2787777812
2592974283
2786231917
2807128567
1569752807
2593044046
2592813623
1569818866
2601430670
2774365055
2592798751
1569868898
1570016346
1560274315
1569818374
2809003060
2799200446
1569681451
1570015191
1569731769
1569948286
2786221430
1569845234
2592996177
2809042518
2790235861
1569718338
2786285807
1569754940
1736857304
2774506262
2592942902
1559648117
1570009249
1569666785
1569759231
1738187809
2786328813
2808527876
2592996521
1569741067
2809012693
2774335026
1569806024
1569857486
2786292962
1569753161
1569897156
1569839070
2592829874
1570009965
1569894520
1569697166
1570029519
2795418627
1569683782
2792931610
2592790059
2774367163
1569839828
1557840014
1569872619
1569734026
2592805838
1569671687
2812831896
1569756704
2792501787
1557065664
2789381609
2592795451
2774350513
2593001993
2592799605
2786344958
2774462418
1569666871
1569660561
2593046699
2789542711
1569755918
2786364537
2790493592
2786243796
2774495730
2786285292
2774345805
1569848503
2786251135
1570017506
1655508697
1736865983
1734749912
2592984028
2790149014
2593018107
1569750537
2792550655
1570015423
1569803464
2806616983
2786300338
2593087411
1570028367
1569672507
2592851854
2774395621
1569813304
1570026953
2593032572
1569888985
2070047867
2774391611
2774359230
2815050271
1570012197
1569674763
2070077567
2809049056
1569843041
1569931637
2592947022
1569853688
2808840110
1569657929
2070025849
2809011445
2070022720
1569943400
2593010384
1569911005
2809213856
2593092035
2792839826
2070048809
2786240739
2678773526
1570025137
2774395658
1569939205
1736577155
2787732532
1559602396
2593044227
2806869976
2592836933
1569749241
1655214727
1569681038
1569744448
1569905978
2774365930
2592836762
2789542687
2809038520
2774410307
1570014179
2787718256
1569811526
1569838340
2593109977
2786314978
1569859823
1569723286
2786319071
1569665972
2592827583
1737778891
1569896918
1737778196
1569877046
2793238066
2812670627
2788129738
1569943720
1569836012
2592840877
2786323091
2786308365
1569872066
2592794381
1569944325
1569938589
1570016950
1569709789
2786319027
1569683669
1569733969
2592847560
2789946922
2789532078
2814512032
2070016683
2774349944
2594098849
2593060215
2592852182
2592800702
2774378447
2774516108
2786280411
2592869736
1570030737
1569677035
2786222314
1570027307
1569879299
2774473527
1569716868
2592795934
1569709955
2774333341
2786239805
1569723610
2592806633
2592799759
2774475644
2592820169
2592800822
2809023732
1737227215
1569902299
2592985928
1569910412
2796913110
2592975776
2774483769
2791058812
2603708420
1569904803
1570008737
1569685659
2786210865
1569677857
1569675161
2790090564
2786313345
2795658295
2806619427
2787872315
2786327997
2795238394
2786256908
1569892393
1569670498
2807162309
2592847426
1569696846
1569671235
2786238532
2070022481
2807163196
1559287111
1569675706
1738480150
1569832204
2774502197
1569750374
1569666593
2774409140
1655678846
1569688268
2592804681
2070022601
2794573646
2599692821
1569916195
1569680006
2592958355
1569821819
2786239941
2774424814
2678023429
2070048093
2786261800
2793274488
2593620294
1569715914
1569666222
1569846357
2792849286
1570006482
1570017239
1570017752
1569665184
2786319085
1569870180
1569675620
1738191778
2593647813
1569875819
2798963659
2592899888
2774410781
1569922493
1655456113
1569833808
2807135464
1569742651
2786318261
2786261686
1569749098
1569864656
2592796191
2786272339
2786340076
2592813553
1737775174
2787809546
2592834075
2787799656
1556539544
1737775789
1569691222
1569879287
1569848614
2592934059
1570020116
2809049971
2070067729
2070029437
1570034145
1569710596
2593022617
1738205114
1569727167
2592800043
2786219524
2592829698
2774509591
2594529428
1737777097
2812454832
1569692329
1569696920
2812608715
2592807018
2774477750
1569754224
2592793872
2786299678
2786256294
2808806004
1569670054
2786307013
1569873605
2594262063
2786323203
2593084225
1569663496
2786222954
2808627712
2786325967
2787919483
1569752550
1557777030
1569823147
2787809791
2070035934
2812790157
2592797718
1570013065
1569671049
2592827640
2774469487
2592821750
2592892050
2592840911
2786233624
1569942095
1569659641
2594273296
2592975032
1569668308
2593062754
2594520226
2593035982
1570012317
1569811931
1569681833
1737777278
1569736296
2812451624
1557211877
2774359158
1569953961
1569894129
2786214701
1569832546
1570008218
2786238815
1570040806
1737777673
2786313176
2774441879
2592948984
2792928390
1569932541
2814374426
2593648651
2593037412
2809028382
2814512055
2792954656
1569921173
2787791539
2592973131
2812761704
2802158475
2676980565
2786231597
1569750249
1569687547
1569912989
1556141167
2593014387
2593050437
2592794829
2774344872
2070022416
2070068673
1570016781
2592958397
2592811709
2592843453
1569696042
2070015795
2593103427
1569917044
1569658578
1569809075
2676820692
2786327004
2592837219
2807135514
2592942880
2592795368
1737774523
1655453481
2786260567
2786366061
2793654565
2787818414
1570013307
2593099818
2592813065
2593062072
2593005310
1569660227
2592795611
2774421508
1569827685
2592798693
2787716236
2729205189
2795307686
1569890860
2774435550
1569848055
1569664344
2592801638
1569848997
1569915377
1569723355
2592801285
2801844538
2774407660
1569675262
2792515198
2792988725
1569754781
2070035635
1569913127
1569916464
2809138892
1560658388
2593022877
2787727663
1569672618
1569739280
1570006218
2786275770
1569932259
1569868326
1569810387
2070078282
2592965434
2786289794
1569679021
2789381555
2786214719
2070044849
2592806474
1569852559
2592790653
1556187993
2593033540
2592794654
1569863039
1569838986
2592868518
2070015765
2592802996
2592967976
1570009829
1569883636
1569732937
2592875041
2786256335
2070024128
2786241945
1570041152
1569848789
1569943509
2592977715
1569680364
2070016615
1569742256
1569693413
1569913517
1569752262
2594311286
1569736334
2600354887
1569919499
1569837402
2788481471
1569903637
2774373743
2786242983
1569894487
1569950172
2786275016
2592978607
2774396639
1569881870
2786297873
2774398296
1569812565
2592965891
1569724500
1557839580
1569871619
2786289241
1569663407
2803432807
1569892688
2600827773
1569715862
2813036408
1569904258
1569846938
2593033416
1569663392
2070038786
1569947582
2812890275
2594317039
2792852037
1569806979
1569914813
1569946194
2812473299
2808148684
2790149056
2774321343
1569950188
1569753231
1556188082
1569898054
1569717259
1569918499
2793059841
1556342803
1569900603
1569820192
2774441666
2602963298
2786273967
2787812361
2593034225
2788959647
2809042562
2592966045
2592814750
1569750934
1569918533
2799057864
2786254755
2786226111
2592803910
2809044549
2070035665
2786327876
1569755052
1569841176
2774449569
1737773953
1570035241
1569867955
2677973095
2070018264
1569897086
1570032241
1569657118
2786274426
2592794292
2786219147
2774324772
1561257376
2786292942
2812667788
2774446613
2813781299
1569744257
2603352283
2599685326
2593091885
2600282638
1569697756
2808469278
1559956523
1569675287
2774409356
1569667008
1569710706
1569935740
1556915804
2592847335
2592937663
1569833440
1736864123
2070054732
1569667831
2808997047
1569856984
1569921539
1737233920
2592808848
1569911896
1569860052
1570026220
1556283556
1569919300
1569675914
2787806245
1558665944
2786323816
2786313162
2786281917
1737779113
1569913984
2786328028
1569733896
1736896130
2786274378
1569670952
2592795080
2592843263
1569679993
2786254222
1569726778
2774480607
2592867222
2592979314
2592827089
2592843491
1569944638
1569903026
2786245090
1569683509
2592801511
1569706817
1569687316
1569709923
2813221096
2812454852
1569716452
1569719117
2801626134
1569749416
2732359684
1569674628
1569900935
2799093085
1570012117
1569757575
2601476312
1569849310
1738101226
1569723300
2592964210
1569731048
1569884019
1569686521
1569802869
1569928225
2787720049
1570011431
1569808817
2774444087
1737777635
2774441782
2592959691
1556667161
2592796511
2070035185
1570009081
2070048953
2592789123
2792549736
1569918613
1569674689
1569930489
1569852030
2592805882
2592895428
2786246649
2592805910
2070036022
2592800522
1569755931
2786215297
1569939624
1569674194
2799049951
2592867735
2787755283
1736864530
2593043968
1569857606
1569761221
2801597718
1570014537
2786226079
2788130960
1569661243
1569672432
1569656076
2786272947
1570015269
2774328819
2070069443
2592931802
2774391255
1737777014
2792997111
1570010232
1569906409
1570024365
2592861739
2774392691
2070019462
2592807881
2070050822
2799629172
2807765042
1569755322
2774396150
1570031598
1569814424
1569932000
1569945502
2594463664
2786253983
1569722346
2801476019
2070021345
2809028859
2592793223
1569754489
2774451136
2774342852
2792881170
2592964636
1570030654
2592803688
1569803870
1569852046
2774401498
1569928994
1569878298
1569740803
2592959705
1569726554
2070045959
2792837661
2812673033
2592805797
1569894399
2592803625
1569929683
2592847245
2787919240
2798966124
2774404840
2814036068
2786300973
2774337720
2774388180
1569945429
1570032361
2592836440
1569893849
2593043999
1569689299
1569945255
2592801163
1569949040
1655646047
2803424869
2601053342
2813877896
1569848857
2592836426
1570015020
1570031335
1569743473
2592794930
2774403447
1569916770
2812529559
2601471636
1556335588
2592889030
2809001942
2812761684
2774373336
2792494410
1569716346
2786219963
1569844960
1569748136
2774406821
1569885756
2602734554
1570032637
2070030309
1569927061
2592839531
2774480891
2774506051
1569688310
2809118245
1569910689
1569843630
1569688298
2774376962
1557585631
1557084144
1569656900
2814036092
2789659586
1737779306
2592853947
2807161976
2774436045
1557062154
2774455473
2070029450
2774390873
2774373096
2593014985
1570023738
2592801385
1569910263
1569917962
2786313935
1569841854
1737237433
1569917849
2790441985
2593020748
2593033283
2598552058
2593051726
1570038041
2592792199
1569715351
1570006201
2786244417
2793622231
2592814718
1569945475
2809302266
1569715770
1569947044
1569679667
1569661075
1569815966
2592816559
1569724406
2786435568
2808532638
1569754164
1569664778
2807162592
2592795138
2774441834
2787903099
1655657182
2808847221
2786212316
2774422555
2774389820
1569741050
2593055916
1569936262
1561220326
2593995497
1738210938
1569890178
2774441847
2786338558
1570034283
2592803097
2812990740
1569913064
1569868549
1569682394
2786309909
2592977894
1570015925
2774401572
1569882963
2774349845
2786238993
2592843152
1569665491
1569723128
2593059395
2592798578
2592884167
2070045138
2774505469
2592839894
2070021536
2774402612
2786249530
2592796940
1570008592
1569716127
1734043326
2786235705
2593063801
1569677199
1569699903
2786216236
2774365913
1569877912
1569680680
1569946128
2677438497
1569946310
1569868591
2786319681
2593054752
1569839006
1569743105
1570037931
1569839381
1569875302
2812680312
2808630232
1569893175
1569672185
2774508525
2593004879
2807690018
1569846428
2592796146
1655214799
2592971471
1569727590
1570011707
1569886601
1569828787
2603783870
2774461343
2786222268
2805513700
2786323276
2793274336
1569752944
1569727736
1569683433
2592807698
1569814874
1570032626
1569669472
1569810073
1569913170
2593037185
2601421304
2774422703
1738183995
1569762054
2598560614
1569897244
2786295416
2786263240
1556815648
2592820784
2807135256
2808211004
2774380946
2592953190
2774406250
2592798181
1569892749
2786222176
2787771436
1569927305
1655568987
1655568157
2786215369
2786240672
2809398631
2801596113
1569736244
2805478756
1569676905
1570021306
2793165032
1569708112
1570011804
2592791161
1569812044
1570014869
1569937699
2801617268
2774387577
1569658651
2593060199
1570014592
1569697468
2774447640
1569818332
1569890788
2786368117
2592831202
1569947842
2807256131
2793544295
1569885486
2786246941
2774505454
2809140172
2786221442
2594580204
2807152744
2786310192
1569760917
1569708501
1569730362
2592992973
1570015977
1570015942
1569841797
1569705952
2812421778
2786307937
2592824228
2601406233
1569934907
2808627732
1569677316
2594283585
1569757404
2592803941
2070016899
1569921147
1737308326
1569755186
1569670068
1569713121
1570031122
1569744002
1557333415
1569761790
2592800122
2786286716
2070024881
2812746216
1569716912
2070022541
1569883615
1556186189
1569870073
2812979931
1569710413
2793277807
2593101640
1569724573
2592792690
2601414396
1569665509
2786313947
2786254667
1569889612
2592958441
1569889243
1569761820
1569933496
2786249741
1569694834
2788049356
2592796678
2738476068
2592853803
1569830148
2812421864
2774451626
2786300703
2070021698
1569842727
2774390738
1569663911
2592803545
1569837238
1569949818
1737237507
1569665667
1570035343
1655741498
1569806245
1569822337
2592801103
2774370878
2812473137
2774337316
2793212296
2787721594
2070069647
2787818890
2592836217
1738198505
1570040602
1569665333
2592832200
1569730669
1569900024
2786313237
2774525120
2786326902
2594382884
2592817827
2786313875
2786321133
1569906362
2774380929
1569836181
2593041556
1570007990
2786311640
2774424863
2070048965
1569842090
2787726658
2786280398
1569951278
1569753694
2786487837
2786234510
2592792414
2786222300
2786238893
1569908036
1569861137
2786235644
2774462501
1569836450
2789375291
2774452530
2787812473
2808986821
2603129375
2786286480
1569682719
1569897211
2808148730
1569922703
2592787283
1569755300
1569746604
2592985367
1570017174
1736864731
2786310396
1569686840
1556508133
1570040912
1569816619
1569944711
1569937947
2799105762
1569680410
2592796992
1737779526
2592866294
2592847380
2786273779
2786322430
1569920615
1569712816
1569674948
2786319709
2792406277
2592825335
2592799955
1569927592
1569906290
2809109797
1655510212
1559620874
2799316214
2801596392
1655658743
2813738599
1570033006
2592810834
1569931302
2592904883
1569808442
1570006984
1569666044
2789363450
1569825707
1737777291
2786233444
2603425467
1570008816
2774441918
2786273685
2593086974
2808992281
1569910742
2798963607
2774337929
1569901082
2592815252
2592811507
2594539403
2600374244
2592806384
2592812553
1569847830
2786220517
2809049575
2592795686
2593091655
2788130726
2786274317
2070045538
2070050415
2774413846
1569753866
2592795999
2793042047
2774452774
1569915891
2774328476
2592799638
1569915605
2592829435
2786235150
1569885056
2786295015
2593067021
1569803833
1569743530
2808991395
2774400006
2786255558
1557023765
1570006697
2801019689
1569688692
1569738445
2786284701
1569711329
2812473155
2788472548
1569911619
1556845152
2774516292
2594256959
2805489300
2786276676
1569680246
2789954046
1569864363
2787777792
1569754672
1569674916
1569836969
1569675421
2774397121
2809128566
2592790021
1569665101
2774502326
2592831241
1558859047
2593478290
2070047275
1569938606
1569674182
2812680293
1569914680
1570010267
2812541687
2787799876
2786299382
1569702527
1569875760
1738137284
2786287791
1570028891
1569915491
2787717388
2593516810
2792690746
2592794363
1569739220
2809001786
2786258619
2592821972
1569822376
1569660343
1569680689
1569665027
1569855965
2786288133
2786220134
2786282445
1570026918
2806627846
2786300198
1570008622
2070038387
1569740345
2070016486
1570015054
2592799294
1569848731
2814034678
2070029562
2786319770
2592805443
2603624485
1569945273
1569837128
1569675066
1570041438
2803405240
2788974930
2774398264
1569884003
1737777367
2786325921
2774403462
2786220982
1569751899
1569831213
1569738291
2592795828
2786322782
2788659594
1569869542
2774352082
2806021366
1655197234
1569666262
1569936222
2795302420
2790455661
2070020871
2786249924
1569815739
1569679061
2786276574
2807523228
2592816849
1569660833
1556244252
2593050485
2786307406
2592796170
1570033685
2593051122
1569688284
1569850600
2790530320
1569822510
1569748691
1737188593
2808531763
1556283625
2592942128
1569920697
1569674317
1569847211
1569689218
2795241987
2593052036
2774415135
1569655959
2592792775
2592858899
2592797861
1569705151
1569945403
2592935936
1569870943
1569884122
1569687400
1569916005
1569941631
2592812979
2809055046
1570011020
1569898729
1569754194
2801699197
1570012620
2600154668
2786217820
2592868910
2786313863
2774405520
1569930097
2786216727
2774386773
2798952486
1569685263
2786226095
2801540569
2592856560
2814035953
1569870385
1569658762
2786288548
1570028875
2593061525
2793274472
1569948758
2790493277
2592813533
2774452637
1569808705
2592918015
2592838837
1737194323
1569839393
1569730317
1570011904
1569877584
2774508059
2070021771
1569690927
2786261395
1569681151
1569700197
1569746618
2786341866
1569946451
1569659575
2809040512
1570033613
2774327232
2592802803
1569887150
2592795500
2801473955
2774344436
1569840156
2602749038
2774349529
1655636006
1570006840
1569835609
2592847583
2786309405
2603159901
2592845740
1557908773
1569841347
2593028193
1569942190
1655743223
1655471093
2774399874
2774441821
1569705563
2603340167
2786219327
2593093079
2592862404
2592791032
1569881565
1570029203
2774476671
2786322722
2786326183
1570021635
1569944776
2774334291
2592788778
1570008188
2592792793
1569872033
2786218683
2070067369
2774373194
2786222284
2592802371
2774441983
1569816697
1569713916
2601402755
2793084575
1569898143
1570038965
2786313328
1570010456
1655605030
2788122819
2787991517
1569943850
2786217709
1569750984
2774402812
1569869924
1569679580
2678591237
2813036362
1559956780
1569698909
2774410563
1569927243
1569949610
2795224357
1570021980
1569823467
2812479058
2774413117
2806784443
1738192785
1569659154
2812832566
2592914403
2774507836
1569874047
1570041305
1570013085
1570037540
2592802663
2593017640
2070069660
1569877305
2790486982
2786212610
2786320260
1569746044
2592899929
2774345830
2787741728
2592801552
2813223026
1737233122
1569719016
1570031739
1569870320
1569902703
1569663679
2592797597
1570009369
1558491880
2786313972
1556693719
2592814172
1569869679
1569663512
2600295664
1569680891
1569814334
2603990448
1569837067
2774402263
2593022950
2795302481
1569676943
1569822606
2070018169
1569699383
1570016048
1569930014
2808988765
1569880552
2807264118
1569674672
1569731401
1569897541
2592830116
1570017859
2774435436
2774437270
2600213716
2812441792
2592886189
2808876386
1569833464
2787752524
1569684006
2592790607
1569906757
2592801760
1569678981
1569930360
1569658564
1569828835
1569941609
1569735247
2592908919
1569758649
1570034256
1569848290
1570016531
2801866771
1570018094
2786218655
2600266102
2787771510
2786216677
2786443017
1569687810
1569662395
2786221466
2805429130
2735849094
2793622269
1569663449
1556899426
2786246210
2812416217
1569904115
2774345968
1570017465
1559668381
2774343226
2812477513
1655717995
2592925179
2592797477
2592812791
1569853666
2786310420
1569692682
1569666003
1570007387
2787809114
2603274946
2774414155
2788123901
2594764543
1569814595
1559599712
2592796660
2070044245
1736416412
2774389265
2786245498
1737778040
1569858960
1569678939
1569807861
2774493031
2786354016
2807152017
2786358865
2788013945
1569672679
2786297972
1569933509
2786322794
1570033642
2787715659
1569918378
1570016483
1569911425
2592795416
2774359917
2600369771
1569839902
2786346070
2592906929
1569906276
1570037945
1569889231
1569803634
2786211458
1569952194
2774354128
2786214737
2738477910
2592813892
1569817423
2792931398
2592954172
2592800061
1569905932
2070026409
2070032036
2786319695
2592836322
1569714150
2786248226
1569945338
1569816410
2738203533
2070016644
1569756590
2774462588
2070029351
2809006041
2807152470
1569835474
2070015780
2599682830
1569948691
2592805646
2594253412
1569667758
1569725918
2786260521
2786263121
1737779719
2786271965
2788659495
2592789351
2812579458
2603914984
2592838268
1569920314
1569837971
1570011474
1569915809
2592811792
1569879018
2592798047
1569734411
1570017665
2804653116
2758082343
1569919435
2593079572
1569674747
2786323191
1569920576
1569737420
2812869684
2786297906
2786235164
2592865547
2774319750
2812418286
2592976175
1569664328
1569712828
1569673364
2774390982
1570014044
2786317789
1569809181
2786336321
2600162216
2592807182
2786296147
1570030264
1569726003
1569929182
2786322529
1569667037
1570015854
1569817563
1569820961
1569684023
1569708328
2592971194
2774423609
2774503936
2592800740
2592847537
1569916085
1558982527
2070031630
2592802351
1569720445
1569900236
2774429806
1569762667
1569836539
2593037229
2592858363
2796434887
1569865223
2792775186
2592792015
2786275756
1569675234
2600417855
2676758410
1737102571
1569826739
1569664814
1569707858
1569751685
2592792431
2592858130
1569813132
1569670022
1569853014
2593485105
1737777840
1569739902
1569892346
2592941679
2774410995
1569886932
2774428090
2786309967
2786322393
1556949989
2592851741
1569683393
2592803196
2809049655
1570012225
2070046402
1569715162
2592979289
1569854843
1569944182
2070046391
2809138226
1569694794
1737778575
2807135446
1570009279
2786328087
1569711108
1569725804
2786212079
1569822102
2601439256
1569846378
2593043950
2786241202
2592976054
2809145607
2774411046
2592859869
2786214487
1569916618
1569921576
1569730415
2786295058
2603079216
2812685328
2593086021
1570000513
2592875830
1569664270
2774392880
1569872605
1569950958
1569679496
1569913550
2786220312
1569665363
1569832504
2812575718
2803191085
2593086004
1569753085
1557283934
2814139509
1569668872
1569704257
2786220324
1569665595
2785663044
2786217427
1569952074
1655647788
1569712483
2803393622
1570014759
2809019989
2786245469
1569926781
1569938022
2774393995
2774367027
2070016975
2815094901
2814047619
2592830983
1561264152
1569753023
2786238601
1569936338
2786235864
1569911044
1569686071
1570010011
1569918702
1569668378
1569952147
1569658774
2774458700
2805993537
1569944017
1556826683
1569686430
1569669093
1569674469
1569664360
2807302281
1569912668
1569919420
2683111319
1569846339
2794573623
1569757000
2592929241
1569944479
2600485331
2592847154
2593666048
2592808436
2786321352
1569937681
2774394903
1569718888
2774510532
2787808364
1569944733
2786322710
1570013016
2592889976
2592908819
2774406633
2774451974
2070045446
2070031485
2603291214
1569887751
2592787270
1569680534
1738207638
1570017190
2792913037
2774353014
2592804995
1570017388
2592856631
2813222970
2774396283
2793341208
2774505424
1559852508
2786275193
2808611571
2813717361
2807084570
2593090610
1556374817
1569698387
1569670456
2809004688
2809159190
2808772127
2593011375
2786233274
1569802994
2592794810
1569671266
2808613748
2800677372
1569846040
1569824232
1569823525
2774342101
1570034269
2808783041
2601484557
2792842157
1559283039
1569699005
1569732954
1569727472
1569749011
1570006711
1569685423
2774362413
1569720372
1569876502
2786260743
1569688118
1557906023
2774428126
1569657455
1569716898
2592798026
1569715148
1569668092
2786295271
1570008577
1569905808
2807061580
1570015346
2592826079
1556141301
1570028555
2786272842
2070021895
2793109909
2592865053
2601466705
2774359293
1557838265
2774442022
2774455631
2592788134
1569912342
1655724664
1570029102
2786238383
2774392014
2070048859
2786213722
1569665539
2592814643
1559623830
2593013974
1570011334
2792527538
2070039821
2592808889
2812758986
1569933011
2786237780
1569953989
2774435566
1569871322
1569944353
2070045080
2592860125
2792954671
1569880611
2786319784
2774333362
1569927770
1569759087
1569803536
2593087081
1569667376
2814035929
2592876127
2786349550
2600234791
2787937780
2812512614
2593061578
1569866639
1569916317
1569659206
2592976147
2786237483
1569875477
2774324834
2786254116
2789807881
2786359708
2813036384
2793036841
2786399897
2592845411
2592799157
2603741898
2592845223
2808207109
2808985956
2786324942
1569917697
1569695479
1569756544
1654747295
2070044667
2592798615
2592988138
2815094925
2774393378
2786223382
2774427673
2795206168
1569670376
1569681318
2796634024
2774371433
2593050753
1655540109
1569664075
1569658960
1569875239
2594553493
1570015601
1569873919
1569671980
1570009159
1569874982
2593029311
2592807858
2786310513
2593350279
1569900714
1570014002
2786311138
2774502372
2592808153
1569683523
2786221804
1570027239
1569698496
1569934859
2070077507
1570038611
1569753119
2774426452
2790456212
2600368582
2792991737
1569674132
2683295360
2592802328
2070019485
2600164927
2592858607
2592848211
1569851794
2592868047
2592803130
2774441808
1569893979
1569666731
1569918777
2786344203
1569663233
1569658079
2774336575
2758082001
2593061283
1569836998
2786242005
1569832333
2806869991
1570011102
1569658748
2592795316
1569677628
1569833961
2592944329
1569929740
2809013529
2791094821
2592981650
2814051647
2808147225
2070021722
1569943535
1569709647
1569665251
2774504393
1569673767
2592843347
2793274523
2592977745
1569736722
1569821363
2774343243
2592891999
1569938899
2592953205
2774328562
2787777853
1569839563
1569668132
2792599620
1570014640
2600158438
1569665680
1569859530
2787726569
2774367629
2812763916
2592858579
2601414677
2796434909
1569942729
1569679089
2592987335
1569722481
1569695766
1569715487
2809042643
2786253997
2786251151
1569913097
1569754354
2795396007
2070025444
2592847403
1570000272
2070045259
2786243516
2774443501
2592840894
2594254849
2788713797
2593037200
2796437906
2601658161
2774430205
1655567862
2786220840
2774451569
1569666673
1569906248
2592843112
2774444795
2809030080
2786219036
1561406991
1737777498
2593089769
2774437794
1569937640
2592810116
1737213387
1569948299
2592806913
1569686772
1569918064
2592801050
1736926650
1569700758
1569874528
1569664133
1569762071
2070038218
2793212397
2592858229
1569889956
2592869315
1737308546
2592797556
2809134690
1570009682
1569753584
1569696960
1569734215
1556122598
2592958420
2787809213
2800742682
1655614979
2774377617
2809000486
1569725878
2593050935
2592831149
2592809160
2592812942
1569676919
2788011256
1570033735
1569953648
1569881604
2786234940
1569933605
2774413831
1569736341
2592790341
1556983113
2808156527
2070048591
2592824258
2601422453
1569723258
2592963349
1569951413
1569857660
2801828335
2593037213
1569659141
1569674600
1559149155
2799093125
1569667863
1569821158
1737007039
1655494551
2786321202
1569675943
2786276853
2792432317
2788287260
2813735295
2592847313
2603054080
2601470850
2774423785
2774336463
2592793795
2592807394
2813740129
2786366502
1569732013
1569750836
2792818588
1569823919
2812565754
1570026865
2070046644
1569870306
2774422720
1569812190
2786224965
2807135400
2786323264
2592807307
1569672077
2070031903
1569666799
2786227957
2812746442
2592963062
2786221062
2592868131
1737114848
1569891740
2774423919
2809109675
2795218869
2805426288
2070046590
1569811238
2592992837
2592831320
1569921596
1569675096
2774425321
1569812423
1655511579
1557076218
1569906922
2070077208
2807162570
2808359455
2592811906
2592806797
2786325893
1569658191
1569698233
2603628012
1569913217
1569853749
1569692703
2592811269
2592795876
2593017951
2070040756
1569728237
2808607431
2809434651
2593103074
2592806895
1569703721
2592797140
1570018857
2774410898
2786296072
2592796052
2592863145
2070027397
2808786561
1557446060
1569926917
1569908084
1569820040
1569710378
1569889915
2592787992
2809047605
1737776734
2786244748
2774475968
1569706839
1738176938
2774341074
2809005833
2786210987
2786322770
1736865935
2786321310
1662417225
1569844217
1569658946
2592977699
2789659521
1569716921
1570012475
2786309203
2593110095
2592831567
1570007734
2786255101
2800077990
2593446336
1569844326
2070070380
1569692020
1569883722
2592994990
1570026831
2592986304
1569677068
2774411010
2806011889
2774456200
2594334552
1569902507
1569823811
1569683107
1570030830
1569922751
1569861267
2593027764
2786219105
2814139482
2786327888
2774436848
2593027970
1570025249
1570019698
2786317987
1737777191
2786235876
2592799038
2786212347
1570011628
2601433471
2593077473
2592866199
2786323179
1569951436
2786363293
2593031233
2593022932
2602739413
2592859892
2786294189
1570027663
1569912768
2774393395
1569676140
2592805634
2593064067
2592945407
2786326992
2593094570
2786339491
1570027788
2774425299
1569883803
2788260825
1569852093
1570019312
1569850374
1655370133
2600230716
2593489826
2681081432
2603080457
2592798133
1569870616
1569680315
2807216834
1569932823
2600257439
1569836593
1570038070
1569906233
2602894026
2070022088
2070021929
2774420705
2774505192
2592994537
2774406860
1569667682
1569916432
1569845301
2774389677
1569913397
1569744841
2774366832
2774359336
1569686057
2774389744
2808243642
2593011407
1569898040
1569747062
1569889104
2592819978
2592789393
1569952207
1569859593
2792404325
2808150686
1569874810
1655626709
2592810607
2786318605
2592805284
1570034513
1569753982
1569841659
1655645359
2793163322
2774319268
1569881764
1569667334
2592815161
1569859017
1569742425
1569820680
2774433455
1569913618
1569738561
1569686492
2592935818
1736867754
1557798807
1569910781
1569669730
1569890461
2594256729
1569903974
1570039536
1655726608
2793277593
2812764972
2796634071
2786221723
1569877505
2593013129
1569744803
1569663138
1570034526
2593044026
1569750348
1569663380
2808836306
2070046532
2797072214
1569659627
2774359700
2070038947
2801544195
1569677730
1569817056
1569746991
2070032156
2786307784
1569923500
1556187017
2787726641
2774407018
2807158716
2803453323
1569733333
2795302436
2807125511
1570034343
2070048727
2592800079
1738200286
1569730734
1570017990
2799409339
1737777536
1569729451
1570026884
2774344807
2601049754
1569948583
2793172971
2792835615
1556309712
1736416359
2787995298
2774339582
1569943629
1569943368
1570029080
2774362944
1569688104
2809052881
1559385169
1559244969
2807515341
1569817530
2792843217
1569755312
2592794453
2774352192
1569902553
1569711298
2070043648
1569684084
2774442009
2592822046
1570011347
2786274591
2786331320
1569947956
2786329304
1569820797
2808207224
1570009296
1569680822
2774499954
1559284281
1737611609
2786299808
2070069884
2592824246
1569832578
2592795651
1569950930
1569879174
2070045302
2601399855
2774373054
1569843892
1570037302
2070032212
1569844885
2787808047
1570015672
2070029339
2597705291
1569953328
2070044760
1570008899
2788684133
1569742587
2594261537
1569657131
2592793691
1569666191
1569826875
2786239053
2592849017
2788327865
2592827463
2786217214
2592796247
2787799496
2812758966
1569680457
1570014711
1569738102
1569757643
1569705591
1569691659
1569923220
1569902111
2786272712
2786296344
2678473248
1569722946
2792823762
1570011308
2070033448
1569655987
2786329292
2593076739
2793009743
2592819164
2774502044
1569842974
2786330167
1569864970
2788153424
2809059176
2774345951
2786300239
2786239914
1569843479
2787772181
2786355870
2070070170
2786256566
2801634119
2774440830
1736885009
1737308308
1560562053
1561257006
2593094708
2809040407
2786219135
1569666017
2600268575
1569922526
1569691905
2786275001
2774391799
1569815703
1569938365
2592801402
1569699714
1738216252
1569883836
2786238953
2593030067
2592848250
1569830316
2593044036
2592792967
1570018564
2786212511
2815129390
2786222237
1570000540
2592802045
2809310342
2593035941
2601600867
2807151044
2812505356
2600518824
1570033878
2774319234
2592812756
2592831000
2786299692
1569871035
1569681066
2593038268
2786291199
2809052819
1569825802
1557776894
2774328132
2774458631
2793042070
2592863948
2799529352
2592963556
2592865494
2592829670
2592800663
2592847200
1569930058
1569731613
2812489732
1570006420
1570027738
1569731821
2792899546
1569815657
2786310781
2786336862
2786238853
2774434603
1569747940
2774350664
1569899960
2774326734
2790152038
1569687475
1569952265
2592790742
1569738311
1569905997
2774443579
2787772564
1570038622
2070029821
2790441674
1737777130
1569842491
1569665639
1569878061
1557064850
1569885192
2808434097
1569762337
1569675144
1569864998
1569745599
1570015552
2774340790
2070074454
2809000311
2808984897
1569754475
1569818718
2786313249
2786275634
2592787440
1569679821
1569891589
2592854083
1569947723
1655717569
1569871336
1569898174
2788125828
1569911395
2594085360
1570038025
2774449607
1569816073
1655516250
2810428386
1569895164
1569657811
2786241728
1569724226
1569809581
1569868167
2593066696
1569710719
2809006952
2774503166
1569660163
1569830175
2786290706
2786212330
2774392205
2812675259
1569900151
2774357412
1569921523
2678017822
2592841268
2774455555
2070031570
1569655907
1736894852
2070055196
2774523552
1569683772
1557841422
1569704395
1569664697
2592990494
2774392523
1569882304
2786218112
2808211021
1569952111
1569937629
2592796416
2793274358
1559557362
2070071918
1569750866
1569882447
2592801207
2774516851
2786251103
1570018985
2592801433
2812679272
1569885664
2683109801
2792947447
2070028737
1569663247
1570015441
1569951482
2813156928
2593759771
1556397741
2592789581
1569659471
2786288530
2786222995
1569848718
2813223665
1569872110
2786220170
1569756392
1569680281
1570016562
1569819529
1569697551
2774337515
1569916509
2592864983
1569841076
1737779693
1569807554
1736302321
1569830262
2070015981
2786424013
2592799315
2812685371
1569678593
2794802884
2794802906
1569844757
2774326717
2593079787
2786354797
2070019787
2809002056
1569663925
1569927208
1569662218
2800754139
2786362794
2774482338
1560438479
1569817705
2594464253
1570028781
2592853411
1569757690
2593064429
2788411554
2592984262
2812598419
1569690044
2786217337
2070027987
2786214908
1569880883
2070035393
1569815781
1655285299
2600161556
2786282468
2600157081
2676763674
2593028857
1570033764
1570024289
2808467052
1569916166
1569702240
2592969648
1569946641
2791058890
2592968473
2603713959
1570012594
1569875561
1569938624
2787903250
2070039112
2799057813
2592959434
2593079815
2808609106
2786271750
2774411579
1570028016
1570031939
1569657972
1569902772
1569660533
2793163300
2774435455
2774445001
2791082056
1569680168
1569910761
2787995478
1569944235
1736876759
2774389983
2592830144
1569681257
2786231715
1569660547
2786319826
1569880576
2789044583
1569868577
1569667482
1569912280
2812920451
1569939397
2812782418
1569656813
1569851522
2774386513
1569743696
2593050832
1569803660
2592796016
2592806726
1736857569
2593005684
2592987196
2786328075
2807161016
2774465552
2786296122
2601426125
2594280097
1569883608
2774360850
1570015331
2774431931
2792867381
2070044822
1558824381
2070038774
2774365783
1557364456
1570032030
1570016278
2592788028
2774503755
2070037110
1569839511
1569887166
1569888860
1569937991
1569888627
2070054426
1569685007
2774499931
1569746803
2592818857
2786216820
1556872017
1569913228
1569662309
1569672095
1569719059
1569826221
2774421638
1569951390
2786234048
1569927327
1569945916
2592865036
1569937511
1569759584
1569723471
2592841232
1569852059
2814047654
2070031670
1569703033
1569903542
2790490333
1569840543
1569715888
1569928550
1570010566
1738187572
2799091721
1569847747
2592966512
1569848870
2592823396
2592984353
1569689165
1570015228
1570014848
1556527048
1569870630
1569933888
2774461493
2792931720
1569915052
2601402985
1569693802
2786323841
1569928276
2786234023
2812451817
2593091052
1569832694
2774364380
1569942952
2592838539
1569850281
1569688970
1569938344
1569944441
2786277467
1569715134
1570028704
1569939380
2593050265
2774500404
2594678835
1569743070
2799189590
1570016295
2797122404
2793298897
1738207469
1569832776
1569711450
2786367474
2070078764
1569713522
2774404823
1569940302
1569676725
1569701554
2592882574
2787819143
1569904592
1569665653
2593091101
1569667907
2070044731
1569673167
1569920559
2786217365
1556563946
2594355297
2814322561
1569918405
2070016279
2593084179
1570032407
1569710111
1569687950
1569830767
2787991493
1570014808
2593009940
2593035395
2774408144
2070024149
2592805013
2592799906
2593031518
2070039989
2070017205
2798965147
2600164313
2786319840
1569757630
2786261481
2774341364
1569673899
2774484665
1569948834
1569756357
1569948922
2786243487
1569704299
1569831642
2592993558
2790450524
2592956422
1569746016
1569835029
2808992299
1570018676
2592796369
2592796753
2774446628
2774441795
2592799105
1569953880
1557022540
1569934989
1570000488
1559161668
1738201062
2600420654
2774443125
1569890322
2592801450
1569872771
1569815033
2070020956
1569877614
2600419907
2592803830
1569876368
2774410921
1736123815
2774370217
1569724266
2774393567
1569953946
1569917807
2814036001
2593011521
1569742139
1569723186
1562252072
1569686417
2600231312
2774340561
2786308447
2808615641
1569814176
1569687673
2791257674
2807158674
2070048312
2593069986
2786253927
1570016392
1569944310
1569682820
2786241307
2786283266
2592851649
1569873828
2592803252
2786316832
1569947706
2592795436
1569820718
2592957624
2801702156
1561658281
1569726062
2774344885
1569865277
1569694807
2592868148
2592788655
1569897505
2592789000
2593051670
2598546663
2593044007
2592822907
2786259897
1569673731
2786276564
2799174082
1569892012
2786221418
2592855356
2786356073
1570015994
2786219050
2786308952
1569833596
2812922884
2800970557
1569836578
2681096346
2786233426
1570000434
1569823632
2592969227
2592830334
2070030296
1569886494
2794546564
2801609318
1569693601
1569914203
2070024715
2786241170
2794578474
1569739917
2789364520
2809118204
2792851670
1569678823
1569667668
1569679952
1569848336
1570028861
2786283109
2592812239
1569948245
2592847493
2787763186
1559177727
2594524539
2789951099
1569672262
1569665609
1569724325
1569947286
2801544268
2774404857
1569839460
2786331602
2070044542
2789692626
2593022289
2786284581
1569814197
1569685747
2786219991
2677391063
1569900621
2793253257
2592986685
1569822360
2594310408
2592975145
2809003461
1570010252
1570011235
2070048822
1570007661
1569847953
1570023000
1655711936
2070019573
1570020879
1569943242
1569900550
2792818807
2774316978
2603147853
1569746813
1569754073
2603782091
2813735340
1569662464
2593005539
2774422798
2592838196
1569670613
1569816839
1569658610
2792869975
1569681881
1570012063
2786312898
1569949934
1738194124
1569678398
1570019765
2808788179
1569830342
2593011423
1569902466
1569709322
1569744819
1569918120
2809279475
2592817203
2792999227
2592847131
1569825726
1569748154
2592851898
2789362048
2812766784
2593095879
2592806814
1569762451
1556084648
2070027414
1655745266
1570024004
1737778980
1569738271
2790148985
1569656704
2594577310
2786282409
1738211032
2601400534
1570032372
1569843509
2791159924
2592981098
2774428103
1569938443
1569759608
1569668439
2723635611
2804957242
2786319337
2774443512
2599686383
1570027802
2592945756
1569839969
2592798595
1569665088
2795302503
2592799012
2593023687
2813222304
1569804001
2786313911
2601509048
2786252561
1569741001
2786217250
2809030790
2683595520
1569953729
2592963305
1569705577
2774500320
2786324115
1569893947
2774354149
2786217587
2070022561
1738219585
2593023381
2592810179
2808145543
2593064413
2070041015
1569823291
1569709828
2592788960
1570007974
1569906176
2786255152
1569815157
2774382659
1569703735
2774501161
2592841889
1569940616
1569919640
2070040875
1570010745
2786219537
2799040182
2594253274
1570040624
2592837350
1569818281
2592996055
1569816576
1569871993
1569753892
1569743752
2774390921
1569668425
1569668780
2786291913
1570028318
1570026493
1569657984
2592821398
2774370544
1569661568
2592797450
2774380773
2786213291
1569945140
1569888844
2788144995
2774338421
1569934707
1569927225
1569673027
2786323075
1569671714
1569678204
2774391859
2592875439
2805488119
1569948426
2786313851
2738480127
2787773569
2792925513
2774339735
1570013401
2592807415
2786301299
1570039271
1569750031
1569715927
2774422141
2803458343
2681906584
1569757099
2774362623
2812804470
2791159822
2593086273
2592794470
2593017612
2801572877
2592790760
2592798089
2786216795
1569923532
2774452607
2070031832
2809019948
1569949591
1570015640
1570041048
1569835177
2791055357
2786235229
1569817073
1569906191
1569666372
1569662019
1556845135
2786239013
2789361971
1569754057
2592813270
2814267579
2786434048
2774443473
1569738253
1569681543
1569838711
1569843095
2599701042
2812761580
2600259125
1569732911
2774341299
1569913410
1569948599
2786215548
1569847940
2786215602
2594330396
1569903339
1569857740
2786318247
1569899973
2593050690
2592805159
1569841084
2786294982
2799002557
2793140182
2815126754
1556911689
2814740404
1569688336
2790493463
1570015136
1569817211
1569749462
1569953341
2774445450
1569677118
1569916982
2786325548
1569715386
1559527596
2795193712
2592789618
2808783060
2814012508
1569828475
1569951505
2774356740
2805487192
1738267454
1569679342
1556393152
2812685394
2808627671
1569837498
2786272430
2815037223
1569719194
1569710994
1569879478
2592837009
2592871086
1561209691
2592813513
1570016577
1569660496
1569703699
2792877815
1569819662
2795418041
1570014400
2774457600
1570010781
1569842809
2812761542
2774505520
2774342831
1569674102
2795307366
1569693506
1570017562
1570002059
1569953832
1569669748
1569948410
1556589617
1569819235
1570026938
2592989096
1569732971
2808846906
1569870453
2592808547
2812453945
2793298943
2774354109
2592849264
2774504408
1569706856
2809028822
1569948473
1569940455
1569897577
2593010990
2786256941
2795656303
2592801353
2792954587
1570011614
1569827030
1559385239
1569816167
2786325336
1569658407
2786216848
2787809171
2786225001
1569703681
2774331441
1569871025
1569854312
2809035826
1569722707
1569843162
1569680511
2070030793
1569891621
2070048543
1569811427
1569949267
2070027912
1569812883
2786241092
1570017845
1569938396
2601430474
2774336632
2786233552
1569743489
2070021397
2592821877
1559527671
1569899387
2593458309
2806662798
1569902397
1569657039
1556290390
2786286389
1570034197
2070043515
2788846613
2799204626
1570016468
1569687444
2787809452
2786284667
2070027162
2786272997
2774415794
1569672808
2070032175
2787903608
2592968979
2070031941
1569675220
2774342871
1569839311
1737779078
2592821674
2592789726
2070038755
1569807075
1560632456
1569853514
1569823906
1570032310
1569840461
2786293468
1569756990
2593054773
2809419826
1569697935
1569723517
1737205163
1569942112
2592971405
1569696832
1569678155
1569949556
2812430499
1569753596
2592805267
2806618773
1569897522
1569906316
1569848675
2792999204
2793009766
2592794865
2592843326
2070068660
2592875812
2786237459
2774435177
1569755208
2786352000
1737242896
1569826281
2594195411
1569944619
1569680522
2813781402
1570009182
2806662767
2786313619
2786216244
2774507252
2601420594
2592870055
1569849462
1569672123
2601474790
2603781433
1569806992
1556091276
2799375256
2774442972
1569722278
2592791707
2600235633
1569949068
1558553377
2597818464
2592983336
1569665568
1569804851
1569817630
1570029273
2592798110
1569751726
2807154835
1569847401
2786299706
2788145017
2070019245
2786219064
2592793778
2774359014
1569845204
2808466999
1569743266
1570018750
2592870779
1569850156
2792954570
2786349086
1569840708
2070021941
1569668726
1569716089
1569761656
1570024302
1569668196
2809003575
2786219975
1569837671
1569919462
2786322196
1569848767
2812478042
2807084587
2806617000
1569728289
2592814330
2593515833
2593013938
1570015690
1569697431
2812888507
1560445414
1569918104
1569929154
1570016193
2814043925
2682382583
2809015301
2600316256
1569682277
2594294844
1569836211
1569676054
2808531827
2787995208
1569831405
2592790711
1570014259
2790209016
2600156278
1569906782
2786240795
2738583059
1569825641
2786317913
1569864241
1569690861
1569884731
1569878036
2593096831
2801633026
2592804721
2774438817
2786358947
2070028708
2808152046
1569946747
1569930182
1655625469
2593073769
1737779377
1569913585
2786223027
2812505199
1569678218
1569755448
2810193822
1569819678
2070041149
1569661528
1569715403
1569657960
2787772209
2592799692
2070045509
2786295489
1561226239
1569882042
2786334204
2812565175
2070026225
2808991240
1569685620
2791111467
2592821465
2809213765
2774337650
2774375132
2593032554
2593094379
1570037811
2592870798
2799422772
2808147243
2774441970
1569723559
2786275151
2806993042
2790494980
2806621128
1570016966
1569667363
2786323947
2592858342
1569919247
2774457630
2592830538
1569749053
2774482789
1569827962
1569758109
2603001815
1569683571
1570014695
2786323421
1560793432
2594290539
2070031425
2774412157
2070021739
2796436016
2601481493
2806614749
1569939313
1569733827
2786248987
1569754176
2592855523
2594520347
1569870441
2786321107
1569672053
2592830563
1559509860
1570007014
2786320120
1557367349
1569851030
2774373039
2592917044
2786333010
2796433939
2786235136
2808789006
2593678896
1655747541
2774357520
2803416567
2070048056
1569746494
2774419699
1569661306
2592813963
2592803774
2592815269
1569889858
1556121788
1569946912
1569822322
1569819077
2070020102
1569916705
1569737251
1569921678
1569698131
2786313508
2593044016
2774396906
2592845608
1570006746
2812766757
1569669079
2594256712
2790493308
2786259562
1569732988
2807061511
1569815296
2798998423
2592947587
1569715793
2592849096
2593111733
2592806459
2592842659
2786319267
2594595903
1556918734
1569717292
2786241214
1570015115
2070048251
2808804467
1569659952
2592971222
2592816862
2592836820
1569727607
1569663665
1569749702
1569716320
1569802672
2786284689
1569844176
2592803528
2594357442
2592799623
2791055340
1570016312
2594553936
2786244142
2786233372
2786219811
1569837432
2592959778
1569713691
2786212127
1569803068
1569700412
1569752646
1569889564
2594430213
1569888576
2070023055
1569675480
1570007681
2774351739
1569816244
2593094788
2786219923
1570014667
2592790040
2774426439
2801768721
1570026747
2814196628
1569710572
2786319013
2786214755
2070017218
2792598297
2592808871
1569913046
2788153221
1569834182
2593035441
2812541461
2786322734
2793276171
1569757018
2809003968
2799409982
2809434570
1569915429
2814144782
1655646117
2774443741
2774388865
1569673587
2774350532
2592792865
1569746632
2786318735
1569847731
1569740657
2807252040
1569897627
2792840084
1569660819
2786348600
2070018315
2604579143
1569673717
1655615268
1569857366
2786316820
2786235584
1569850398
2593678806
1569873802
2774477857
1569657947
1569661542
1570016591
2808260992
2592847449
2787818435
1569724587
2812433078
2786272055
2786386236
1569693544
2592869679
2774370573
2786223469
2593618290
1569949000
1569757350
2774394827
2594430183
2786223011
2593031203
1569727640
1737778605
2592795054
2786328258
1569675492
2809109777
2774389537
1558110505
1569837805
1569902668
2592803511
2814050302
1569748010
2774391707
2593046275
1558684115
2592863509
2593089651
1736896269
2592803017
1569807447
1569938473
2592811890
1558848184
1655117487
2787724210
2806618793
2592805812
1569883060
1569820624
1569756378
1560302053
1559600688
2601511481
2592794635
2786221623
2592799567
2774332233
1569941721
2774373889
1569731062
1569680198
1569840577
1569833714
2593069972
2786227371
2592965417
2774344915
1569747922
1569674206
2809185090
2592960686
2786306991
2812703620
2592803162
2786291187
2793072821
2801757148
2786273238
2592966166
1569943264
1569812172
2786239793
1569930515
1569676329
2809013779
1570038674
2774396795
2774520324
2592797378
2814511974
1569839087
2592882589
1569828383
1569946080
2786313923
2774332281
1569662535
2592810081
1569934690
2791299888
2813222840
2787903518
2593069818
1557818707
2592795238
2593061299
2593041079
2774397138
1569841811
2593059229
2786252509
2600244398
2603310344
1570017549
1569750159
2792826354
2786260035
1569921506
1569659518
1569871487
2592801368
2592795401
2807804423
1569911086
2786255960
2787748934
1569758031
1569662588
2786321190
1569684498
1570023151
1569734368
2786305357
1570015534
2786221503
1570010297
1569672724
2786273474
2787721439
2793108245
1569864849
2805364405
1570018807
1569683755
1569859568
1569875617
1569879329
2592804268
1569810730
2592963153
2774385951
2774371110
1569666653
2808995939
2786313899
2600260941
1569858042
1570038687
1569852138
1570016682
2593013467
2786318749
2594524490
2774344900
2592982220
2774423158
2774441866
2774413250
1569857593
1570000243
2794584714
2774428041
1569725959
2592827414
2799218908
2812605358
1569758131
1569727896
1570031978
1655670415
1569662340
2592865700
1569946865
1569754799
1570017782
1570037459
1570007327
1569930660
2603085800
1569913939
1570015211
1569742601
2788961360
1737007017
2786211244
1737778220
1569889970
2070034028
2592800498
1569952349
1569940472
2593011734
2594283522
2592865557
1569749385
2774411693
2774499916
1569667203
2070068178
1569882208
2789875584
2786237966
1569679149
2786273193
2592793166
2774413136
1570016898
2774503462
2593758472
1569907400
2592808571
1569952241
1569671351
2593049086
2787771597
1570013380
2593030055
1569710646
2786288334
1738153348
1654843425
1569802834
2786218668
2070035019
2592828406
1569854349
2593005327
1570029786
1570031000
1570035902
1569682004
1569911206
1556117166
2594418801
1569817262
1569953597
1569850534
2812508202
2604019313
2786246719
2592959417
2600155386
2601416785
2808991180
2789376058
2807525726
2786215136
2804629085
1569897171
1569845355
2601421104
1569692342
2592853688
1562252147
2592836743
1570035402
2774430159
1560017016
2592889727
1570009636
2786299987
1569676996
2774449030
1570024132
1569747503
2593067923
1570015037
2601483647
2786319281
1569657326
1569943316
2592993693
1569683080
1569932268
1569687283
2789532054
2786295381
2593087105
1569818947
2596049661
1569690632
1570010188
1569911954
2774342814
1570000291
2592820250
2592895473
1569840896
2070016912
2812675241
2592854596
1569723272
1569916781
2592799334
1570016207
1569752680
1569950830
1570010657
2592848229
2601430063
1569949148
1569667262
1655476706
2593113597
1737308143
2592799744
1569927634
2774388338
2786219076
1569820572
2601516953
1569943329
1570017117
1569910833
2788659546
1569715365
2808991222
1655214836
2070054903
2774388044
1569942923
2592838289
1556668097
2592795271
1569658808
1569815435
2796435065
2786322442
2793059888
2812869121
1569691279
1569706017
2774406224
2814217930
1569857676
1569674557
2787822717
2592867095
1569665834
2070070183
1569808488
2786219951
1569657312
1569917596
1569882345
1570030891
1559899742
1569659503
2786328710
2786239686
2809397891
2592994116
2592796462
2070031954
1569674422
1569839844
2757874445
2774364655
1569917100
2792821719
2676926644
2601426301
2070022926
1569688791
1569893295
1556310065
2786313193
2786218859
2774441905
2788261894
2593077990
2799379217
2786323059
1569820642
2774328104
2592809311
1569881747
2807128489
1558369715
2786256543
2592803145
2592797739
1569657885
2786226043
2786313150
2774359177
2593014558
1569683539
2786474334
1569944514
1569736708
2786390673
1569695639
2786303917
2786214378
1556829086
2795502115
1569819755
2592933942
1569844721
2774341312
2593037168
2680036470
1569695842
1655501589
2603672976
2070026481
1569882741
2592836728
1569864798
2795384243
1569885882
2795304052
2789178939
1569754768
2774362237
2600158647
2592793818
1569893913
2603552041
2786326979
1569811511
1569892992
2774401602
2070029526
2786211577
1569906606
2594255184
1569660520
2600164453
2786330391
2793212477
2070046759
2070069078
2786331423
2795186643
2593070211
2682216835
1569918823
2807154752
2070044686
1569912396
1569701150
2793191110
2774441944
2070046725
2593496517
1569836850
2592963045
2814195653
1556602163
1569922843
2774443842
1569944161
2800645495
1569868563
2814015730
2814232194
2592803975
1570016501
1569715570
2592810965
2774357572
2592800140
2592840736
1570013101
1655711669
2774434764
1569842599
1569687556
2774443347
2593060207
2795438083
1570009432
1569835354
1570035088
1569667654
1569843202
1569743571
2809004665
1569743724
2593683403
2070048875
2808789676
2592792217
2806615739
2774359683
1569917708
2774422735
2786301132
2592861683
1569835411
1570025362
1570010398
2774422454
2796436061
1569753446
1569938504
1569712991
1556430171
1569667772
2592796789
1569759211
1569863589
1569850518
2788168743
1570035265
1569681599
2592805397
2808804515
1569829303
2774393845
1737779819
2774342439
2594553339
1569940777
2786318039
1569947919
1569670294
2809213723
2592848274
2806021971
2070044784
1569815623
2806718825
1569742411
2592965038
2786348688
1569673300
1569750444
2592791946
1569666909
2786241238
1569719180
2070021961
1569809233
1570034157
1569856707
1569838089
2593396576
1570032607
2807282249
2774360332
1569694734
1569734635
2592943287
2791058874
2592800350
2774415765
2787777836
1556430265
1569836947
2070017878
2738445906
1570028987
1569668591
2681997681
1570030003
1569927286
2807689967
1569859625
2592807633
2799174144
2786358597
2592944663
1569671407
2774376389
1569732924
1557818636
1569662295
2807154283
2592801266
2796913134
2592827660
1569680298
2801625170
2070046311
2774373860
2594254865
1569829841
1556121752
2592797049
2788122108
2593055574
1569831806
1569902078
2593019505
2774391546
1569953702
1569858130
2592806592
2593468365
2774420175
2790631691
1570007719
2592973708
2786321296
1569664792
2799386810
1737779792
2592838215
2813003850
2786280872
2786221888
2592803755
1736882932
2774373319
1569852980
2774423141
2070024785
2786249496
1569673314
1569917684
1557024074
2807135324
1556386811
2592934183
2594689799
1569671021
1569681103
1569752695
2807152727
1569743375
2786364194
1569812981
1569676386
2806627059
1569730349
1569936810
1569722310
2774430437
2592804699
2592990722
2774441957
1569943225
2070036011
2592793325
1569698373
2593033311
2786355808
2808773692
1569915823
1569850954
2789951164
2599985461
2592802741
2592990508
1570029257
2792821040
2592796494
1569691267
1557326718
2786225092
1569716113
1569813404
1734043342
2795302525
1557777284
2809152336
2809587268
2808770637
1570025049
1570019120
2787822748
2787850658
2774352995
1569884104
2774344181
2786329373
2592787362
1737079871
1569818913
1569673398
2593101402
1738122841
2788196867
2774475505
1570017878
2774359272
2786235495
2592950213
2593076295
2592844164
2786346888
2592811345
2592789782
2795580162
2792874857
2793109563
2786324954
1569683091
1569750238
2592801489
1569870401
1569878830
1569897029
2786272351
2774504441
1569745409
2600150294
1569841828
2809042626
2070045177
1569737236
1569677844
1569709937
1569803549
1569945630
1569708294
2774406237
2592830369
1569822916
1569673743
2774396665
1560466042
2070030893
1569742813
1569739931
1569930829
1569749823
1569906263
2774410949
2774446463
1569949345
2594261482
1569688707
2786256501
2787723446
1569849881
1569933640
1569666102
1569720335
2792849187
2798958961
2792923748
1569661659
1737775593
1569802636
2593001977
1569675274
2774316959
1655676156
2592960738
2592803878
1569942369
1655516355
2592831267
1570027830
1558420837
2592787205
2786296840
2593059927
1736885335
1569662099
2592811330
2807525709
1570032680
1569715269
2774337583
2788713634
2793171834
2774505439
1569834674
1569682071
2592810033
2786248272
2676760965
1569888828
2813223049
2789361842
2774329328
1569747517
2774350545
1569906523
1569867668
1569664121
1569662699
2600216641
2728683825
2812920532
1569666635
1569811915
1570028654
2774379208
2786324127
1569675604
2774362883
2786323853
2774419091
1569663105
2774393418
2809086092
2786305301
1569836832
2786299835
2594253596
1569658485
2786212872
1569891938
1569711663
2593623380
2592939050
2788121522
2812761562
1569699333
2774344763
2786345200
1569712291
2070016657
2803452194
1569949512
2070022706
1569912318
1569810355
1569917837
2774319857
2592789975
1559625101
1570022915
2807283051
1569827562
2795438038
1569945666
1570009849
2787801861
1569903066
2592827348
2593011753
2070020297
1569743766
2809213838
2592901500
2774349668
2592840041
1569826926
2787724236
1569928259
1569906099
1569932384
2070023467
1569680602
2070067714
2774446924
1569873687
1569657424
1569912785
1569951323
1569658904
1569715337
1569658595
1569911253
1738479717
1570008517
1570024081
2774436261
1569755743
2808148991
2601427197
2807302322
2774418140
1569666358
1569690712
2809008384
1570009880
2070045651
1569672245
1569879229
2592830723
1569906219
2593054717
1557636153
1569672400
1738124354
2070046300
1569689673
2592984173
1569656226
2774443298
2592793467
1570011124
1569876307
2678092308
1570040635
1569743127
2592981879
2774523673
2070036409
2592808081
1569875108
1569730749
2786243051
1737774104
2593064823
2597799022
2786234310
1569940603
1569829806
1570028216
2774500362
2812750907
1569822954
1569862805
1569923328
1569680560
2070071661
2792944347
2806993076
2592820192
1569862691
2592793282
2774441996
2070029235
2070032019
2592802896
2809434552
1569709971
2786212299
1655555500
2594086561
2593022800
2809302724
2593080017
1569736681
1569664452
1569673753
2070032255
1569901034
1569871389
2774360943
2812473224
1569830161
2812675286
2792931633
1569844287
1569692429
2809001906
2786240701
1569879311
2786255900
2070072006
2786237768
2801756834
1556668371
1569758102
1569730045
1569666986
2786277840
2799091542
1570010433
2774405336
1570007932
1570017739
1570006954
1569718994
1569828658
2774343488
2602412633
1570035290
2807082905
1570023243
1569948092
2812541669
2786240952
1556358356
1569730375
1569726417
2592974149
2592803995
2774373302
1655515135
1569927703
2792954610
2593074031
1655688587
1570012683
2792818466
1569930529
2070041342
1569869710
2592800910
2592857960
2774462858
1569717246
2593010145
2070031731
2774427409
1569843317
2592798978
2774424676
1570039465
2774427861
2600157914
1569672339
1569666250
2592993456
2814239228
2602735883
1559950702
2812598786
1569826236
2070022427
1569673059
2795430307
2788961675
2809042607
2809032134
1569727616
2774412140
2592792492
2774491525
2774349226
2592815703
2774318440
2786250032
2808995026
2593055026
2774446048
1569948645
2799094400
2786323348
2786236386
1569898853
2786272327
2774329996
2774408093
1569750224
1569948441
1569741673
1569951953
2594405771
2774436674
1570006363
1569899409
1569713506
1569730004
2592821304
1736900566
1569803251
1570007914
2593104722
1569848250
2070070591
1737070890
2593026086
2592813155
1569858034
1569687765
1569813658
1569659310
2602013199
2799408770
2592820216
1569948384
2793654589
2774352592
2774445463
1569907495
1569666567
2793172948
1569665265
2786220392
1569850739
1569842910
2786301357
2807264551
1569894498
1569739759
1569711594
2774509152
2774498940
2789363521
2807061529
2594277868
1569926987
1569838912
1569820738
2786233336
1569665319
2594534463
1569843399
2789362021
1569673284
2786237954
2774408817
2809000394
1569855598
1570028255
2786226005
2592815970
1570033720
2593019973
2786217274
2774418165
2812746166
2676886359
2814015204
2787991397
2807282994
2792999181
1569951605
2786296246
2808990289
2774406428
2070021991
1569689550
1570033283
1569692694
1569834615
1569726117
2592787886
1570033027
1570008851
2813284792
2592831130
1569684531
2812569500
1569659194
1569762018
1655518752
1569660103
1569917568
2810241730
1561447277
2593066682
2774370705
2774350428
2603162288
1569663595
2786291897
2786302264
2592843473
2774502108
2787822765
2808148899
2603479570
1569752409
1569685652
2796691120
1570040847
1569870109
1569669772
2795775485
1569728250
2812508262
2592793561
2593089428
1569860584
2774416122
2774443648
1569914750
1569808955
1569735086
2601437474
2788680797
2808988801
2799410029
1569948563
2786253810
1569832561
1569755905
2786364857
2786223402
1569923470
2592788452
2600365549
2793298920
2593060582
1569828869
2592800477
2786242995
1569656827
1569657197
1569660756
1569912237
1569947269
2812732315
1569876456
2786234412
1569901455
1569830476
2592941401
1569865100
2593013449
1569666607
1569806529
2795438702
1570017810
1569848395
1569668028
2786285583
2592791574
1569951265
2774373171
1569906205
2592807035
2786243015
1569668901
1569871460
2592964925
2774366659
1569709837
2592797354
2595215566
2592801338
1569886414
2070054950
2592829235
1569902832
2070067986
2592815586
2070030322
2812441815
1569942908
1569827702
2788153370
2592829261
1569917790
2592800604
1569730807
1569696367
2774441892
2592797173
2594553795
1569814292
1569695959
1561676449
1569828977
1569864349
2808616121
2799492544
1737774045
1569700789
1569911460
2790631580
1569687358
1569857757
2070033395
2070043056
1569756043
2592811313
2594427388
2787770560
1569949501
2774390019
2787772115
2774504257
1569938334
2677650796
1570009814
1570015363
2787810024
2592790992
1569852636
2592852420
1569738125
2786263290
1569762541
2070019390
2593093484
1569660433
2592795704
1569671629
2809478722
1569816053
1560765828
2593064489
1570027021
1569878495
1655673180
1570011691
2792909113
2593035425
1569832283
2593054428
1569803958
2070017296
1569736539
2786293032
1569676315
2592950445
1569835237
1569717899
1569743018
1570018644
2793253181
1655741362
2070044268
2774387761
2796438645
1569921164
2592791144
1570021090
2814380969
2683034363
1569838226
2592796344
2592844883
2070027712
2592854316
1569735566
1569663090
1569671819
2774380458
2774326565
2808147351
2793206361
2786365913
1569952282
2680348261
1569689380
2592812682
1570023298
1569665071
2594086239
2592796810
2592862906
2593070077
2815094874
2592805535
2592796920
1569741037
1570029458
2592802512
1570015249
2789545823
2786321083
2070016088
2808989013
1569872180
2592795548
2774336840
1569679884
2808415651
2791299147
1736441967
2774440258
1737779666
2786211081
1569850264
1569815414
2070054877
2786255783
1569681436
2070044879
1569759622
1569951459
2070047025
2786312618
1655652014
1569829477
2600361104
1569690881
2592859983
2787812411
1569920959
2790929568
2813212602
2070067833
2774370527
2808774698
2070031967
1569944368
2774503816
1570006791
2592819802
2592799679
2774335043
1569919066
2592882016
2774392548
1569835859
1569824559
1570040581
2602683393
2592789042
1569755402
1569894929
1569949803
1569666539
1570015312
2814374290
2592808453
2795337709
2799040446
1569836397
2801856890
1569689076
2070031701
2592820421
2774338708
2592803813
2070037724
2592798938
1737202870
2070027088
2786297719
2070035046
2592836189
1569912079
1569942971
2592944997
2787719997
1569899233
2592883078
2786314966
2592788407
2592788832
2809191645
1569697617
1569947448
2601678808
1569859422
1569803937
1569816594
1569674872
2600266267
1569704270
2593028220
1655530525
2786300722
2774368723
2070026178
2786323516
2812831871
2592791687
2603892884
1570035060
1569804105
1569927573
1569897904
1569833673
2786219937
2814035878
1570037903
2774399538
2809020559
2070017707
2786222100
2786261616
1569737536
1569812526
1570017897
1569920635
2774451115
1569761591
2805487278
1569806928
1569659296
2806867137
2790148961
2786211412
2592806285
2786326950
2593080954
1569890246
2808148663
2790493210
1569662324
1569815051
1569917949
1570014933
1569715428
1569728401
1738182178
1569865012
1569911018
1569928853
1569820753
1570016084
2592862481
1655725719
2807128507
2592817975
2786312994
2786255641
1569684110
2787937846
2787925571
1569865128
2786239817
1569941986
2809019282
1569942830
1569834466
2787872234
2786313593
2786221454
2774321550
1737777337
1569921367
2795193134
2786325907
1569857061
2799387684
2070015407
2809047645
1569915193
1570014907
2786295252
1569879768
1569846542
2070071876
2593085467
2786219461
2786222194
1569802657
2592813642
1569904561
1569668005
2593651059
2774462892
1569891109
2793274293
1569946295
1569660578
2808610479
1569828545
2786281439
1569838734
2592825184
1569680264
1569758850
2070025553
1569933569
2786274156
1556814553
2774393207
1569747633
1569943660
1569755784
2789718746
2774523525
2592838607
1569827871
1569688322
1569894567
1569740729
1655527883
2774359247
2807151892
2813018069
1569943479
1569901733
2070078140
1569717299
2593085914
2592920710
2795265309
2807689245
1569848518
2786339326
2788713942
1569825130
2774443486
2789118312
2600156427
2593018861
2786234877
2786291881
2792913060
1569753638
2592795565
2809021520
1569942577
1569841120
1569951679
2592944778
1569892056
1569677890
2807764367
1569663635
1569878772
1569872020
2799316185
1556668023
2070044973
2792527511
2789046180
2592805347
2807256078
2814714132
1569700095
1737774386
1569883690
2774433976
2774346247
2592792085
1569665057
2597709096
1569679035
2592807352
2592858170
1569928910
1569738511
2786216649
2600485251
2774446364
2592847290
1569675128
2070020148
2593058325
1569851558
2592847177
2774410548
1569815670
1569945390
2786319043
1569807481
1569829273
1569803102
2786242828
2774402940
2786217415
2070070261
2070033137
2592954525
2786317801
1569682509
2592860484
2592789709
1569746510
2593032712
2788221660
2593061447
1569806736
2592798199
1569827994
2799800386
1569893246
2774400415
1569720491
2594454947
2070040497
1655679918
1569900584
2592798155
2713614475
2786223422
2592799140
1570011993
2807082888
2592977412
1570024052
2070016670
1569948610
2786272887
2808150424
1570017290
2812437921
1569660151
2774436178
2800740300
2599683328
2593051413
1569705439
2809004088
1569850301
2813044535
2786259765
1570007901
1569657239
1569945323
2774509760
2774373370
2592792395
2786233570
2807163076
1569753666
2774351647
1569918556
1569711422
1569675466
2600164403
1738198537
1569900252
1556397631
2593057191
2600158610
2787762839
1570041415
2799238800
1556591551
1569809844
2774389803
2594272120
2806011994
1569843570
1569697728
1569679441
1569920594
1569715901
2774351561
1569951293
2592793675
1569672974
2786211908
2600235565
2600590606
2603735731
1569688526
2786227305
2774436777
1569858785
2799238828
1569948817
2786237106
1561573876
2774419714
2774471308
1569928338
1569825939
2786274551
1569816505
1655566609
1569697603
1569930476
1569670966
2786306853
1569817235
1569684452
2592981044
2799534150
2677779414
2592791739
1737778471
1569697564
2600163782
2774402095
1569677688
1569899096
2774439084
1569899255
2793078812
1569921254
1569953354
2792835859
2786240685
1569762037
2592830553
1737779099
1556083516
2592796081
1569900465
2070045033
2592802595
1569832978
1737205063
1569946677
2812413828
2793036469
2594553848
2807158734
2774444942
2603560320
2594523148
2787727867
2796434976
2592839950
1569940315
2600163505
2792897832
2786256972
2809003638
2786218847
1569913721
1569928498
1569658227
2796634127
2070038200
2774344360
1570021105
2808985841
1569888815
1569752276
1569814688
1569712720
1569920363
2774399403
2603417840
2786284269
2594281465
2592798369
2786252535
2813221133
1569666579
2774414959
1569845882
1569665523
1570007958
2070071175
2786331479
1738137270
2774319215
1569949923
2070046159
2807302302
1569871403
1569937716
2593643940
1569676302
2812831822
2594553469
1569750117
2795428672
2594556124
2795438105
1569819132
2592939070
1569933784
2594093366
2786323699
2592805326
2070031097
1570028765
1569843537
2804612639
1738160107
1570027278
2592803216
2787903586
2799140006
1569907483
1569841203
2808783002
1569929705
1569665554
1569683363
2774484569
2592951974
2774386673
1569675882
1569896900
2070071903
1569836383
1569659851
2774328177
1655590500
2787809377
2788714192
2786254596
2786278055
2592812876
2808995959
2786307291
2786282428
2786315992
2603416016
1569723142
2792866531
2600156863
2592847357
2070035742
2592790109
1569835887
2786221871
2807154179
2789361889
1570009328
2070035585
2774393968
1569821245
1655208169
2592869338
2793197926
1569913025
2787777995
1561263926
2592969164
2592788469
2774351509
2592984302
1569668076
2790003397
1737775466
1569753105
1569659603
2787809435
2787937715
1570000978
1569947359
2792722190
2774447678
1569911031
1569686614
2786322418
2592946786
2803839792
1569737921
2786322377
1569715196
1569834305
2070016730
1569900486
1557837245
2592815529
1569671439
1569708316
2808146254
2593094534
1569873591
2070039442
1569900701
1569803706
2592851994
1569884088
1569816725
2593076517
2070022193
2593097427
2601487711
2592794269
1569680546
1570040765
2786364776
2592796734
1569715253
2592793582
2774388512
1569753878
2808986397
1570029128
1569690997
1569702980
2786323829
1569922424
2809030201
1569805114
2070030530
2774520341
1569667394
1569863063
2593027699
2774350626
2592800379
2786212438
1569852123
1569953479
1556335926
2786310476
1569879186
2774357437
1569837351
2808359473
1558263438
2786232954
1569836342
2808148927
2786243702
2592990534
1569716333
1569677775
1569874700
1569692532
2592803564
2070029776
1569682085
2593088588
1569856672
2070046712
1556100415
1569915034
1737774054
2593041538
1569816994
2592854221
1569890661
1569758687
2774396082
2786251071
1569660273
1569887484
1569849654
1569804937
2592791426
2593016639
1556826078
1560539807
2786296159
1569812731
2593052053
2592791557
1569916304
2796437974
1737778994
2786258663
1569803396
2792781776
2676757315
2592792063
1737779147
2676665399
2788680520
1569871418
1569663540
2592955997
2774337948
2787777720
1569830421
2592985411
1569844816
1570010824
2786320986
1569661044
1569750998
1569688675
1569685719
1655745225
2592817110
2786216832
1569894460
1570028099
2070022297
2774318279
1569745614
1569849274
1570030763
2602715357
2676864894
2774454580
2786231844
1569897558
1569693340
2592813945
2593620632
1556972831
2809002260
1569852015
2814059784
1569754262
2799629134
2593054738
2593085765
2592826012
2812411434
1569951155
2795255393
2592809431
2592922664
2593050953
1569927104
2788123870
2790493662
1569659121
2786358879
1569851194
1569951694
1569757855
1569735061
2795241942
1569825850
2814028946
2808792833
2592843282
2601509162
2070045117
2592971586
2808774736
1569711408
2597758641
2786316568
1569850246
2792836282
2594056700
1570020376
2774411610
1569944881
2809006988
2600161196
1569871064
1569825410
2774431032
2774437918
1569852298
1569731782
2814036201
2808459274
1570038230
2786325064
1736443296
1569753969
1569921045
2599693018
1570014556
2792985719
2786253538
1569897197
1559149106
2786222252
1569917628
2774366563
2786286398
1569848570
2774476010
2592806676
1569918079
1569820917
2592994621
1570029702
1569679979
2774458515
1569869939
1569872905
2786244272
1569737229
2593087927
1569693845
1655516094
1569907580
1570008768
1570016329
2794802928
2592801470
2592831869
1569818541
2592836663
1569673255
2594350871
2592920690
2774373688
2807151961
2793248906
2594255593
2786211877
2603520318
1569724972
1736877091
2070067975
1569808585
1569937978
2774342547
2774373353
2600510429
2774388844
1569877629
2793538282
2676971639
1569662604
2792505345
2677411824
1569816544
1569673151
1570012766
1570029299
2592840017
1570027265
2788287282
1569664619
2774445502
1569840695
1569658735
1569662480
2738446649
2788129597
2786251189
2774424825
1569752058
2774336090
2602923815
1569672323
1569892567
1569930502
2813717326
1569715597
1569893005
2809057729
1569762118
1569759363
2786233480
2793388098
2786295079
2786319854
2808148881
2788241169
1569812212
2788121409
2787996016
1569672137
1569923402
2786285753
1570011363
2786274989
1569850577
2592948535
2785385438
1569826653
2592863107
1569945831
2774356164
2594258607
2788713914
2792922016
1570017082
2786331614
2774396196
2600600850
2774440849
2808836767
1570017451
2592799799
2592790242
1570011293
1570010721
2070046781
1569951711
2774345204
1570020631
2792549959
2592788596
2070045524
1569818646
2592817696
2601470896
2594553822
1569953397
1569906072
1569949080
2786313717
2070042658
1569937903
2592977111
2786322406
1569806061
2807253220
2786221572
1561205415
2592803960
1559510263
2603703945
2786231641
2813075141
2774318068
2774420975
1569682983
2592802439
2787721940
2813075283
1569696738
2593005756
1569942937
1569729302
2774372802
2592935954
1569887299
1569870927
2809001453
1569740251
1737777206
2592984124
2786279247
1569734349
2786348201
1570024400
1570041252
1570016146
2592890418
1569828567
1569759270
1570013973
1569760935
2070018199
1569695104
2786332628
2592819313
1569846092
2803442710
2070022005
1569739847
2592794490
1557840616
1569918394
2592796966
1569882187
2774364680
2786276659
1569672067
2593037357
2592807373
2786299577
1569888785
1737774514
1556802822
1569884543
1556304104
2789526302
2592797295
2592836958
1569692995
1569858612
2774384951
2787737772
2812579414
2808777076
2592801856
1569677363
2786261326
1569719424
2683041528
1570033482
2774425348
1569851356
2592827393
1569670980
2807211783
2600380022
2774338843
1569743333
2593005370
2070022224
1570031024
2786250458
1569948903
1736943032
2592839493
2070022169
1559613128
2786273555
2786215029
2592938376
1569813421
1570008876
1569657104
2796438571
2774351372
2592792134
1569750387
2807765023
2070035781
2774427800
2792923352
2774391484
2592947295
2809307074
2774452671
2774402998
1569927747
1570020102
2786317999
2592813190
1569911988
1655469227
2592806747
2593010516
2592959213
2788239007
1569694501
2808434006
1569862081
2786316556
2592838556
2601404813
1569928779
2774408127
1569758183
2788123848
2814149233
1569914908
2786319868
2786212963
2774373578
1570031318
2592791056
2787762736
2786221820
1570028910
2786319882
1569660624
2809048609
1569893964
1570015381
1569747689
1569908019
1569949525
1569898551
2809133883
2774525017
1570016798
1655536534
1557478850
2070035330
2592789289
1569943109
1569915706
2774380156
2070027533
1569939173
2786210999
2592802981
2799110994
1569815178
2774499497
1569741084
2602659167
2808532656
2774360385
1569739954
2592805594
1655654473
2774443564
2592807929
1569737596
2592799056
2786315938
1569701858
1570016174
1569888799
2592812222
2774407466
1569678516
2070054961
2592882561
1569839751
2774408110
1738075305
1569938939
1569685289
1569906056
1570028543
1569850807
2678606012
2792954633
1558553530
1570030104
1569942382
1561170281
2812679249
1569803918
2601406390
2592798310
2813609252
2774402280
2070037067
2600256556
1569762555
1737777321
2808771463
1569903987
1570022932
2786322947
1569824369
2786234382
1655621152
1569709360
1569921003
2070016990
1569658836
2592828388
2774382447
1569852849
2786215224
2799094427
2806784426
2786321119
2774503831
2593075878
2788680428
2786241226
1569824695
1737777555
1569818110
2786287391
2592797188
2070055007
1569670484
2592852404
2601481522
1569656156
1569722365
2791159868
2774442691
2812780448
2786257325
2592800684
2809148336
1655678769
1569910525
2594253365
1569665302
1569838490
1570006122
2774404212
2592791869
2786292815
1569880829
2592860241
1569678835
2774425310
1569710267
2592980229
2788123972
2592807801
1556343609
1569668062
2592827752
1569848213
1569755112
1569687535
2592828020
2786328693
1557106717
2774484535
2774360926
2593050676
1559745676
2786323360
1570015763
1569660255
1569899354
2792549771
2786324551
1569918361
2808532309
1569905401
1569869460
1569842007
1569921443
1569948501
1569913957
1569891688
1569762088
1569697984
2786247574
2600158252
1569754661
2789361948
1569835669
2786274359
2809011579
1569665926
2774409375
1569747954
2592809178
1569829133
2592957163
2774358881
1569897609
1569671341
2593049286
1570037792
1569863576
2786254998
1570039489
1569842249
2593055003
1569825783
2786236071
2592795029
2786297009
2592977987
2592989157
1569949573
2796433898
2786240200
2786224981
2786294680
2774400428
2681367348
2774431878
2774401281
2070050838
1569829286
2592792046
2774336861
2786253700
2774423195
1569677904
2786322935
1569850827
1569842540
2593065858
2788713993
1737779355
1570016861
1569947372
1570001080
2593994947
1556527351
1569947936
1569878046
2734904211
1569946280
2786235982
2602566551
2786342431
1569698960
2774396833
1570017023
2593499516
1570034214
1569674858
1569734231
2808244997
2810193856
2774345786
1569929790
1569753852
1569830284
1570015812
2786291929
2592807483
2593081702
2809042658
2070048982
2735775098
2813652883
2592787307
1569677132
2592788168
2592807464
2601446815
1569848889
2593094748
1569668919
1569877288
1569917582
1570007433
1569684056
1655617014
2809001493
1569945811
1569750101
1569739874
1569804751
2786256481
2774509171
2786237131
2774396740
2593035409
1569695691
2809030844
1569906112
1569673431
1569670212
2070047038
2602410065
2774349546
1569859177
2593072333
2809030808
2592799073
2786280320
1569666811
1569663037
1569840479
1569819486
2699594832
1557716021
1570011540
2774373117
2809144038
1569731445
2786321420
1569849289
2774344857
1569708759
2786237119
2593456815
2602905453
2774392299
1569838835
2774394638
2592993528
2814186921
2593028943
2070048606
1569820256
1569755766
2786351831
1569660506
2786338990
2774519695
2592842878
1569906303
2792954956
2594801893
1560292851
1569835432
2070032141
2786326914
1569814506
2600297097
1570016647
1569910360
2786347291
1570014192
1569835994
1569831847
2786355604
1569942690
1569938306
1569756951
1655484817
1737777249
1569841761
2592986126
1569673824
2592828743
1570015889
1569664314
2592814978
1569944090
2592847267
1734001541
2592965478
2592812085
1569736553
1569857473
1569826326
1569807271
1569888918
1569885649
2786301837
2807161827
1569682216
2592795206
1569678993
1569657797
2793197907
2592793370
2592856458
1559732252
2786319057
1570016547
2787925624
1569928214
2786255170
2774519710
2786299504
2593079801
2593095055
1569812548
2808984743
2806021838
2774394012
1569724444
2808150537
2786273518
1569815578
2593032608
1569879254
1570040569
2774336482
2786274257
1570009696
2774443981
2786287202
1569950131
1569810110
2790530592
1569905952
2593059460
2786233516
2805386092
1569947544
2787729687
2808216901
1662418041
2809025610
2788680657
2792914256
1569922828
2592847223
1569865176
1569762426
2592837238
1569814411
2796458652
1569827382
1556282108
2597785628
1569683810
2592803893
2593031217
2774455359
1569876028
1569679424
1569839936
1569750948
2788959673
2592994431
2786244402
1569710322
2592958383
2593022857
2070068307
2774390999
1569899306
2793274542
1569812813
2774443332
1569935759
2786309352
1569872709
2786328905
1569880364
2809044566
1569847392
1569673222
2807124829
1569674777
2774501836
2592793650
2592956735
2592794398
2786235251
1569666621
1569717313
2801921024
2809407416
2592959161
2070046695
2592814817
1569676933
1570012353
2592805305
2592847471
1569862109
2786211967
1569848410
1738187587
2592828170
2786318025
1561800741
1569874773
2592814002
2788959696
2786328135
2786281417
1569753221
2592821808
1569760627
1569859307
1570010669
1558369619
1570015471
2592808470
2774406211
1569840438
1570011276
2070033511
1655680120
2774424180
2774495005
2799901032
1569946553
2787759906
1569910574
1569723531
1736876776
2601510678
1569838753
2815037481
2070026861
2592963669
1569742911
1569680351
1569684856
2786282976
1570008916
2593064837
2594354881
2774422603
1570030029
1569854971
1569927611
1570029405
2786307848
1569859861
2806627093
2592976161
1569723315
2592796035
1569837515
2809391885
1569713261
1569835957
2788261846
1569943835
1569692670
1655214873
1569917243
1558481778
2787809189
2070015735
2805484286
2592838234
2788659942
2070033582
1569734657
1569811218
2807516580
2070071329
1569902902
2786232480
1569758222
1569939787
2593035839
1570008158
2070028572
2600212779
1570028671
1569848039
1569946061
2070047750
2593058408
1569698115
1737777596
1570010942
1569865209
1569820126
2812808758
2774386864
2592796477
2812680936
2592794691
1570011413
1569730401
2592797682
2593083563
2774502480
2774349417
1570018075
2788287304
2592894496
2787937763
2796434807
2592810625
2592805553
1556092690
2595013514
1569816285
2592799776
2592799655
1569943565
2802898339
2788961460
2592800755
1569944216
2788959751
1569673687
1570018057
1570016515
2593614476
1569874518
2786238621
1570007402
1569726048
1570027211
2786216074
2774424882
2786273829
1569803145
2592866492
1569751014
2070022664
1569945899
2812795541
2812579496
2786309318
2594262396
1570010865
2774373285
2808811547
2774412794
2070028300
2786218146
1569752374
2787800708
2812670751
1569675189
2600156850
1569808906
1557188554
2786229271
2805988517
2774500537
1569945720
2786332750
1569863327
2592793200
2774515756
2774392039
1569682705
1569685133
2792923770
1655671256
2786252944
1569716379
2592826523
1655465432
2774445476
2786281145
2774326757
1557912587
1569694762
1569694323
1569717912
2774451155
1560465902
2592789372
2774386731
1569685147
2593678608
2795206058
2812569541
2774395363
2593061509
2809039392
2786325078
2600238809
1569656289
2774471097
1569923260
2070045823
1569837555
1569711649
2786233408
2592984553
2774370963
2070035231
1569871308
2070033096
1569871094
2592847605
1570021073
2774492620
1569840031
2592841829
2592805925
2786328012
2592799485
2786328123
1569950334
1570014967
2799002509
1569674006
1569847973
1569931239
2680616534
2786243465
2593098587
2592962809
2592791127
2592813806
2774442035
2592868950
2774390598
2070044897
2592788690
2592822242
1569846636
1569912969
2070024956
2592796528
1569735360
2594273759
2787822643
1738155279
1570028472
1570024245
2774450834
2774387195
2592788575
2592842401
1569819879
1569718595
2592984834
1569733046
1569717923
2592805665
1569828427
2593019858
1569922733
1569758359
1569820983
2787809355
2808145178
1569715262
1569747972
2774359898
1570015830
1569734096
1558104873
1655514452
1569753609
1569813897
1569754328
2593087891
2593079542
2774508701
1569945364
1569943705
1569749794
1569889463
2592829635
1569672752
1569946792
2787819077
2592842767
2788132296
1569805742
2601493929
2592814062
1569715875
1569728013
1569754588
1569944847
2786260051
1569803372
2794720941
2786324001
2809590550
1569664843
2593099422
1559223522
2594553537
1570032711
1569931224
2592813841
1569904379
1569836814
2774449588
2592800729
2786319323
2798999680
2774387220
1569736560
2801702247
2592807589
1569678141
2592843305
2594296000
2786309291
1569897891
2592796715
2786233588
2593087123
2592803287
2070039372
1570014950
1569759377
2718820267
1570031392
1569870416
2592812740
1569697540
1570034539
2600315244
1570035850
1569874061
1569805055
1560716656
2812512630
2593082172
2809071437
1569658549
1569935142
1569723678
1569752249
2786239888
1569754567
2786298188
2774361362
2774441931
1570021804
2786261340
1569725991
1569953496
2809429167
1569869495
2788961412
1569669807
2774491567
2790235628
2809144021
1569671865
1569717031
2593063875
2814325975
1569678370
1569921410
2592798729
2774386839
2786212937
1569690430
2809013892
2774455698
1569838537
1569703977
2809071151
1569680877
2594463694
2592798237
2593110863
2813201979
2774427547
2799089235
2810270337
1569695465
2801019667
1569694711
2070040823
1737777228
2774419110
2786326938
1569882952
2801762160
1570040776
1655739499
2592799423
2786240657
2786312880
1569666697
1569882663
1560341929
2807462792
2795306638
1569892763
2786313960
1569670640
1655642585
2592831111
1569935155
2814036115
1569852075
2808244848
1557284521
1569704408
1569746841
1569686549
1569727627
2774391453
2592805380
1569703754
2812759013
2070043604
1569948338
1569920670
2593020249
2592807650
2806720047
1569710427
2786244958
1569838245
1569805141
2786323528
2592796269
1569913902
2592959387
1569816487
2592792928
2592797123
1569948486
2593002539
1569951662
1569894411
1569719007
2801871739
2786234366
1569890367
1569891636
2786260691
1569679611
2070030039
1569923349
2070016962
1569696892
1569809356
1569953675
1569853730
2594261791
2600236392
2787992575
1569850650
1569900310
2806721757
2593028957
1737779706
2070018186
1569710315
2738203736
1569848959
1737775029
2813057075
1569806900
1655510911
1569919486
1570006772
1569662047
1569680643
2774344559
2799244017
1569816349
2786353827
2786306795
1737777790
2594583713
2815170096
2592794240
1569675314
1570038189
1569849614
2788659571
1569717019
2809034873
2786336588
2774451550
1569819826
1569716418
2786244882
2795241639
2592922616
1570011204
2697077887
1569743000
2592856541
1569752532
2592974405
2786221079
2593055858
2774442987
1569672446
2789179075
2593086047
2593063821
2809138192
2592796901
1569690983
1570009568
2592994391
1570014493
1569822391
1569815310
2788684240
1569667728
2593994651
1569668527
2799391677
1569673238
1569841640
1569760875
2774400854
1569741922
2593645853
2812668121
1558848907
2774324596
1569849321
1569844087
1569754043
1569663438
1569716567
1569818781
2593010356
1569873329
2786253681
2592799277
2593042386
1570009311
1569885329
1569833615
2789332720
1738273690
1570010553
2786243680
2774436000
2807060831
2592847515
2774351343
2592797435
2592814993
1569918295
1569677871
2774476498
1569704382
2593014342
2809145625
1559282991
1655639759
2786239393
1559140817
2070029760
2592945959
1569656376
1569913078
2592968665
1569840130
2813157415
2812418306
2596861874
1569928243
2786315280
2774447659
1738160403
1569890839
2774389658
1569905480
1569667742
2070022114
2070029403
1569930577
1570018657
2592813463
2809525615
1569840500
2592801233
2786274835
2774363740
1569734011
1569948133
2592814366
2774392239
