2789375291
1569747972
2593037357
1556141167
2592790059
1569918556
1569670376
2597785628
1569943316
1569803549
2593052516
1569939205
2786216820
1569911086
1569874528
2600230716
2592787270
1569670498
2786325078
1569859307
2593091885
1569738351
2812761704
2594464253
1570033685
2592844164
2593678806
2592862719
2592797556
1570032607
1569822337
1569858960
2593087927
2592799567
1569717923
2070029526
1569948645
2809000311
2812890275
1569741922
1569714124
2774420316
1569663540
2788013945
2070048606
1570015191
1655494551
2592871883
2594261791
1569668378
1569848718
2592794453
2786260051
2774441795
1569657424
2592830723
1569683080
2070045302
2592819164
1569875302
2592841268
2786235584
1569832546
1569850374
1569758102
2786224965
2603001815
1559140817
2070077507
1570018075
2808774698
1570015381
2592836820
2070017257
2801757148
2593055003
1569951694
2593094748
1570015249
2593079815
1569671351
1569905997
2774425321
2786261481
2795306638
2774509591
1570015054
1569736111
2774359917
2592801207
1569912989
2807523228
1569852298
2603560320
1570035850
2809185090
2813222970
2774350513
1569948441
1569835029
2070028572
2787741497
2593054752
2593048146
2774346247
1569910761
1569760875
2786322935
2807264551
1570000488
1569812565
2600158692
1569733969
1569825783
2592800498
2789542687
2786258663
1559620874
1570007901
1569680877
2787791539
1737778196
1569928994
2808995939
1569869829
2592799334
1569933569
1569731401
2788144995
1569682277
1737779792
2788153424
1569820718
2593094788
1569921576
2592845223
1570016798
1569944638
2592803995
1569669730
2793274293
1569699903
2593354160
1569730669
2774326717
2808783521
2070048591
1569749462
2592800822
1558481778
1569680457
2786293032
2774441866
1569938954
1569749998
2593013974
1569682983
2603783870
1559509860
2807282994
1569931239
2774442987
1569672123
1569923260
2592860241
2795656303
1570038687
2070046391
2786363293
1570016109
2593620294
2070019787
1556397741
1569945338
1570011691
2793072821
2592794810
1569709360
1569755766
2070018264
1569880364
1569825802
2603781433
2799386810
1569658651
2592801638
1569713121
2593087123
2774339563
1569919640
2786222237
2600354887
2795428672
2603479570
2786324001
2794825486
1569894129
1570030104
2070046402
2594580204
1655590500
1570011204
1569687444
1569885486
2592794865
1655652014
2592798578
1569715614
1570015854
2809056290
1569657929
2793109563
2070044245
2592838289
2787808047
2786218770
2787822748
1569709837
2793109909
1569679021
1569951089
1569752532
2593075878
2799189590
2786254116
2786249496
2774402812
2809213838
2806615739
2774455631
1569920670
2774328177
2070027912
2593994947
2774391546
2738446649
1557716021
2786227957
2774446500
2786219105
2735775098
2774362237
1569844326
1561658281
1569915823
2601481493
2786331614
1569853612
1738207469
1569667654
1559852508
2792843217
2592840894
2592871807
2774387220
1570014002
2592827640
2070038947
2603782091
2593103074
2592795080
1569915891
2786238933
2774433455
2774424676
2812451817
1569663635
2070032036
2774409375
1737778471
2592788407
2592803755
1557636153
1570032626
1569715770
1569913217
2774515756
2738480127
2592882016
1569871460
2070033096
1569920615
2809004688
2592801511
2070044973
1569934859
1570011363
2592799294
1561257376
2812569500
2786292942
1737777673
1569839751
2774500362
2774390999
2593027954
2774379208
2808616121
1569854843
2805487278
1569698496
1569906219
1569756590
1569666017
1569890788
2593041556
1569735247
2787903518
2807152744
1569758359
2774373860
2592992837
2805478756
2593023381
2592803688
2786320260
1569708294
2807124829
1570000434
1569838753
1569828567
2774485662
1570039926
2070067986
2786258619
2070067833
2601053342
2592813623
1569662019
2592806676
2774385951
1569689218
1569949610
2603310344
2798965147
1569949512
2592801402
1569656076
2774447659
2592882589
2774395658
2592982220
2592794269
2786318605
2592806285
2786246719
2070053562
2786221079
1557818707
2786288530
2793622231
2786243092
2814512032
2592798181
1569902806
1569950334
2593101402
1556335588
2070021536
1569668527
1737611609
1569940616
1569839902
1569826281
1569874700
1569750934
2592788832
2786253810
1569874183
1569662099
2812565754
1737188593
2813075141
1569870385
2601678808
2774410548
2070033448
1569750117
1569665568
1569664270
2787721594
2593052036
1569916432
1569943368
2593062072
1570011474
1569949525
2603672976
2786313863
2812454852
1569804751
2592793650
2809015301
2593061525
2794578474
2592807373
1560292851
2809030080
2592854221
1569811511
1570034343
1569674858
2592828020
1570006772
2592795029
2593095879
2677411824
2786354797
2809118245
1569665609
1569868898
2792823762
2592963153
2592824228
1569869924
2593059927
2592789000
2592797378
2594274002
1569927747
2070077208
2786313899
1557064850
1569703699
2592799679
1569669472
2786313176
2774333362
2774343488
1569828383
2592851898
1569897558
1569656376
1569750984
1655725719
2792469177
2786300722
1569672095
2774316959
1569839460
2814267579
2786294189
2786323203
1569812813
2812759013
1569835859
2814149233
2593027699
2809478722
1570008173
1570013101
2814232194
2597799022
1569681543
2786219937
2789954046
1569720335
1560445414
2786399897
1569820642
2791111467
2593014387
1570023243
1569747062
2786319085
2786315938
1569917243
2592865547
2593013467
1737779377
1569868577
1569746813
1569672432
1569852030
2774402612
2070035330
1569832333
2592789372
2814036001
2592832200
2786275151
1569815157
2592858130
1569949591
1569862081
2774392880
1569688310
2070027088
1569859861
2786339491
1737777130
1569884104
2592823396
2774425005
1558369715
2592795876
2798958937
1570026918
2808783002
1569656226
2791257674
2774319234
1570017023
1569697540
2786235705
1569690632
2592805443
2786226111
1569738311
1569921539
2603703945
1736416412
1569948817
1569741024
2593068637
1569673059
2795396007
1569658735
1569848997
1569906276
2593104722
2600361104
1569820738
2774394827
1569680560
1569815578
2594418801
1570019298
2787755283
2592801163
1569913939
2787850658
2774443648
1569885664
1570016577
2592821857
1569822102
2774382447
2807158734
1569948627
2593060199
1569859593
1569734096
1569683782
1557065664
1569680822
2592977987
1569891589
1569672067
1569927611
2774410949
2070022561
2070048875
2070029562
1738075305
2801617738
1569733827
2592986126
1556508133
1569948384
2593077473
2592801353
1569887150
1569882304
2592935936
2592858607
2774380946
2592876127
1570026953
2592813513
2594311286
2592797026
1570000978
2774378447
2774451974
2774343226
2807765192
1569670456
2592855356
2594254849
2792954633
2793059841
2593028943
1569849321
2593044046
2774393845
1569755448
1569894399
2600315244
2788659546
1569929182
2774455555
1569669748
1569719443
1569902703
2786273555
1570023151
2786299808
2791058812
2592791574
1556438923
1570016295
2774345951
2796434887
1569874773
1569947842
2774352192
1569691905
2786312898
2592837238
1569855598
1569715253
2592794654
1569928243
1570020688
1570041152
2594523148
2808992281
2592807698
1569944353
1569911395
1734043326
1569838089
1569888918
1569905480
2592843112
2786354016
2792954610
2592895473
1569947286
2809525615
2774442035
2786336208
1569666102
1569893849
2774370705
2592789726
1569835432
2807283051
1569804225
2786328258
1569683523
1569708328
2807154283
2787903608
1569934690
2774331658
2809055046
1569678993
2592975776
1655673180
2600158647
2788472548
2774336632
2592821972
1569951390
2774386773
2593031233
2788659594
2786286389
1569921443
1569739847
1556309712
2788132296
1561573876
2070030296
2793654589
2593014558
1569762018
2787809791
1569918064
2786283266
2592960686
1569677730
2786239053
1569742411
2774380458
2593032608
2593099818
2592792414
2786254369
1569838835
1569846040
1655566609
2786221442
2794802884
2594273759
1569724406
1569834674
2809590550
1569685620
2807765042
1569864998
1569732013
2788120378
1569938589
1569906303
2070016975
2786238953
2790929568
2789363521
1655617014
2699594832
2786259765
2593076295
2786255558
1569803870
2788287260
2774373054
1561226239
1569892393
2799316185
2808806004
1569827030
2793277593
1569678412
2070041015
2070054877
1569675706
2735849094
1655518752
2786355808
1569944441
1737775029
1569667363
2808783060
1569677132
2594553469
2592799140
2592801552
2774495730
1569715262
1569846636
1569744841
1570034197
1569930489
2808628837
1569871025
2787729687
1569888844
1569683539
2792690746
1569949267
2593683403
1569719117
1569906757
2774424814
2786280872
2774384951
2786368117
1736864731
1557211877
1569830284
1569819678
2774504441
2592845740
2592933942
1569702980
2786256481
1569893246
1569838340
2592899888
1655214727
1569944216
2774519710
2786216236
1569712483
2774411693
2806867137
1569678981
2786331479
2592820169
2786238853
1569942369
1569923328
1570016207
1569842491
2594350871
1569673255
2774350626
1569818781
2809294439
1557777284
2592944329
2812831896
1569727640
2594595903
1569675435
2789364520
1569843479
2786220324
1569743127
1569841640
1569949934
2786306853
1561676449
1569667907
2808148663
1569743473
2806718825
2774334291
2800732357
1569840708
2786215369
2801871739
1569669093
2592810965
1561170281
2592789123
1570010398
1569954110
2786299987
1569679441
2806011994
1569723272
1570010297
2809039392
1570031335
2593084179
2774426020
1558553377
1569806736
2786256908
1569836012
1569740251
2592795451
2592808793
2786278513
2808221513
2601474790
2774400415
1569911988
2774436777
2786254892
2812766784
2792897832
1570040806
1569682394
2592799638
2592836322
2807958378
1569821158
1559149155
2774389820
2813044535
1569760627
2592812239
2593086004
2594427388
2601427197
1569728289
1570034526
1569941631
2787739859
2786358879
1569737236
1569848039
2786221430
2594514058
1569659575
1569666697
2813877828
2593063875
2592790742
2774362944
2792837661
1569822322
2594261537
2774405336
2786328135
1569679035
2603416016
2774342831
1569838537
1569944182
2774388512
2593468365
2593069986
2592895428
2593076145
2813222304
2786240685
1569843570
1569949148
2815094874
1570032680
1570016950
2786227305
2592831320
2774395621
2774417328
2070068660
1569851336
1561447277
1655469227
2774396639
1569843630
1560765828
2774501161
2786323421
2786254145
2774427409
2786313249
1570024400
1569762667
1569810730
2683595520
1570006969
2786243104
2812678703
2592827463
2786282428
2070029821
1569846428
1569723258
2809071151
2592848229
2774408817
2592834932
1556283625
2795304052
2774509171
1569916317
1569656704
2786272430
2592801368
2774396906
2774492620
2786231844
2592798237
1569931224
2592796901
2592800522
1569715403
2774441666
1569891621
2070033395
1569753694
1569906056
1569684006
1569946677
1569871064
1569676943
2592799692
2774396833
2600266267
2789532078
1569737536
1569750101
2786307209
2788713914
1569755784
2786252561
1570012117
2774349668
1569847940
1557776894
2774410781
1570019120
2808989013
1569948327
2786319267
2593059460
2592795138
2592977745
2786222300
2592789975
2592906929
2774373353
1737775315
1570014493
2600518824
1569935740
1570017174
2786276853
1569825707
2070016962
2774499916
1738187572
1569923402
1569727627
1569904561
2807135464
1569658836
1569659641
2774373421
1569952241
1570020879
2774362883
2774360281
1569806928
2774437918
2592813065
1569885329
2786313619
1569703977
1569808705
1569831287
1569918120
1570015441
1569918394
1569832504
2593059229
2774415135
2786212872
2600158438
2593051726
2774345064
2593648651
2774482789
2592821750
1569715927
1569673027
1569890860
1737775466
2774326565
2592793778
2592798310
1569864349
2774424180
1569687765
1570014556
2592802803
1570014537
1569932229
2070022297
1559244969
1569715839
1737114848
1569667742
1569681038
2786271750
1570017506
2070039112
2592959778
1569944619
2774391707
2592858579
1569715134
2070019573
1569703735
1569807554
2592843305
2809003968
2592787886
1569938504
2774431878
1569839087
2070046712
2792835859
2732359684
1569921045
1569889231
2786238621
2774332281
1569705151
1569839511
2812579458
2793388098
2593060215
1737779706
2786214737
1569815781
2807162634
2592796660
2809013779
1569944161
2592816862
1569911619
2593037185
2592796146
1569676933
2593009940
2774428041
1569852059
2592798615
1569951323
2786322406
2793084575
2592812553
1569879478
1569840461
1569814874
1569943850
1569888815
2809148336
2791055340
1570033720
2808771463
1569944032
2070016990
1569736189
1569829303
2786355870
1570016762
2592959691
2809030201
1737775304
2794802928
1569715365
2774431011
2798998423
1570033764
1569906205
2809004665
1569803396
1569662324
2592870798
2774342439
1570017990
1569674628
1569943400
1556343609
2787903586
2812832566
2809047645
1569752058
2592974405
2070046590
1556826078
2070022169
2070035635
1569841120
1569949000
1570033878
2792866531
1569832578
1557284521
1569830421
2809279475
2594534463
2788145017
1738122841
2789179075
2774507836
1569673767
2786303917
2592803975
2592839531
2786219147
1569685423
1569907580
2592807018
2789532054
1569680298
2792505345
2793276171
2787752524
1569892508
2786328012
1570008577
1569927243
1557333415
2593017951
1570037862
2593099422
2592796369
2774370544
2594255184
2808244848
1569887299
2812679272
2592795271
1569928214
1569706839
1570040912
2774499497
2774345204
2592995946
2786288133
1569803068
2786244402
1569696960
2813878955
2786320518
2786233274
1569733046
1569905808
2793341208
1569663407
2678591237
1556667161
1570030003
2592805910
1570012594
1569666358
1569910742
1569850534
2592791144
2070046644
1569948583
2786282976
2592966385
1570006791
2592803813
2792931610
2601476312
1569726003
1556187993
2786211877
1569906409
1570039465
1569945140
1655456113
1569682705
2786323191
2791159822
1569683393
1569731048
2786338990
1557906023
2774373688
2786274317
2812667788
1569939380
2592810033
2774389677
2592795611
1570019698
1569835609
2796437974
1569910574
2786256941
2592859892
2807135256
1569694501
2592797682
1569762054
2593022617
1569872033
2738445906
2070027414
1569684452
2774405520
2800723228
1569736553
2786240672
2774332233
1569929154
2603743617
2592966045
2774443332
2792840758
2787777812
1569711450
1569678593
1569684531
1569664814
1569947956
1569823467
2592806459
1569942971
1570016329
2070015407
2594273296
2676820692
2814139509
1570032361
1569754043
2786364537
2600156427
2592805882
1569670403
1569816505
1569805742
2786242995
1738137284
1569893947
2786295079
1569668062
1570011707
1570015471
2786241728
1569680511
1569843509
2808811547
1569913097
2593032712
1569670054
2592817110
2592795206
2804652664
2600164313
1569736681
2070026409
1569899233
1569916770
2600236392
2592842767
1570010824
2793212477
1569715914
1654746487
2592948785
2592945959
1569694807
2070023343
1569852559
2793622269
2592797173
1556527351
2593050690
1569736063
2793042047
1556829086
2774401572
1569659851
2792923748
1569882042
2774436178
2070040875
2592983744
1569839563
2592793200
1569752646
2804653116
1570009369
2774321550
2593010516
2592868131
2786273238
1557024074
2789946922
2812544466
2592965417
1655726608
1558982527
2786344958
2774441834
2814322561
1569853514
1569883803
1569668425
1569843041
2774331441
2786309291
1559732252
1569665539
1569951278
1569847953
1569873605
1569873591
2774446583
2793298897
1556984236
1569850650
1569948473
2592852420
2592889727
1736416359
2813735340
2799238800
2786424013
2592831111
2774424863
1655741498
1569674132
1738216252
2593103855
2786223469
1569754057
2774411046
2786327888
1569953989
1569669772
1569675189
1569823525
1655516250
2592825335
1570015136
1569746604
2786313162
1569824369
1569730401
2786259562
2592803097
2594430183
2774394638
2070037829
2792944347
2592990722
2774389803
1569668076
2789718746
1569690881
1569671819
2070015795
2786237780
2786225092
1570011334
1569755743
2592806797
1569952349
2808611571
1569741050
1569948092
1569844757
2592849017
2806722230
2601426125
2593086273
1569944479
2592859869
1570041415
2592803196
1569693340
2788049356
1569680410
1569681257
2786349550
1569942646
1569727607
2793544295
1570009965
1569818718
2070035185
2812411434
1569830316
1560438479
1569703754
2786210999
2774435177
2774423158
2786219951
1569811238
2601435702
1569730349
1556282108
1569820040
1737227215
1569841854
1570037302
2774344360
1569932000
2070054903
2807135400
1569917807
1569808817
1570027802
2728683825
2592820784
2793654565
2594553537
2812685328
1569810110
1569953597
2786235136
2600157081
2799218908
1569941852
2786235495
1569668132
2786276321
1569803833
1569890461
1569906099
1569715640
1569844960
2796436016
2070022601
2593032554
1569716127
1569900856
2810193856
2786281917
1569673731
2807515341
2600162216
2807151892
1570032637
2592852404
1569852980
2592795548
2808789676
1569850518
2774337948
2592942128
2592796715
2786293468
2774373506
2594256729
2600375312
2592793325
1569719180
1569951679
2592969648
1569732988
2593065858
1569948978
1569666653
1556918734
2592794240
2592801266
1569760917
1570009682
2807061580
2792821040
1570011124
1569894498
2070022427
1569742139
2592843326
2774344605
1569697728
1569927208
1570016682
2592793582
1569912237
2070030039
2592840736
1570010252
1569756951
1569664792
1569709828
2592834860
1569919462
2774328148
1569850281
1569877614
1569661075
1569694323
2774469487
1569666799
2592788596
2592816559
1569817563
2070039821
1569902078
1569932322
2786329304
2070077567
1569731769
1569827871
2809013529
1569668439
2787729964
2070019462
1569933496
2592807589
1569762088
1569916166
1569749098
2592808547
2593011319
2801019667
1569712828
2592796035
2786237483
1569876456
2786244748
2799800386
2774447640
2787771510
2592790669
2799091721
1570027343
2786249924
2807282249
2774503166
1570027021
1569937699
1559282991
2786276564
2808613748
1569750836
2786219923
2813157415
1558263438
1569912396
1570007144
2786295236
1569902397
1569760935
1655739499
1570009432
1569915377
1569674006
2738477910
2592800950
2812746166
1569900486
2070016899
2592829235
2786212963
2070045651
1569830342
2809042607
2592851649
2786260743
2798999680
1569887166
1569668196
2787995478
1569915706
2593033416
1569865277
1569678516
1558684115
2796458652
1569671714
2594098849
2070046781
1570007958
2592836217
2774360943
2786221723
1569917697
1570018644
2808792833
2801544195
2592805812
1569658808
2808152046
2774392205
1569872020
1570013973
2774501836
1569750159
1569836593
1570016392
2593027434
1569715597
2592808453
1570030830
2785385438
1569934907
2786296147
1570017897
2593995497
1570024302
2807407468
2814740404
2813036408
1569919420
1569897891
2786315268
1569804001
2809109675
2592961681
2774391453
1569757690
2774446300
2592794381
2592883078
2786354524
2789361842
1569826236
1569919435
1569715337
1569851558
1569679149
2797072214
2592800477
2592809431
1570009880
2599685326
2593013938
1570006482
1570024245
2070039372
1569732954
1569676054
2070046759
1569851622
2592828406
1569658549
2806617000
2592791032
2803393622
1569816285
2592986304
2792914256
2592963349
1569692329
2592798595
2592834075
1569714150
1655514452
2786215224
1569879174
1569701150
2809006041
2774409829
1569836814
2592985411
1569672339
2786300703
2774394903
1569677118
2786214378
2809145607
2592937602
1569731821
2592792928
1569946280
2774446048
2809001942
2774420975
2070015735
1569906362
1561209691
1569914680
2786218683
1570014907
2678023429
2799093125
1569822510
2787777836
2592814978
1569739220
2812703620
1569848055
1569671341
1560632456
2774393995
2792826354
2593055858
2774376389
2810428386
2809030844
1569849881
1569811218
1569935142
2600234791
1569690983
2774424882
2786323829
2786289375
1569814688
2813735551
2786323699
1569665184
1569938624
2812670627
2592801470
1570017562
2592858229
1569692703
2788123848
1738160107
2070030793
1736857569
2786295252
2774484569
1569715386
2592869679
1569736341
1569667037
2812930441
2774374799
2592843263
1569942690
2787812473
1569828545
2786310781
1558848184
1569811931
2592792046
2070020871
2774475505
2814374290
1569902772
1569744803
1569675943
2592807650
1569889858
1556668097
2592799105
2678473248
1569921367
1738267454
1569864241
2786325548
1569863039
2774344885
2070067975
2594254865
1570038055
2600417855
2774396150
1569740901
1570040765
1736123815
2070031097
2592848274
2070044849
1569893979
1569749385
2774503831
2795418627
1570031739
2593055916
1569735566
1569874518
2786274835
2592795828
1569673824
2774402998
1569757935
2774443512
2774364655
2070067369
2599686383
2786285807
2594296000
2592827393
2791159924
2792515198
1569827685
1569835887
2774336840
2786321352
2801544268
1569817073
1570017845
1570029519
1569910412
1569743000
1655530525
1569906290
2070037067
2070069078
2592787362
2807690018
1569844287
1569656900
1569710646
2792836857
1569663496
2592861739
1569913902
2786245090
2774349944
2801540569
1570020376
2070035665
2786346888
1557840014
2786300198
1569841761
1570025137
2787822643
1569687316
1569755931
1569948563
2594323259
1569842809
2592973708
1570015423
1569740522
1569657118
2070017205
1569672460
1569752262
2601510678
1569672974
2786297009
1569949345
2786259897
1569942729
2594261482
2788659942
2787905208
2786322529
2789363450
1570027788
1569726778
2070018315
2794720941
2796766202
2787716236
1569820917
2786211702
2592812756
1569657455
1569672679
2796913110
1559510263
2812505356
2799094427
2786220312
1569674689
2809213765
2774365930
2786281439
1655743223
1569672618
1569933605
2593049086
2787777720
1738160403
1569825850
1569926917
2592795401
2809042626
1569918702
2786321310
2729205189
1569715966
2070038200
2592798110
1570029203
1570021635
2786256972
1569750031
2801768721
1569706017
2807264118
1569726554
1569674422
2594678835
1570022932
2787809213
2774420705
2592797295
2592852182
2592787992
2592788575
2774423785
2592796191
2070069647
1569753609
1569711464
1569661568
2592815586
2786211244
2798952486
2757874445
1569930182
2774441892
1569677775
2592866294
1570000513
2592974283
1570014192
2593666048
2593090610
2774392957
1569762426
2814512055
2600157977
2809144021
1570029405
2791058874
2593037213
2592840017
2774343243
1569695691
1570015095
1569945502
2808804515
2795302481
1570027239
1569671021
1570014400
1569677904
2774398848
2786221014
2070015847
2812680312
2786314122
2786296344
2809128566
1569816244
2792923906
1569716333
2592868047
2789362048
2593023687
2786340444
2774392548
1569952111
2813740129
1569666191
2600419907
2808992299
2593084225
2592838607
2774520324
2796433939
2070071329
1569762541
2774359014
2592820250
2812679249
1655615268
2070029760
1569671980
2794573646
2592806321
1570038070
2774407660
1569943109
1570024004
1569746510
2808995026
1569868563
2808788179
2813844089
2774396795
1569847973
2774499931
1569666785
1569836383
2787809377
2070020297
1655540109
2809028382
2786321083
1569761656
2787739886
1569910689
2786217709
2795430307
2786348688
1569666871
1570032030
2786253997
1569842910
1569868591
2788123901
2592899929
1570017665
2593077990
2592977715
1569747759
2592871593
2070040184
1569837671
1569703033
2594294844
2594253274
1569692682
1569688484
2774399538
1569940603
1570040569
1557777030
1570020011
2593080954
2592886821
2592801450
2774508059
2603741898
2593052053
1556188082
2070034084
1569815435
2788680428
1569679061
2592946786
1560436095
2774385645
1569758222
2774350664
1569666811
2592843347
1569840742
2602724689
1569666003
2592794671
1569716379
2786223382
1569825410
2807162570
2786319323
1655484817
1569949556
2774441821
2070048809
2592805925
1569898853
2787808905
1737778994
1569872066
2786288548
2786255900
2070025849
1569860584
2774358881
1569937947
1569916005
2774441970
2795302503
1569857486
2774374299
1569846835
1569877288
2786243680
1569743696
2786321296
2808532309
1569953961
2786217415
1737774514
2774412140
2793042070
1655501589
1569857660
2774419110
2592892050
1569722481
2600157914
2774443501
1569695479
2814036201
2592799277
2593013449
1737775789
1569922828
2813877872
2788659571
1655465432
2602566551
1569875287
2786299835
2774392039
1569840622
2793274472
2774326757
2774340790
1569743105
1569852138
2807060831
2788123870
1569740657
1570015942
2593076053
1569911460
2601430063
1570010865
2592851994
2786245469
1569900935
1570007402
1569709789
2774419699
2792840084
1569683772
2592862481
2786295381
2592969164
2786219076
1569891659
2786328813
2592863107
1569953880
2592815703
2800639098
2809134690
2592862906
1569674206
1569917100
1569947919
1569715570
1560465902
2592875439
2786319281
2786313923
2593028220
1569664328
1569841134
2592841232
1569943720
1569917568
2070048727
2798958961
2786222176
2592807352
2814144782
1569937903
1562252147
2788144951
2795241987
2592956735
1569888985
2070021739
2794825694
2774443579
1569802657
2786216727
1569682071
1734145115
1655568157
2812758986
2774425299
1569750224
2592815269
2592810834
1569737420
2592811709
2774434603
1570007914
2592812876
2592793675
1570032310
1569813897
1569809233
2592959387
1569828869
1569900252
2593033196
2592807035
1569717409
1569822360
2774435566
1569879186
2792923770
1569889612
2788684133
1569853666
2786240739
2592805347
2070035231
1570026865
1569736213
2804629085
1569911005
2786319709
2070031731
1569716868
1569677628
1569919486
1569944325
1569691222
2592976147
1569815178
2594539403
1569666372
1556117166
2592811792
2813036384
1569917208
2786321202
1655654473
1569949803
1569927104
2799057864
2593028957
2592813642
1569835177
2786321190
1569808906
2812418306
1569951459
2774388865
2592922616
2774443347
2594262063
2774361362
1569706856
2789951164
1569807481
1569655959
1569663512
1569806900
1570009182
1569723128
1570009081
1569815657
2786219461
2070045538
1569916304
1569871094
2592831869
1561406991
2786256543
1569870943
1738198537
1569814197
2792925513
1569679979
1569740885
2592882561
1570028255
1569929683
1569724226
2070048953
1569736313
1569947324
2592858899
1569673364
2592802896
1569949080
2070015780
1569870630
1569740345
1569857593
2792923352
2592817827
1569950958
1569710994
2592808436
1569919247
1569754262
2596049661
2592805284
2809398631
2592863509
2786319681
1569835957
1569917708
2787903250
1569671049
1569753119
1569709647
1569876368
1570008876
1569663138
2787723446
2594445734
2602412633
2774374214
1569672077
2774441808
1569846938
2594430213
2594256712
2786291897
2592799776
2792781776
1557022540
1569723610
2070029450
1569945666
2808150686
2786323179
2774462501
2592806474
2592801433
2070017878
1569660561
2593051413
2070018186
1569811526
2600420654
1570015037
2593458309
2786239393
2592838234
2592798047
2774436000
1569918613
1569849289
2809020559
1559177727
1556911689
2774341299
1569660756
2793163322
2786238383
2592791739
1738182178
1569732911
2807162592
2070044784
2792835615
2592812791
2774368723
2787772564
2786244882
1569665088
2788713797
2592827348
2789376058
2800740300
2792869975
2774318440
1569717246
2786324942
2808211004
2789362021
1737777014
1569815414
1569840130
2786217337
2786223322
2592838251
2806627059
1569947582
2774337650
2799110994
2593085467
1569849614
2592796269
1569875239
1570006984
2592985367
1557023765
2812430499
1737106776
1570027830
1569757855
2738476068
2806721757
1569663925
2786210987
2593080017
2593035941
2774397121
2594355297
1569858034
2592792395
1570008737
2677438497
2592904883
1569843202
2592871086
1736441967
2786327004
2592805326
1569880576
2678017822
2592840154
2808243642
2774502044
1569836450
1570032372
1569804851
2774505033
1570030891
1569710706
1569681103
1569850954
1569738291
1570017465
2788961460
1569906606
2807163076
1569906316
1569658595
1569916464
2774336313
2786325064
1569842974
2774428126
1569840577
1570017549
2786326938
2786219135
1737777396
2593005327
1570010553
2786240795
2592948984
2592810179
1570041048
1569705439
2070022193
2774443298
1570039536
2786330391
2593094612
2593054738
1569916781
1569883836
2774365055
1569679952
2787730010
2786211412
1557841422
1556972831
2774344181
1570024132
2070028300
2070035781
2786261686
2795224357
1569677844
1569711329
2792881170
2592789581
1557076218
2774422454
2593081702
2786319695
1570010267
1569923500
1569668591
2600369771
2774359272
1569952282
1569658485
2592939050
2774387195
2786319826
2594317039
1569819826
2593618290
2786280320
2807302281
2774316978
1569921173
2070032212
2592974149
2774360926
2786273779
2676864894
1569921164
1569814334
2592842401
1569829806
1569758687
1569917628
2592795436
2787809435
2592811330
1569717899
2786222268
2774502372
2787730037
1569724444
1558369619
1655453481
1569906922
2600244398
2592805553
1569912969
1570014179
2786331423
2799140006
2774476010
2809434552
1569689380
1569861267
2786272339
1569948245
1569863327
2809025610
2592944778
2593094626
2801756834
2807125511
2593035395
1569831213
2592841889
2592994391
1569946553
1569725959
2592987196
2788680797
2812920451
1655214799
2592859983
2676980565
2070031832
2070021895
2808840110
2786299382
2774506051
2592837619
2592959417
1569668028
2592817696
1569871035
1569873828
1569844885
2774350532
1556589617
2792931633
1570039489
1569719007
1569660215
2786297873
2593010990
2807161976
2787772115
1569825726
2592803216
2593516810
2786296840
1557908773
2786300239
2592789042
1569663665
2786213722
2593037168
2803416567
1569827382
2601406233
2774401498
1738479717
1569900465
1569848614
2592799655
2774422798
2774414959
2592869338
1570028654
1569736161
1569748154
2592841829
2806621128
1569898070
2592800663
1560793432
2814047619
1570011628
2787741728
2592789351
2786325336
1569660624
2593012558
1569875760
2774365913
2786313508
2792997111
2812782418
2786307848
1569665509
2774341074
2793274488
1570025249
2592805159
1569878061
2592963305
1569752695
2592797049
1569897505
1569943225
2786234877
2815126754
2593005343
1569834182
2786241307
2786275001
2592820421
2774503936
2592797188
2786243796
1569736624
2786336862
2070044731
1569816594
2070048056
1569739874
1569753596
1569943690
1569679007
2592803774
2592828743
2812761684
1570011308
2774445476
1569704408
2592829698
1569680168
2592811507
2812476429
2786319027
1569906248
1569697756
2592801338
2592790607
2786309909
1569744257
1569951953
1570016278
1570011102
2795206168
1569669034
2070031485
1737778891
2807135514
2786216795
1569946194
1570016312
1569881604
2788327865
2774336575
2774380773
1557367349
2806021366
2592811906
2774406633
1569929740
1569872905
2774371110
2774519695
1570014166
2592858170
1569878298
2805513700
1569671439
2592901500
2786320120
2793009766
2592787594
1569806979
2592836728
2070019485
1569757000
1569838986
1569717457
2792874857
1569662218
1734001541
2592975032
2786261395
2601470850
1570040635
2813221133
1569898040
2786323091
2592996521
2593489826
2795238394
2592826079
2813221096
2774328476
2809008384
1569832978
1569947044
2593022950
2592807801
1737007017
1570034256
2774442972
2814036092
2787812411
2070016657
1569871474
2592795934
2599682830
2807689245
2592807307
2806619427
1569859017
1570009849
2788122108
2808986821
2592812942
2787811008
1569681066
2800024133
1569704395
2790090564
1569908084
1569658227
1569820753
2795206058
2603162288
1569938473
2813609252
1569659310
2070045524
1569657960
2774344436
1569674102
2774376962
2812761580
1569892794
2786217262
1569753085
2808147243
2808995959
2774402095
2786255152
2774335043
2774505439
1569830148
2592842659
2774428090
1569736560
1569821363
1570018857
1569700197
2593050753
2807765023
1570032711
2593018861
1570006711
2786322722
1569837432
2070045959
2795438038
1570035265
2786364776
1569865012
2070054961
1569701430
2799057813
2070041342
1569937991
1569820961
2792851670
2070046159
2787748934
2774390921
2593042386
2799901032
2592831241
2808211021
2790235861
2786307291
2787995298
1569864798
2786244417
1569953328
1569708501
2786239914
2593091655
2592802595
2593043999
2809052881
2594553493
2812598786
1569920559
2593087411
1738211032
1569899096
2594262374
1570019312
1569692532
1569681881
2774395363
1569761001
1569752276
2592819978
2786218192
2792839826
1569761820
2786291187
1570016861
1569903542
2793172948
2796437906
2792501787
2786323853
1569696367
2592810625
2809030790
2593063821
2592983336
2788961412
2774452774
2812433078
1569891688
2786316820
2774374165
2774484535
2774426439
1569819529
2593089428
1570011293
2592788168
2600161196
2788411554
2786322734
1569738561
1569659603
2597705291
2592984262
1569951662
1569657039
2774404212
2600156850
1569697935
2070069660
1569827702
2593011521
1570007661
2774386513
2603638749
2786367474
2786251071
1569944711
1570008768
2592797597
2593759771
1569723286
2774440830
1569756704
2676757315
2774410921
1569662535
2787773569
2592935738
1570009568
2774435436
2786323516
1569690712
1569933011
2786361222
2592788655
1738198505
1569756544
1569685263
1570008218
1569903339
1570029102
1569803784
2774436045
1569938939
2070035393
1569659518
2799409339
2600368582
1569891409
1569743530
1560562053
2812869121
1569665071
1569837515
2786240701
2799093085
2806993042
2774386731
2792954570
1569871403
1569673151
2592866492
1569833615
2786221062
1569843399
1569668005
1569849310
1569693413
2788241169
1569810073
1570034145
1737777278
2683041528
2592791707
1569911206
2812979931
2070031701
1569881565
1570041305
1570010329
1569739759
1559956780
1569905932
2774418140
2812685394
1569900310
1569822391
2792999227
2070022088
1569662604
1569947269
2774373039
2593019505
1556187017
2592789393
1569694794
2809023732
2793298920
2792432317
2786256566
2598546663
2786295489
2774441996
2592800043
2786215353
2592798089
2600485331
1569687400
2809005833
1570031926
2786292962
2774451136
2593515833
2592796344
2601509048
2070036011
1737778980
2794578528
1570028016
1569943705
2592947022
2070021698
1655555500
2786215602
1569688268
1569677068
1569885056
2592807929
1569913127
2601466705
2795193134
2792527511
2593478290
2592957163
2593050953
1569757127
2786218883
1569748010
2808777076
2809003873
2070028708
1570015690
1569841797
2592831202
2592793370
2594556124
2786273685
2792954656
2594256959
2801756337
2787726641
2070021941
2788287282
2787721940
1569664697
1570033027
2593620632
2786213291
1737779306
2790493308
2592993693
1569932092
1569821819
1569753231
2802158475
1569723531
1569715269
1569731459
2774423919
1569870401
2786216244
2592851912
2070017707
1569919499
2594255593
2795658295
2786290706
1569882447
2774462418
2801635724
2592865557
2786313150
2593456815
2812413828
1569737251
2774449569
1569839828
2070048859
1569743752
1569728013
1569680264
1569753852
2070044822
2786323348
2070029776
2592817975
1569932126
2787809546
1569947372
2801616337
1569874982
1570009296
2774422720
2592803941
2592789709
2812477513
2592797718
1569739917
2790530592
2592793872
2070070170
1569918295
1570033642
2806720047
2593086974
1569679496
2786248226
2774393968
2681367348
1655724664
1569902466
1569847747
2593070211
1569870441
2785663044
2787777853
1569722946
2803442710
1569673238
1556310065
1569678218
2786364857
1560563275
1569682004
1569740803
1569756392
2796434807
1569935759
2593030895
2774525017
2594553822
2786272842
1569669807
2774370878
2814035878
1569930360
2786241238
1570006218
1570017117
1569673222
1570027278
1737774386
2786292815
2786251135
2786347291
2786220982
1570015489
1569666673
1569875819
2592968473
2593050935
1569811915
2786250458
2592860484
2774338708
2070036022
2683034363
1569874810
1569743724
2593005756
2792818807
2592863948
2786318749
2813843916
2786257125
2786248272
1569885649
2774444087
2592993528
1570013380
1569813421
2786275770
2786257325
2786219537
2774349417
2592836454
1569674886
1570028765
2774352995
1569818374
1569952147
2774444942
2600295664
2774336237
1569803536
2786316556
2592791111
2812795541
1655621152
2592807633
2070021722
1569666621
1569830767
2592984302
2786273518
2792818588
1556845152
1569846357
1569668571
2786324551
2809012693
1557818636
2774385881
1569893913
1569949573
2786212904
2774495005
2592830144
2786284581
2814511974
1569755388
1569911425
1570011020
2592867095
2070045823
1569841176
2774359683
1569822916
2789692626
1569762337
2774387075
1569699231
2787809452
1569840896
2786359708
1569699005
2799629172
2593110863
1569870927
2593028193
1570009981
1569675492
1569893175
2799629134
1569662340
1569828475
1569918777
1569862109
2786222194
2798966124
1569802636
1569870616
2592813463
1569938365
1569665680
1569753446
2592803528
2592861683
2786211908
2593069972
2592795316
2787812383
2787809355
2593079572
1738187587
2787724236
1570020116
2774435550
2786261142
2786219991
1569836342
2786247574
2814051647
2791082056
2592802981
2592796920
2774430437
1569680689
2070053603
1569802672
1569662699
2793298943
2792954956
1569856672
2774360385
1569858785
1569683669
1569829286
1569851538
2795218869
2786221503
2602749038
2774400006
2592815161
1569871619
2786238893
2592819802
2774435455
1569812172
2600163505
2070033582
2774319215
2796438571
2790235628
2592965478
1569945255
2592796528
1654747295
2812541687
1569833596
2070071918
2592825184
2790493463
1570016531
1569688336
1569698387
1569807271
1569688104
2593994651
2600297801
1569714088
1569898054
1569883615
1569897609
1569865176
2592914403
1569815296
2806869976
1738192785
1569703681
2813222840
2795302420
2786214701
2787808953
1569715793
1569715901
2592807881
2592791127
2592821808
2807302302
2786321095
2808610479
1569882345
2792549736
2592813553
1569695465
1569686772
2810241730
2592979289
2786308365
1569675066
2774390598
2787739805
1569857757
2774342871
2809407416
2801476019
2603914984
2593061578
1569907495
2786319882
1556820927
2592814718
2799379217
2592869315
1569856984
1556335926
2599701042
2792985719
2601450215
1569717019
1569815033
1570010011
2774407018
2807152727
2600510429
1569663438
2593013129
2592837219
1569939173
1570041252
2786314098
2593031203
2805426288
1569844087
1569922703
1569806992
1569665926
2592791644
1569669504
1570013307
2592808250
2594086239
2602013199
1570014848
2786301132
2593645853
1569884122
2786308952
2592821465
2786216832
2592958397
2812579414
1570014759
2788287304
2592853411
1569675274
2774407466
2677650796
1570014768
1569863589
2786238815
1569670415
1569857740
1569747517
2808627712
2786246941
1569802834
1569813404
2786298188
1569660506
2786319013
1557062154
2592797477
1569750866
1569738511
2593044227
2592894496
2786313851
2603015515
2813781299
1569920576
2808991240
1569674557
1570010091
2786331320
2601470896
2786212347
2793274358
1569812212
1569746841
2774428103
1569746494
1570014933
2786251189
2601402755
1569825130
2070040823
1569859625
2808991180
1569686071
2807151044
2814325975
1569904822
2592794470
1569872180
2814059784
1569671865
2807154179
1569686521
2070032141
2774422703
2598552058
1569679580
1569940865
2774339582
2774400854
2593038268
2787819077
2597758641
2806870045
2774393207
2805429130
2597818464
1569673284
1559745676
2592971194
2805487192
2592803564
1569828835
2787715659
1569891636
2774360850
2592805797
2774477750
1570021980
2592802663
1569753638
1569939787
2774324596
1569859823
2812418286
1569752550
2593064489
2809213856
2592990534
1569739902
2070018169
2807082888
2070046695
2774375132
1569822606
1569915193
2812810823
2786289241
1569902832
1569680154
1569936222
2592821304
2814015730
1655636006
1569913397
1569879329
2786219963
2774410898
2786222995
2070023055
1569722278
2774422141
1570025049
2812437921
2592985928
2786307406
1570029786
1569953832
1569667682
2789545823
2774502108
1737776734
1569820624
1569712720
1569854312
2787925624
2774374184
1569692342
2592854596
2592865053
2792599620
1569953946
1736876759
2774505192
2786212610
2592976054
2786235164
1569948610
2592853688
2774327232
2774421638
1569663380
2809152336
1655657182
1569876981
2795265309
1569715862
1569816725
2806784443
2774446628
1569697564
1738137270
2786324127
1569656144
2600365549
1569687547
1569675914
1569803634
2601430670
2786313717
1569695766
2592809311
1738101226
2786241765
2786287202
1559527596
1569944017
1569918499
2813740091
1569679611
1737774104
2786212937
1569705577
2774434764
2786325907
1569819662
2593011375
1569840438
2592812222
2790493277
2790441985
1569754073
2812673033
1569913984
2592799759
1655567862
1569899409
1569936078
1737775593
2594382884
2603159901
1569948758
1570032288
1569752680
1569730749
1569953341
2592920690
2774451115
1569860052
1569863576
2808207109
2786332750
1569805141
2786237131
2808876386
2792818466
1569742256
1569724573
1569723355
1569912318
1737308143
1569659194
2774377617
1569903974
1570016547
1570017768
2809021520
1569945323
2592796940
2592935954
2592788452
1569951293
2592840041
1569917837
2774503755
1569656289
2601433471
1570024289
2786243015
2812454832
2793191110
2774455698
1569805055
1569756990
1569951265
2774451155
2774451569
1569736076
2592840877
2592820192
1569897197
1569665101
2786307937
2070031967
2592811890
2786313328
1569738125
2786327997
2592807394
1569680281
2592798199
1569947936
2676758410
1569944368
1569900151
2592867735
1569840479
2593109977
2070070183
1570031024
2786319295
1569710111
1569898174
2594258607
2070027162
2790152038
2774449698
2593061299
2592831267
1569812731
2800742682
1570009328
2809391885
2813075283
1569839006
2774359158
1655717569
2594463694
2592845608
1569878495
2774509760
1654843425
1569946865
2812675241
1569872605
1569758183
2593022857
2786255960
2786326950
1569879254
2592793691
2592954525
2070071661
1569657797
1569678761
2070034028
1570009159
2774399874
2788713942
2592802512
2774367163
1569946747
1569660578
1569921410
1569888828
1569727896
2799174082
1569759270
2790441674
2809195326
2789381609
1569687283
1569859177
1569815310
2774506427
1569942923
2789659586
1569838490
1569921147
2593034683
2594553848
2593005370
2592814366
2592791426
2786351831
2786313593
2786212511
2070043056
2592830563
2792913060
1655626709
2813223049
2070035019
2786328693
2592792015
2807162309
2799204626
2786219064
2774380929
2786323276
2786435568
2592869736
1569677688
1569847775
2774358374
2600159394
1569849462
1569657386
2070032156
2788249669
1569906782
1569742911
2774393323
2786248987
2592934059
2786282445
2774523525
2774373215
2594290539
2592934183
2592793795
2592795999
2774446613
2786215297
2592981879
2786336321
2813036362
2070047025
1569938606
1570026121
2592796416
1570012620
2774423141
1556430265
1569733896
1569802994
1570007932
1556092690
1556430171
1569660547
2774372334
1569738271
2594283522
2774437794
2592806814
2807256131
2774440258
1569841203
2812675259
1569710322
2786217214
1569848570
2774403462
2786256335
2805489300
2593097427
1569694734
2592800270
1569835474
1569869542
2592795368
2594310408
1569679993
2592920710
1557912587
2594334552
2592788028
2600158610
2786277840
1569731062
2592800604
1569738102
2786297972
1569814292
2070024785
1560716656
2070021991
2786358865
1569882187
2788122819
1569856707
2786221804
2592943287
1737777498
2070017218
1569902111
1569838734
1569749416
2815037223
2592799485
1569876502
1570013016
2602923815
2786226095
2592963045
1738480150
2786254352
2774441944
1569863063
1569842090
2774443473
2789381555
2786255641
1569695842
2592861315
2795302436
1655370133
2593064823
2593067021
2809003060
2774443125
2790148961
1569880611
2787995208
2774392239
1570028891
1569951605
1556845135
1569879287
2788177964
2786312880
1569945403
2786235251
1569871487
1569859568
2592849264
1569660163
2774398264
1569715888
1569882208
2788974930
1570015228
2795241639
1569730004
2805993537
1569818646
2786272887
2070044897
2592813892
1569918378
2595013514
2600238809
2593033311
1655646047
1570015830
1570012766
1569836998
2786326992
2070047867
2786309405
1570001080
1569948338
1557106717
2786323816
1569803251
1569913046
2786236071
2592808871
2812761562
2808415651
2592979314
2070020148
1736867754
1569888785
2592805634
1569658946
1569688707
2774445878
2786474334
2807152470
2786326979
2593070077
2070048312
1569675128
2592804721
2774344915
1569850739
2774344807
1569892763
1569911018
1569936810
2786434048
2594553936
1569839311
2774505454
2774437270
2801634119
2070029403
2786235150
2592804268
2805484286
2594274535
1569882963
2774500320
2774523552
2592801233
1569945273
2774391799
1569679667
1569673167
2774337583
1737779099
1570017239
2808207224
2592802552
2070047275
2808988765
1569718106
1570016591
2785665014
2786275016
1569894460
1570011904
1569829477
2790493210
2786364194
1569685652
1569869710
1569877584
2592793561
1738219585
1569762071
1569874061
2592803145
2594195411
2697077887
1569933888
1569757630
2795186643
2593022932
1569927592
1569930623
1569865223
2774505520
2786239805
2603520318
1569891109
1570037792
2593485105
2774373370
2592976175
2803405240
1570015925
1737779147
1569732971
2792849187
2786352000
2807128507
1569665653
2601483647
1569674706
2774333341
1570031939
1569906191
1570030264
1570034157
2786227371
1569750537
2593066682
1569933640
2592800702
2788261894
1569885192
1569673687
1737779078
1569844176
2774436261
1569820983
1569908036
2795307366
1569717435
1655622420
1655688587
2592843152
2786305357
2592806633
1569839844
1569869495
1569752249
2603624485
1569820680
2592806384
2787732532
2592988138
1556480162
2813781317
1569882952
1569675342
2789542711
1569940302
2786284667
2603735731
2070028737
2774432400
1569883722
1569756357
2593086021
1569818866
1569702240
2592792967
2592886189
1569680351
2786315280
2786250032
2592791869
2592865036
1569671139
2814239228
2592797123
1737194323
1570015672
1569905978
1569667863
2786313947
1569934989
1569755322
1738273690
2592836762
1569932259
1569930660
1569670294
1569927305
1569694762
2070031941
1569883636
2786310396
1569879299
2786246649
1569929705
2774350428
1569950188
2786299706
2603291214
2070047038
1569862691
1569812423
2792899546
1569752409
1570017739
2070044760
2809011579
2774449607
2774446364
2793238066
2593037229
2070078764
2774318279
2592803910
1570020631
2070024128
1569882663
1569709971
1569723559
1569716912
2787992575
2786215136
2809044549
2592842878
2592795054
2680616534
1569674916
1569706817
1569734657
1738176938
1569864363
2592830538
2786226043
1569875561
2774342814
2812732315
2786274515
1569692670
2786342431
1570000243
2786221454
1569683755
2070026178
1570021090
1569913550
2801015522
1569683363
1569720491
2592938392
1569817262
1569948410
2592830983
2592811345
1569753878
2592829261
1569936338
1569847211
2808148991
2809042658
2813223665
2774392014
2786274156
2592792690
1569754489
2592796170
2592792199
2809032134
2774359293
1569902668
1570016258
2802898339
1569683509
1569750387
2801865985
1569682216
1570017752
1736441928
1569715351
2592808889
2593101640
1556083516
1737777191
2774452530
1557839580
2774373194
1569731613
1569713916
2786219036
1570038622
2592803625
2592796966
2592958420
2593091101
2786306795
2680036470
1737308546
2676886359
2812598419
1569687950
1569690927
2786221572
1562252072
1569682820
2799105762
2592797450
2592839894
2593073769
2813717361
2592814002
1569680246
1655687888
1569946641
1569684023
1569848857
1569804937
2592796477
2774359535
1569660273
1569661659
2786211458
1569828787
2808774736
2592870055
1570009636
2787727663
2593055574
2790493662
1569684084
1569658960
2793163300
2806662798
1569660819
2600297097
2774390873
2809042562
1569688118
2683111319
1569678398
1569747922
1569658564
1569755402
2774422603
2787772209
2592865700
2600256556
2786260567
1569697984
1559613128
1569946080
2794825976
2786241226
2786260521
2814186921
1570016346
2787818890
2070029339
1569687810
2774458631
2593050265
2593019973
2592962809
1569807861
1569894411
1655647788
2774371433
1569666262
1569872110
1570010745
2801702247
2592984124
1569877912
1569727590
2786253927
2808150537
1569658774
2603552041
2774335026
2593643940
1569890246
1569661044
2593446336
2786325967
2799375256
1569712991
1569816839
1570006954
1569665523
2789178939
1569736334
2806618773
2774412794
1570021804
2795656352
2786295015
2812670751
1569942937
2801633026
1569683433
2812441792
2070045080
2593093484
2774373302
2592790653
2774392299
2774503462
2801625170
2788959751
2786309203
2593018107
1569687673
2070042658
2786243702
1569725031
2593103837
2070038218
2806011889
1736864123
2815094925
2774476671
1569662295
2592790040
1556602163
2593043968
1570028910
1569820192
2592795651
2592932398
2799040182
1569930058
2592977699
1569897086
2792444880
2774326734
2786313972
1570006697
2592793282
2070026481
2786322770
1737233920
2774397138
2600257439
1737779819
2593064837
2774373319
2774439084
1569826326
1569672245
1569944514
2593076739
2676665399
2796913134
1569894520
2592891999
1570014950
1569667394
2070027712
1570041438
1569938878
2592789782
2774516108
2592798133
2789670508
2786218847
2799408770
2793538282
2786254686
1569879768
2808627671
2774329996
1569755905
2786321420
2592792217
2809042643
2801473955
1570007719
2808145543
2603425467
1570014967
2592827414
2774341312
1569903987
2593082172
2812416217
1569686417
2070025553
1655645359
2808786561
2786339326
1569759211
2774441782
1569818541
1737777790
2592794635
2814195653
1569889970
1570029257
2774337316
1569754328
1570006840
2592802439
1569664121
1569692073
2786261326
1556668023
2788121409
1569851522
1569736296
2593094379
1737308326
1569852075
1569667203
2792821719
1569898729
2774450864
2786318025
2600380022
1569803102
1569877505
2774406428
1569704299
1569807447
2809049655
2600374244
2592807182
1569674747
2593059395
2592792431
1569712291
2593087105
1569694711
1570014259
2592790242
2594380605
2593035409
2592977412
1570028704
2792840736
1556358356
1569912280
1569837238
1569917949
1570035060
2592868910
1570031978
1569818281
1569889104
1569758131
2806869991
2774443741
1569874211
1569680315
2788125828
2601511481
2592853301
2592964210
2070068178
1569822376
2786358892
2774376781
1569914203
2592959434
1569816697
2787808178
2787799656
1569698909
1569904421
2592945756
2592807415
1569660151
2592824258
1569674872
2592794930
1570015601
2809434570
2774393378
1570013085
1569927634
1655285299
2786309352
2774390982
1569666222
2593079542
1569853014
2809048609
2680348261
2070026861
2800732381
2786317913
2774353014
2808984897
1557837245
2594357442
1569816994
1569841076
2800732261
2787872234
2774415794
1569916195
1569812548
1737777555
1570035343
1569672808
2809044032
1569716346
1569675620
1736926650
1570031000
1569942112
1570016781
2774502197
1569742651
1569869460
1569946128
1737237433
2786281145
2600161556
1569921254
2070068307
2812473137
2774445450
2600156278
1570037540
2592796992
2070072006
2592796678
2787818414
2600485251
2793108245
1655387142
1569819486
2786313237
1569688970
2593002539
1569904115
1569693506
1569911253
1569671407
2774406821
2592797354
1569810355
2807689967
2786239793
2787763186
1569673717
2787799876
2593103427
2774520341
1569918533
2593054428
2774476498
1556899426
2786263121
1569905401
2787822717
2805386092
1569840695
2774427861
2814034678
1569675882
1569708316
1569758109
1570015889
2789118312
1570030654
2592790341
2592801489
2786316832
1569946912
2774373238
2774510532
2774342547
2593060207
2786263240
2786243051
2070024715
1569848336
1736302321
2592787205
2070025444
1569660520
2796438645
2070035742
2808985841
1569666579
2676926644
1570014695
2786277467
2786310192
2786254998
2786211925
1569884543
2774344559
2813201979
1569697617
1569734215
2786259023
2774442022
1569930014
1569755918
1569948834
2793036841
1569844816
2592981044
1569750249
2786254210
2592798369
1569876028
1569875477
2801866771
1569752374
1569679884
1559527671
1569817630
1569837128
1569658748
1569927327
1570012317
2786301299
2593011407
2593061283
2592800740
1569914854
2592814172
1569748041
2793206361
2592799605
1570016193
2788254349
2774394012
1569657326
2594520347
2786325893
2803452194
1570030029
1569658191
1569662309
2788289957
1569913618
1569898551
2774515470
2677973095
2594283585
1569900621
1569740729
1569693845
2786322710
1569673431
2799094400
1569698960
2798963607
1569892012
1569916618
1569943629
2592945407
2809118204
1655671256
2774443842
2774366563
2594488291
2787810984
2593050485
1570035440
2774441879
1569873329
2786254667
1569662588
1569869939
1570011347
1560341929
2593072333
2815037481
1569735086
2790493592
1569713522
2799391677
2592889030
2592809160
1569712880
2592947587
2799200446
1559149106
1569722365
1569735061
1569890661
1570014592
2594405771
2592812979
1570006746
1569659296
2790631580
1570018676
2592815970
1735762721
2593079801
1569672752
1737233122
2592968665
1569745409
1569945429
2812473224
2786443017
1569803464
2602683393
1569671687
2814196628
1570018094
1569658079
2788680520
2790003397
1569759584
1569710719
2786273829
2070022720
2788123972
1569749794
1569657104
1569829841
2786320986
1556872017
2809047605
2787777792
2786299504
1569703721
1570014044
1569917684
1569761790
2788168743
2592836426
1569741067
2806618793
2814035929
2774451626
1569912768
1569719059
2786319309
2070020102
1569932268
1569889564
1569812044
2792922016
2807252040
1569943329
2592800755
1569840543
2787818435
2786328123
2786236386
2070070380
2812473155
1569879031
2774370217
2603147853
2786231715
2603340167
2786294982
1569933509
1569737921
2786312994
2786322196
2786244272
2592793467
1570026938
2593003970
1569920635
2592813806
1569913721
2774457600
1569674331
2592796511
1569913025
2792549959
2592973131
1569691267
2786221623
2786252944
1569887484
2787800708
2799529352
1655471093
1569923220
2812761542
2805364405
2774506262
1569682509
2593085765
2774351739
2070071903
2600163782
1570015763
2593026086
2807061529
2592828388
2786288577
1736865983
1569699333
1569736122
2804612639
1570027198
1569665333
1569916705
2774396196
2070043515
2786287391
2788120354
1569910525
1570028555
1569710413
2808148730
1569837351
1569677871
2601430474
1569874047
2786223422
1569861137
1569823811
1569817235
2787925571
2592875812
1569852093
1569803660
1569716320
2774454580
2803432807
1569686614
1569948799
1569853749
1559161668
2592889976
2787937846
1569670980
1569667728
1556591551
2792867381
2592815397
1559557362
1569939397
1556141301
2793253257
1569674182
2786218655
1569673398
2594524539
2807804423
1569828977
2787903099
1558665944
2801617268
1569953729
2774393395
2787759906
1559625101
1560017016
2790450524
2593029311
2600158252
1569665834
1569815966
2787799496
2797122404
1655197234
2786238532
1569851794
2808988801
1569666044
1569655987
2774399403
2786296122
1569891740
2809302266
2808434097
2683109801
2799238828
2592966166
2788713993
2592788960
1569757643
1569753892
2786273193
1569848789
1569951436
2592816849
2681081432
1570010456
1569853688
1569668780
2592796810
2789492008
2594262396
2786317999
2786241214
2793197907
2807154752
2774328132
2774396283
2593037412
2592798978
2774418068
2812920532
1569824559
2786321107
2774364380
2593758472
2593396576
1569717912
2070045033
2592855523
2070030309
1569754799
1569807949
2592976161
1569850156
1561220326
2774354109
2774367027
2774386864
2786313875
1569866639
1569685147
1569668901
2774373285
1569932142
2809001453
1569761591
1655741362
2792404325
2774345830
2592858363
2813877896
2786352658
2774503816
2786239013
1569878036
2600266102
2592788797
2786280398
1569755052
1569739954
2786216074
2070022664
1569864656
1569917962
2774351343
1569661306
2809002260
1569670613
1569900603
2786323360
1569673753
2790455661
2812489714
2592807483
2592917044
1569701858
1569928338
1655476706
1569845882
1569762118
2592799582
1569903026
2070067714
2592872495
1569700095
2786321133
1736882932
2809144038
1569946792
2815094901
2774337515
2786279247
2786273967
1570018564
1569684498
2792988725
2070029437
2601509162
2070030057
1569884088
2593051122
2594454947
2786235864
2786319071
1569901455
1569743333
2787771597
1557840616
2593050437
2593044026
2786295416
2812478895
2592867222
2800022717
1569949818
2774357572
1556527048
2786222314
2774352592
2774374120
2592963669
2812888507
1569663037
2786220840
2786256612
1569675421
2795580162
2786225001
1569857366
1569948922
2774363740
2788680657
2774502480
2774359898
2774391611
2801596392
2774373171
2786336588
2786323075
1570040776
2593074031
1569951505
1569746632
2786240200
2593076517
2786217427
2594801893
2682216835
2813156928
1569720372
1570008816
1737205063
1569700789
2774345968
1569716567
1655536534
1569822954
1569819879
1569674194
1569661528
2786321119
2602905453
1569932109
2786212299
1569661542
1569734011
2592853269
1738200286
2814380969
1569907400
1569845355
2774362413
1569805114
2786319868
1569713506
1570010781
2807128567
2070043604
1569718595
1569829133
2812473510
2592918015
2592798751
1570015346
1570035088
2774319750
1570031598
2070031954
1569922843
2592829635
2602735883
2070030322
2809040512
2814028946
1569920363
2592805423
2808145178
2593095055
1569818110
1569848410
2592950213
1569723678
2786253700
2070045509
2593061447
2808148899
1569826653
1569719424
2787937763
1737079871
2774419612
2592805380
2812421778
1569657984
2592942902
2786305301
1569753666
1569681196
2774422362
2786221888
1569894567
2592971222
1569848731
2592980229
2787809171
1569754672
1569667758
1569873919
2070044268
2774441983
1569897541
2070038755
1569672507
1569943835
2786239817
2799091542
2809001906
2070069443
2592796247
1559648117
1569668308
2592794292
1569736722
1569923470
1570015020
1569689076
1569949068
2806616983
2592964925
2793171834
1569750348
2592814817
1556814553
2774319857
2786285292
2592790109
1569842599
1569747503
2786255170
2787719997
2774427800
2786309967
2793274336
2792999181
2593004879
2812685371
2774523673
1569672400
2774419091
1570040847
1570010232
1655568987
2786301837
1569757113
1569735683
2592800350
1558104873
2592813270
2796435065
1736857304
2592802371
2809040407
1569922751
1569943660
1569817705
2774466546
2787762839
2593678608
2786241202
1569836850
2786289794
2814050302
1569904379
1737777536
2786318261
2774425348
2786219975
2070016615
1570007681
1570029128
2070035585
1570040581
2592830116
1569899354
2592821674
2593063801
2787937780
2812451624
2774445463
2594427528
2594689799
2794584714
2799409982
1569815051
1569855965
1558824381
1561125279
2787720049
1569942095
1569657811
2593064429
2592787307
2786386236
2786211577
1570034283
2786322442
2774401602
2788481471
2592931802
1569881747
1569819755
2774341364
2774409356
2794546564
2788959647
2786242983
2603129375
2592845411
2774393567
1569715162
1569678141
1569820797
2592803130
1569686492
1569705172
2070016279
2774442691
1569705941
2787822765
2801762160
1569736752
2795255393
1737777291
2793212296
1570034269
1737070890
1569753584
2774411579
1569816576
2592801385
2774410995
1570038674
1569916085
1569718888
1569868167
2795384243
2070035934
2813717326
2592803287
1738187809
2787809091
2806021971
2786322418
2592882574
1570000540
2592984028
2070040756
2795188410
1569951711
1569680602
2774349529
2070029235
1569704382
2809138192
1569857473
1570026884
2799174144
1569736244
1737777206
1570028472
2786345200
2792527538
2787991397
2774424825
1561205415
2592793818
2786234510
1655510212
2808146254
2774483769
2592814993
1569745614
1569841811
1569897156
2774451550
1570028781
1569827962
1569751899
2592830553
2807061511
2774359700
1569759608
2786314086
2808148684
1569712816
1569890367
2808615641
1569908019
2786235982
2774345786
2774472741
2601446815
2070044542
2812766757
1569823919
1569666567
1569838245
2786320504
1569723517
1569816073
2593010922
1569756937
2786231597
2786300338
2593005684
2592862345
1737779355
1569852046
2592821838
1569833673
1569873687
2593050676
1558859047
2786299577
2808150424
2774357437
1569843892
1569667482
1556393152
1569666986
2592994116
2070048251
1569952074
1569731445
1569812981
1569715487
2786214769
1569699714
2592822242
2592799423
1569902299
1569894487
2594583713
1569899960
2593073467
2070024149
2807161016
2809030808
1569716018
1569665265
1569917582
1569917044
2787772181
2812790157
1569942382
2806614749
2807525726
1569851194
2786323264
1570038189
2604019313
2808847221
2592827660
2070039442
1569823147
2593069818
1569819730
2795307686
2795438083
1569754224
2592803960
2786297719
1569848503
2809004222
2592848211
2592944997
1569836947
1655711669
2070016088
2786214487
2603080457
1570016515
1738205114
1556238199
2601420594
2787809114
1569931637
1569697603
1569724266
1570015552
2812489732
2809028859
2592810607
2774366832
1569725878
2791058890
1569657885
2592802838
2593113597
2786243465
2800677372
2600156863
1570015331
1570017782
1569685747
1569847401
2774473527
1736864530
2809002056
2788129738
2786243516
1737774523
1569676919
1569677890
2812990740
1570016647
2809035826
2809191645
2788684361
2809000394
1569680198
1569854349
1655745225
2592803545
1737777228
2789807881
1569812526
1569666909
2592841867
1569704270
1569927286
2601399855
2774374199
2812569541
2786274989
1570035241
1569906112
1569826926
2592929241
2592800684
2593092035
2592799012
2786249530
1569803145
2786272327
2597709096
1655467410
2786274378
2599692821
2070024881
2814714132
2774461343
2788290052
1569741001
2808459274
2774507252
1569675588
2808804467
1569710572
2788959673
1570028861
2804957242
2786251151
2774428231
2600216641
1569928225
2593022289
2592817203
2592790711
2809049971
1569920697
2592990494
1569743018
2789875584
1569906176
2809145625
2070027397
2774498940
2070031670
2812512630
1570034539
2593057191
1569757575
2774373743
2791159868
1569732924
1569666539
2592956422
1569920959
2809019282
2592925179
1569742587
2808609106
1569732937
2593050832
1570028987
1569658407
2786274257
2592800122
2594764543
2070022706
2592863145
2593054773
1569950131
1655670415
2809057729
1570015812
1569710427
1655511579
1569864970
2786332628
2592947295
1737776202
1655680120
1556668371
1569698131
1569658578
2786328905
1569686549
1569850600
2774396740
1569846339
2786349086
1569845828
1569862718
1569851030
2786221871
1569829273
2786325921
2786211081
1570015115
2786234940
2592814062
2786284269
2592801103
1570012683
1569846378
2592799744
2786276574
2070035046
1569827994
2774386673
2600268575
2774446315
1569905952
2592868518
2592794398
2682382583
1569914813
1558420837
2786366502
1569879229
2070050415
2774388844
1569697468
2738478176
2592953190
2592798026
2786283109
2593093079
1569806245
2593091052
2774408232
2815050271
2815170096
2812680936
1556386811
1569872619
2593087081
1569854971
1655699847
1570011993
1559284281
1569724500
2600051367
1569686403
2812508262
2592801050
1569710596
1569692995
2774509797
1569674317
1569930097
2786261616
2787809189
1738153348
2592984834
1569739280
2070068211
2592843282
1569951482
2788130726
2594553339
2774354149
2774482338
2774465552
2792877815
1570006188
1569677363
1569896918
1570031122
2809028822
2787727867
1569914908
1570035902
2774359336
1559899742
1569745599
2592813963
1569757949
2786260035
1569722346
1569722310
2592799906
1570018985
2592813841
1569697590
1560466042
1569742601
2795438702
1569762037
1569744002
2790631691
2786234023
1569709955
1737213387
1569809581
2786222284
2814126714
2807462792
2070021397
2592792085
1570027447
1569730375
2801572877
2786326902
2786301357
2593087891
2774374105
1569681940
1569852849
2807082905
2593089651
2786306991
2786272997
2070022005
1569872771
1569836832
1569687358
1569730807
2786249741
2789660115
2808216901
1569672262
1569930608
2592858342
1569757404
2786326914
1569899043
2786309318
2786223027
2592965891
1569817056
1569656156
2592851741
2592792793
2812764972
1569929790
2786218871
1569876307
2593390289
1569681436
1569730734
2799316214
2592984553
1569759363
2592803878
2809019948
2774504257
2786239686
2593033283
2593094570
2808774754
1556121752
1569754768
2814012508
2774461493
2786226005
1569670212
2786237106
1569675604
2795241942
2592801760
1569949040
2774388044
2592958355
2792549771
1569717448
1570021306
2812473299
2774364680
1569943264
1569826221
2786311138
1569690044
2592807464
1569850246
1569676302
2788714192
2592795704
2786287791
1570012475
2678606012
1569708759
1569940777
2788959696
2814015204
2794573623
1569709937
2786271965
1569831847
2774462588
1569730045
2786231641
2794825932
2786311640
2774357412
2593016639
1569930476
2808789006
2812804470
2592803511
1569837113
2807084570
2789659521
1569900584
1569803706
1558491880
2600155386
2774516292
1569953496
1737777097
2592868148
2790149056
2788177916
2070055007
1569700758
2812579496
2809019989
1569912079
1570025519
2774350545
2592789618
2793078812
2592966102
2774508631
2796436061
2601049754
2592807858
2070027533
1569928498
1736896130
1569746991
1569673503
2786315992
2774406211
2774373336
2774441931
2808985956
1569734635
1569944235
1556539544
2788196867
2592795500
2774422555
2813212602
2593089769
1569815739
1570033283
1569711649
1556430111
2809133883
1569670022
2786295271
2592951974
2600231312
2774352082
2786214755
2774456200
1569665251
2774401281
1569686840
2070019390
2808156527
1569814424
1569722707
2070048822
1569921596
1569915809
2593079787
1569710267
1569915429
1736885009
2601439256
2592787440
2593035839
2592799955
1569695959
2601421104
2793165032
1737007039
2601400534
2070048965
1569680534
2786253983
2592805267
2592836743
2814036115
2592829874
1569939624
1737308308
1556283556
2070046311
1569664344
2601481522
1569913064
2800645495
1569715875
1570022896
1569934707
2600213716
1569734026
1569945390
1737778575
1569875617
2808836306
2786240952
2774500884
2786220517
2792722190
2808990289
2786322782
2592824246
2070046725
1655625469
2593096831
1557585631
2774449588
2774500537
2786315924
1569727616
1655208169
1569836578
2774414155
2592794691
1569833464
1570028216
1569887751
1569659952
1569903066
1569942190
1569718994
1569702527
2592971471
1569743766
1569740536
2592796753
2592860125
2592799073
1569678370
1569948691
2786255236
1569658904
1569757099
1569840500
2774372355
2774387577
1569744819
2800732333
2592800379
2786235644
2786333010
2809042518
1569669079
1737779693
2070022114
2808466999
1569740718
2788289930
2786232954
2774390738
1569754354
1569753105
1569682085
2593034225
2774493031
2592790021
2786238993
2786329292
2681997681
1556304104
2786222100
2592815417
1569664075
1569680364
2808991395
1569913170
2774389265
2593027764
1569914927
1569898143
2601402985
2774450834
1569734231
2774403447
2592794829
2786218176
2592827583
2599693018
1569671235
2593623380
2774436674
2786218146
1569823874
2774427673
2592787283
1569850301
2792928390
1569825939
2774373438
1569913410
2774387761
2774365783
2812675286
2592788690
1570006201
2592798693
2592982042
2786310476
1557283934
2774452671
2593098587
2593035441
1569697294
2807158716
2070021345
2592796052
1569835843
2070067729
1569665554
1569828658
2774410307
1570014808
1569900701
2786313911
2809013892
2774431931
1569731782
1569803158
1569659121
1569806061
2593028857
2592830369
2592971405
2592797435
1569806529
2786307784
1561264152
2793009743
1737777321
2601493929
1569693601
2774427547
2786273474
1569915052
2786242828
2795502115
1569843095
2593062754
2789526302
2786252509
1569928276
2601422453
1570034513
2592804681
1569716418
1569814411
2592799056
1570007734
2592805646
1569865100
2786261340
2592864983
1569657947
1569753023
2593496517
2774430159
2070041149
2603054080
2601414677
2070016486
2592792492
1569704257
1569844721
1570008622
1556815648
1655605030
2800754139
1737779666
1569676288
2681096346
2807163196
1569753866
1569667668
1570018657
1569830161
1569660433
1569659154
1570028318
1655676156
1569741037
2070041060
1569900236
2600164927
2774396665
1569689299
1569945916
2774354128
1559623830
2592969210
1557084144
2592800079
2070022481
2774443564
1736443296
1570007555
1569945364
1569926987
1569674672
2808997047
2070031630
2758082343
1569897244
1737777635
2786230447
1570026747
2592796016
2812746216
1569871418
1569803958
2594280097
2788684240
1569888627
1569874195
1569664778
2786260691
1569830069
2070031425
1569948599
2792931720
1570009696
2774477857
2070043648
1569674763
2592834881
1570011276
2593043950
2070044879
2786231917
2592827089
2593056744
2592836933
1570008851
2600164403
2594093366
2786216677
2790494980
2602894026
2600282638
2592799315
2593046275
2774388338
1569742425
2592941679
1569897211
2593094708
2596861874
2786299692
2787718256
2593046699
1569680522
1569883608
2592804699
2792446012
2813149492
2594463664
2593022800
2786295058
1569717031
1569678939
1569904803
1569707858
1569656120
2592826012
1662418041
1570016966
1655527883
1569684056
1569839936
2774447678
1569670068
2787777995
1569919066
1570009814
2786302264
2814035953
1570028543
2070030893
2774480891
2774370963
1569757018
1569759087
2774445502
1569835237
1569687535
1569892688
1569928550
1569911031
2793277807
1569830476
2786254222
2592806726
1569878046
1570015269
1569708112
2070016912
1569811427
2788130960
2600150294
1569736708
2786324954
1569871322
1569759622
1569897904
1569871308
1569913957
1569723142
1569749011
1569848290
2593651059
2774480607
1737778040
2786282409
1569674948
1569813658
1735762685
1569748136
2774445001
2774500404
1655516355
2593011734
2774440849
2592975145
2774319268
1569879311
2592792865
2792494410
1569723186
1569696892
1569842007
2774336090
2813003850
2738583059
1569672053
1569920750
2796433898
2592840911
1569753982
1569717299
2786318247
2774351509
2676760965
2593094534
2070018199
2774366659
1569661243
2786222954
2808986695
2786255783
2786307013
2592977111
1569673743
2807958395
1569864849
2592813945
1559385239
2070032175
2600316256
2774422735
1569867668
2593678896
2592802996
1569671629
2592989096
1570009249
1569718200
2774406237
1569893005
1569715816
1569852636
1569726048
1569663449
2774504408
2774388357
1570011540
1560274315
2790530320
1569832694
1569725991
1737774054
1569711663
1569657312
2786218112
2812831871
1570017859
1569842727
2787919483
2790149014
2774402940
1569694834
2593001977
1569895164
2786319854
2592922664
2593033180
2070021929
2070021961
1655646117
2592803162
1569666417
1570033613
1569813132
2790209016
1569693544
2070047750
1570029273
1569809181
1569850264
1569952194
2592792134
2793172971
1569943565
1570031392
1569667831
1569818913
1570027307
2601487711
1569752807
1569665667
1569834305
2592950445
2070039989
1737102571
1569688675
1738155279
2774367629
1569727736
1569906523
1570008188
1570015363
1569877305
2592844883
1569675480
1569692020
2592853947
2593058325
2774344763
1569690861
1569838132
1569889243
2786223402
1569730415
2592805665
2786289389
2786235876
2592793223
2788120286
1569836539
1569914750
2786322377
2787819143
1569674777
1569691279
1569696920
2796691120
2788254393
1569682719
2774337720
2592793166
1569921003
1569844217
1737774045
2786317801
2808148881
1569923349
2774351561
2790456212
1570037811
1559101701
2786328028
1569757350
1559283039
2792947447
2806662767
1569681451
1569838226
2070016644
1569670952
2592853803
2592875830
2594553795
2592822046
1570007974
2592819313
1569911954
1569920314
1570017082
1569857606
1570006122
2593010145
2774446924
2786313960
2600296209
1570023298
2786221466
2787996016
1569859530
1569696832
2070026225
2592966512
1569946061
2592791056
2786257139
1569815703
2808772127
2592788134
2786239941
1569848518
2787991493
1569748691
1569888860
2798963659
1569717313
2786273114
2774392523
1569747954
2592806747
1569947448
1569705591
2592836468
2592826098
1569880883
2786314110
2592856560
1569660533
2592959213
2809011445
2786299678
1556983113
1570009311
1569657131
1569858612
1569879018
2786221418
2793036469
1569743375
2789361948
2592806592
2593054717
2593020249
1561257006
2789332720
1569683571
2713614475
1570015312
2774406250
2787808722
1570017290
1569660343
1569663392
2592908919
1569837555
1569927061
1569754661
2786239888
2677779414
2799040446
1570033735
2592868950
2070029351
2592854083
2774452607
1569660103
2592796462
1570008916
2592815252
2774344872
1738183995
2808773692
2793274523
2592849096
2789046180
2786328710
2808627732
1569877046
1569663233
2774406860
1569758649
1569820126
1655658743
1570027265
2677391063
2786334204
2601426301
2070031570
1570037931
1569831806
1569681599
1556117355
2592839493
2592812740
1569755312
2812869684
2795775485
2812479058
2786390673
2786286398
1569678835
1569888799
2809000486
2592987335
1556802822
1569687556
2592829435
1569953675
2592993456
2592803830
2774362623
2812608715
2803453323
1569945811
2070078140
2788254327
1569938899
1569840031
1569692429
2810270337
1569751014
2786315912
1569676386
2786212438
2788153370
1569664133
1570017190
1569837402
2592790992
2774386839
2786275756
1570035290
2809434651
2786257165
1569755208
1570033006
1556826683
2592937663
2786272947
1570024052
2592789289
2792909113
1569945630
2593014985
2786276659
1557838265
1569659745
2592797861
1569904258
2593010384
1569837805
1569837498
2592814750
2592795238
1570037903
1570016880
2593066696
2799909295
2796434976
1570029299
1569747689
1569850827
1569917849
1556121788
2774342101
2774344900
1569663090
1569685289
1569911896
2786224981
1569670966
2786319043
1569688526
2592854316
1569950172
2792598297
1561263926
2592994621
2774423609
1569827562
2592827752
2592802045
2787819059
1569952207
2806627846
2774349546
1569713261
2812758966
1570008592
2786318039
2786261628
2592791161
2592806895
2814036068
1570026831
2070033137
1737775174
1569754475
2592856541
2786322430
2813018069
2592809178
2592803252
1569664360
2593035982
1569880829
1737777596
2594524490
2774398025
1569848959
1569688791
2593044016
2792999204
1569688692
1569818332
2788129597
1569949923
1569848213
1569945831
2786329986
1569713251
1569938396
2070030530
2792954587
2070022416
2786274551
1570029018
2070016670
2806021838
2786217250
2809034873
1569917790
1737202870
2774344857
2603417840
2808147582
2813223026
2786291881
2592813155
2788475750
1569679821
1569871993
1569662480
2592788469
1569892749
2593011753
1569819132
1569941721
2070032255
2592802328
2774444795
2814047654
2774441905
2814374426
2786240657
2786237459
2793274542
2786348201
2807525709
2774318068
1559950702
2070033511
1569670907
1569841828
1569660496
1569816544
1569938443
2812453945
1569939313
2806993076
2774438817
1569841659
2593020748
2786253538
2594281465
1569849654
1569892992
2070017296
1569711422
1569931302
1569752944
2786215029
2592870779
2786362794
1569666091
2787872315
2786328087
1559668381
1569705563
1569743489
2774423212
2786297906
1570032407
1569845301
1569727472
1570028875
2600590606
2592826523
1569673899
1569927225
2788713634
2602963298
2774441918
1569670640
2070020956
1662417225
1569949501
1569680891
1569667262
2598560614
2070054950
1570011413
2592939070
1569660227
2809071437
2774413117
1736877091
1557798807
2593085914
1569942830
2812746442
1569698373
2786241092
2786346070
1569754781
2070048982
2807154835
2812512614
2800077990
2809004088
1569665595
1558234651
1655515135
2786220134
1569746803
1570006363
2774409140
1569944776
2593022877
1569816167
2593088588
2593017640
2810193822
1570028367
2592959161
1569900024
1569947723
2593051670
2793059888
1569868549
1569899306
1569673314
1569687475
2592986685
2592944663
1569674600
1569918405
2592805838
2786310513
1569756043
1569711408
1569804105
2592938376
2786217820
1569814176
2786234310
1569666607
1569666687
2805488119
2789044583
2602410065
2592829670
1569943535
2786291929
1569677199
1569889915
2809419826
2786316568
1569746618
2809006988
1569668726
1570009829
2593063264
1569664843
1569685719
2592836189
2786242005
1569910263
1569744448
2786331602
2070068673
1570016725
2790486982
2070071876
2592798155
2070045138
2799089235
1570007387
2592806338
1569715979
2801015544
2592861843
1569747633
1569754588
1569910781
1569852123
2593064067
2592831000
2788261846
2601516953
1569945475
1569750444
2774340561
2593037200
2786245498
1569720353
1569674469
1569762555
2812750907
1569756378
1557446060
2807764367
2592838556
1569839070
2803458343
2792836282
1569830262
2592805397
2070070261
2792444493
2807151961
2809001493
1569848767
1569676315
2593055026
2070048543
1569841084
2774452637
2593001993
1569850577
1737779526
2801844538
2774419714
1569944090
2592800930
2774337929
2774351647
2786256501
1569672137
2602659167
2807128489
1569678823
1569662047
2070054426
1569816410
1556397631
1570014869
2793197926
1569853730
1569890322
1569734411
1655639759
1569942908
2795337709
2786348600
1569921523
2774510315
2592802351
1569883060
2070019245
1569910833
2593614476
2774380156
2809003461
1569675096
1569918104
1734043342
1559177176
2786237954
1569688298
1569717468
1569842249
2808836767
2592808571
1570027211
1569716113
2786238601
1569806024
1569666593
1569921678
2592795416
2786285583
1569881870
2070024956
2808244997
1569897577
1569951413
1737778220
1655614979
1569660255
2787937715
1569839381
2592804995
1569809075
2592796494
2774339735
2788120238
2814139482
1738207638
1570010721
2807256078
1569820572
2788260825
1569901733
1569948299
1570016501
2808770637
2592828170
2592790760
2592890418
1569668872
2678092308
1569826739
2788659495
1560284220
2602739413
1569928259
1569848675
1569835994
1736885335
2800732424
2604579143
2070045177
2774359635
1569912342
2786356073
1569953479
2070021771
2786310420
2594354881
2809310342
1570019765
2812441815
1556100415
1569665027
1569681318
1569666635
2786246210
1569913078
2786214719
2812473173
1570038965
1569846542
1569922526
1569836211
2774411010
2801597718
2070022224
1569870874
2786323841
1569705952
1569902553
1655214873
2808984743
2809049056
1569893295
1570030763
1569761221
1570010942
2786296072
2070022926
1736876776
1569832283
1737778246
1570017810
2592996177
2786319337
2774399857
1569825641
2803839792
2786241170
2786314050
2676971639
2594253412
2774396082
2812668121
1569757840
1569658610
2786313887
2593647813
1569845204
1569848870
2801019689
2592801285
2786317987
2786219811
2786210865
1570010669
1570021073
1569659206
2593005310
2788472115
1569749702
1569816053
2786284634
2592800910
2787726569
1569730362
2592788778
2070050838
2592812682
2592796789
2592941401
1655622914
1569738445
1569902819
2603352283
1556290390
2786244142
2812421864
2801828335
2601404813
2788221660
2592990508
2787721439
1569851356
1569679424
1569802869
1569808955
2774499954
2812680293
1569922858
1569734368
1569810387
1557325115
1569710315
1569912472
1569726117
2592800061
2592791557
1569676140
2774416122
2592805305
2792931398
2592958441
2793253181
1569823632
2592811269
2786291913
1569664314
1738210938
2592993558
1569870453
2774328104
2592875041
1569913517
1569902507
2594272120
1569665363
2807084587
1569665057
1556084648
1569668092
2786235229
2070015981
1569911044
2592955997
1569659141
2786257153
2774509152
2809307074
1570037258
1569665319
2592808081
1570016483
1569884731
2809003638
2786341866
2774484665
2594086561
1570007433
1569735360
2808147351
1570016174
1569812190
2601600867
1569901034
2593111733
1569685659
2787992634
2799410029
1570010657
1569754567
1569758850
1569942577
2786234366
2795193712
1569675314
2774412157
1569834466
1569711594
1569892346
2790148985
2774431032
2592810116
2593087016
2774406224
1569664452
1569676725
1570012353
1569717609
1569718338
2774349226
1569883690
1569862805
2774425310
2592921789
2594253596
1569679089
1569850398
2788289876
1569684856
2774423195
2792852037
1570016146
1569878772
2070046300
1569659503
1569678155
2789361889
1569913585
1570007014
2774455473
2600260941
2593041538
2786294680
1569683555
1557326718
1569945720
2592851335
2592981650
2592821398
1560658388
2774443981
1569716452
1569953702
1569940472
1569927770
1570011804
2809001786
1569927573
1559223522
2809429167
2801856890
1570017878
2592839950
2786313345
2807161827
2592796734
2808260992
1559600688
1569899973
2592811313
2791055357
2592838268
1569749241
1569724972
1569885882
2593086047
2592981098
1570011235
1569681151
2813652883
2807216834
1556122598
1570021105
1570007990
1569875463
1570010433
2786216649
2774370573
1558028037
2592992973
1569762451
2592884167
2592792775
1569751726
2594056700
1569885756
2593058408
1569667334
2600827773
2808982921
2070045259
2593083563
2774345805
2601406390
2786234382
1569900678
2592805594
1569685133
2786274359
2812477553
1569716934
2774438135
2593019858
1569759377
2592813907
2070045117
1569867955
2786237119
1569835669
1569737596
1569830175
2592843473
2799002509
1569736050
1569678859
1569870073
2592808470
2794826095
2070031903
2592814330
1569941609
2792842157
1569917596
1569838912
2792849286
2813284792
2599985461
2774505469
2808527876
2592843453
1569676905
2592843491
2787737772
2592800729
1569896900
1569655907
2593054185
2786280411
2786330167
1569884019
1569815623
2812529559
1569893964
1569936262
2786336562
1569904592
2592838539
1570023738
1569683091
1569660833
1569819235
2786211967
1569743571
1556186189
1570014711
2807211783
2070023467
1569930515
1570000291
1569821245
2808630232
2592942880
1569664748
2070015765
1569659471
2592968979
2592957624
1569935155
2792514715
1569835411
2792550655
1569691628
2774441847
2593088970
2774382659
2592865244
2794802906
2592796081
2812505199
2758082001
1569865209
1569695639
2788261685
2808467052
1570037459
1569690430
2774475968
2774359177
2786234412
2786322794
1569678204
2774389744
2812831822
2787808815
1569889956
1569665972
2774324834
1569900550
2592791687
2792913037
1569683810
2592803017
1569928910
2813057075
1569675519
2774398296
1569857676
2599683328
2786340076
1570015211
2786256294
1569921506
1569680006
1569803424
2774389537
2786214908
1569819077
1569933784
2787724210
2592856631
1569808585
1556342803
2774442009
1570035402
1569953648
1738124354
1558553530
1569715428
1569668919
2786237768
2801699197
1569808488
2774321343
1569719016
2774449030
2592989157
1569697166
2774351372
1569804076
2594085360
1569667772
2808846906
1737237507
2786285753
2592822759
1569709923
2774441957
2592803893
1569843537
2795418041
1737779719
1569939220
2774457630
2786216848
1569690997
1569928779
1569695104
2070044686
1569719194
2594253365
1569839969
1738191778
2592797140
2774391255
1569912668
1569750238
1569916982
1569840156
1570016468
2594330396
1569946451
2774458515
1569922733
2793140182
1569676996
1569930502
2774415765
2593010356
2774413831
2592798729
1559599712
2809003575
2592994537
2806869541
2593028637
1569912785
2603274946
2601414396
1569664619
1569818947
1569897171
2786300973
1569685363
1736577155
1569947544
2786319840
1569894929
2774418165
2601421304
2593031217
1569711298
1569832561
2786338558
1570038025
1655711936
2070045562
1569681833
2815129390
1569947359
2603990448
1569666250
2592800140
2070048093
1569726062
1569739931
1569696846
2592834902
1569727167
1569871389
2593027970
1569820256
1569717398
2794825534
1569693802
2809038520
2676757905
2786366061
1569711108
1569808442
2812922884
2787726658
2786313935
2807253220
1556949989
2593088954
1569656827
2600235565
1569749053
1569709322
1569723471
2601416785
2734904211
2595215566
2600259125
1570018057
2593110095
2592875203
1569680680
1569697551
1569747940
2801596113
1569950930
2592801908
2070074454
2070045446
1569858130
2786237966
1570006420
1569675466
1569899387
1569953397
2786353827
1570024365
1569857061
2808147225
2774338843
1736943032
1569751685
2593005539
1569729302
2808783041
1569906072
2774385662
2593067923
2786324115
1569729451
1569673300
1569683107
1569716031
2592851854
1569847830
1570030737
2592831130
1569665491
2786217587
1569832204
2794826119
2786215548
2790490333
2774338421
2809302724
2070054732
2592799157
2792954671
1569663679
1570015534
1569815670
1570032241
2593049286
2787762736
2592815948
2592953205
1569831405
2592959705
1569666731
1569938022
1569828255
1569810263
1569926781
2592963062
2592802858
2786220392
1569691659
2592958383
2807158674
1569688322
1569901082
1569869679
2723635611
1569918361
1569689673
1569755186
2592792063
1570027738
2808469278
1569823906
2786323059
1559385169
2774471308
1570008158
2774392691
2786241945
1569814506
1569715148
2788961360
2592853285
1569930577
2786253681
2786222252
1569884717
2592815529
2786318735
1569920594
2786323947
1569696042
2774525120
1569742813
2070045231
1655717995
2600600850
1570040624
1569736539
1569941704
1569803918
2603079216
1737779113
1569736100
1569726499
2786218859
2592831567
2592813533
2786313193
2788472193
1569833961
2592791946
1569941869
1655117487
2774486367
2774405770
2808434006
1736865935
2774393418
1570008899
1569892567
2070027987
2592808153
1559287111
2786296159
2812607771
1569671266
1569684110
2786286480
1556422339
1569833808
2786272055
2788153221
1569717479
2592799799
2774462892
2592795565
2803424869
2786263290
1569873802
1560539807
1569698115
2809109777
2786251103
1569839393
1569816487
1570010566
1559956523
1569809356
1569755112
2787755142
2592836440
1569841347
1569916509
1569872709
2593035373
2774342852
2774328819
1569937716
2070071175
1569918823
2592994431
1569736135
2592971586
1569710609
2774373117
2592831149
1569809844
2592948535
2813735295
2592794363
2774433976
1570038611
2592975614
2812605358
1569892056
1559602396
1569677857
1569755374
1569817211
2786272351
2593032572
2592794490
2803191085
2786254596
2786278055
1569673587
1569675161
2774430205
1569663247
2592817495
2774349845
1570031318
1569915491
1569700412
2786312618
2786276676
2807152017
1570011614
2593064413
2801015362
1569824232
2786358597
2786323528
2681906584
2808607431
1569952265
1569948903
1569817530
1569834615
2774475644
1569807075
1570014640
2786223011
2592865494
2070069884
1569816619
1569894582
1569848250
1569944847
1655745266
1569870180
1569715196
1569943242
2786274426
1569836969
1569672323
1569890839
1560284160
1569755300
2786326183
2787811099
2592954172
2592835038
2786272712
1569870416
2774357520
2808986397
2812565175
1569899255
2786281417
2786217365
2592984173
1569677316
2774356164
1569831642
2592801856
2786218668
1558848907
2774356740
2592797739
2070046532
2070016730
2786252535
2801702156
1569915034
1569883005
2786221820
1570017451
2787812361
2794825649
2601658161
2786358947
2070044667
2593517336
1569749823
2774471097
2789361971
2809140172
1569667376
1569686057
1569886601
2774373489
1569870109
1569714107
1570009279
1569659627
2786219050
1570023000
1569886932
2813781402
1569859422
2592838215
2788846613
1655214836
1569932823
2801921024
2774385978
1569845234
2070016683
2774420175
2801609318
1569940455
2787991517
2799244017
2592862404
1569947706
1570016562
2786243487
2774413136
1569657972
1569836397
1569667008
1570018750
1569913228
2792445987
2786317789
2812541669
1569759231
2774370527
1569836181
2786217274
2788121522
1570022915
2070036409
1737777367
1734749912
1569938344
2601437474
2812541461
1569897029
1570008318
1569675287
2601484557
1569870306
2600212779
1569743070
2592813190
1569927703
1569663911
2592964636
2592838196
1570034214
2774419595
1569897522
2774329328
1557364456
1569824695
1569944310
1570012197
2812575718
1569826875
1558110505
1569937511
1569750374
2812808758
1569872142
2808991222
2786275193
2792406277
1569900714
2786314038
2786319057
2774389658
2774373096
2774504393
1569680643
2787808364
2593035425
1569880552
2788239007
1570038041
2592805013
1569848135
2793212397
1738194124
2786322393
2774419647
1569944733
2809109797
2788961675
2786229271
1570002059
1569922424
2592808848
1569889463
2793248906
1569723315
1570026493
2799387684
1561800741
2594277868
2070055196
2786234048
1737777249
1569928853
1570029458
2786355604
2786212330
1569946295
1569679342
2809044566
2774462858
2592848250
1569902902
2814217930
2795302525
1569832776
1569736087
1569850807
2592812085
2070040497
2809138226
2786332066
1569677035
2787919240
1569662464
1569716921
1570029080
2593061509
1569871336
2592864244
2592960738
1569848889
1569938306
1570037945
2774443486
2814043925
1737205163
2809195362
2806627093
2592967976
1569720445
2787771436
1569753969
1570025362
2592978607
2789951099
2603085800
2786255101
2786327876
1570040602
2809052819
1569950830
2592965434
1569689165
2807135324
1569882741
1569816349
1570018807
1655516094
2070078282
2594122645
1569953354
1569849274
1569743266
1736894852
2070030363
2774336861
1569802746
2774508525
2592799038
2809059176
1569734349
1569852015
1569919300
2787770560
1569842540
1569906233
2786328075
2774421508
1655747541
2601471636
2786308447
1569848395
1569753221
1569657197
1569672724
1569843162
2786288334
1570026974
1570012063
1569946310
1569730317
1569723300
1570010188
2808615222
1569663595
2592838837
2070037110
1569657239
2592963556
1569932384
1655508697
1655665255
2594577310
2774444211
2774429806
2788011256
2786232480
2592969227
2786226079
2786212127
2592795686
1569943509
1655510911
2774410563
1736896269
2070022541
2592805535
2809397891
2806784426
1569835354
1569688284
1569662395
1569725804
2774425239
2801626134
1737777337
1655642585
2592799623
2786344203
2786282468
1569812883
1569942952
1569877629
2774400428
1569817423
2774372802
1569948426
1569813304
2774458700
1569875108
2799002557
1569858042
