1569830421
1569943329
1569838089
2774397121
1570038025
1569864798
2786271965
1569817563
2796458652
2070021895
2791159924
2786312994
2786263240
1737776734
1569672507
2593076739
1570015423
1738184365
2786220517
2592890418
1569726778
1569933011
2786290822
2803453323
2592797123
2593620294
1569911896
2592836217
1569755918
2593678608
2592971222
1569842809
2592955997
2603552041
1569666799
1569673687
2792928390
1570006890
2593050753
2774386673
2774506746
2070017218
1569761221
1737777498
1556845152
1569671407
2774340561
1569665834
1569741001
2592816862
2592799334
2592866492
2786286389
2786216820
2786321352
1569944182
2786307291
2774502372
2786254596
2593034225
2786289241
2814511974
2592867735
1569848518
2790631580
2786325336
2808148899
1569673717
1569906205
1569667831
2592791739
2592811906
1569812212
1569838912
2592981098
1556386811
2592813533
2592941679
2786234382
2789376058
2774391611
1569668196
2592886821
2592803097
2774423609
2789361948
2592793166
1569917949
1556121752
2786216074
1569748041
2786309909
2604019313
2592986685
2807154179
2786214701
1570012475
2596861874
2600590606
2786301357
2808774736
1569830767
1655747541
1569926781
2808995939
2790148985
2792931633
2774354149
2786347291
2774388357
2796691120
1569836181
2786241092
2786232954
1570015020
2592792865
1569735086
1569930660
1570015331
2592945407
2806993042
1569871064
2774422603
1569668872
2774420975
2600354887
2592976054
2812451624
1569687535
1655501589
2593013449
2774373238
1569802746
2593023687
1569820192
2786242828
2812508262
2787772564
2789532078
2592954726
2788684361
2808630232
1569753982
1569832546
2592807929
2786313193
2592974283
2592894496
2774442009
1569818541
2677411824
1569867668
2070031954
1569668062
2774458515
1570006363
1569731769
1737778575
2794825694
2592789975
2812544466
2796634024
1569948299
1569728289
1569857473
1569752550
2592812553
2774346247
2812758966
1569734096
2788049356
1569816594
1569656226
1569929182
2676926644
1569836397
2600420654
2786219147
2786319071
2801702156
2807128489
2808150686
1569933509
2808992299
1556117355
1559385239
2592813463
2787777720
1569891659
2592791574
1569843509
2808145178
2812831896
1569919462
2812473137
2786227305
2774461493
1569947706
1570019120
2786274156
2592827583
1569677035
2792877815
2809162081
2592820250
1569738125
2774443981
2594274002
2786240795
1570019298
2788961675
2787752524
1569846357
1569827382
1569665319
2786279247
1570031926
1569658407
2603340167
2593001977
2070022926
1569658960
1569917684
1569757113
1569872033
1738101226
1569946451
2592837009
1569892393
1569902111
1569828475
2786295271
1569663392
2603129375
1559149106
2788680428
2786315396
2592966385
2786217214
2592989096
1570019312
2786310513
2792826354
1569842599
2592793467
2592984028
2786310476
2592792690
1569708316
1569842540
1569874773
2786256501
2774457630
1569755112
2593759771
2787809213
2592798693
2786245469
2788713914
1569749053
2774370217
2600348359
1570016515
1655671256
2787811008
1560562053
1569662588
2787992575
1569911988
2786314050
1557798807
1569848789
1570034197
1569762054
2593064837
2592799906
2593012558
1738183995
2592868518
1569871336
2809048609
2774373054
1569711108
2806616983
2592791557
1569673364
1570012353
1569892056
1569687316
2809195362
1569891109
1569840130
2774385978
1570011276
1569859177
2592807801
1569859530
2594583713
1570013016
1569745409
1569736752
1569724444
1557076218
2593001993
2812761562
2592806592
1569889104
1569845204
2792985719
2592839894
1569844960
1569758183
2593069972
1569816244
2593031217
2795656303
2592789042
2592851994
1569743105
2786313593
1569716113
2070029821
1569761820
2070015795
2786222314
1569738271
2812790157
1569662699
2795241639
1561209691
2592862404
2070072006
2774442691
2786296147
2592797049
1737777536
1569666607
1569694711
1569949512
2786310420
2812505356
1569831213
1556422339
2812413828
1569921410
1569710646
1569666811
2806021838
2798958937
2592801450
1569941869
1570011308
2786346070
1570017451
2594355297
2786282468
1569863039
2593994947
2789542687
1570011804
2787822765
2786271750
2774357520
1569839511
1569841134
1570016880
1569715914
2786282409
1569693506
2812430499
1569880364
2812579496
2812869684
1569706839
1570028216
2813843916
1569687810
1569951436
1569733969
2592796511
1569806529
2786320986
2804653116
2808221513
2787721940
1734283228
2774393968
1569673824
2786256941
1569736722
1569939397
1569853688
2592925179
1569816994
2593038268
1569805114
1737779355
2809302266
1569918702
1556335588
2791058874
1655646117
1556602163
2593050437
2809021520
2774418165
1569866639
1557023765
2774443347
2788287260
1569938443
2786354797
1736443296
1737774523
2790456212
2593050832
2787925624
1569842090
1569712991
2798965147
2592987196
1570015763
1557636153
1569870073
2592865547
1570041438
1569743724
1569836342
1569898054
2070034028
2774393323
2786313162
1569815739
2593010145
1569848997
2808156527
2792867381
2593010356
1569670068
1569693802
2774365930
1559283039
1570039465
2593088588
1569720491
2786216244
2592951974
1557326718
1569828545
2683034363
2786302264
2774462501
1569896918
2592942880
1569675161
2815050271
1569660547
2787791539
1569874810
2808359455
1655197234
1569668591
2592830116
2595215566
1569808488
1569825939
2594764543
2774344436
2593032554
2774412794
2786250458
2806662767
1569815966
1570002059
1557840616
2786215369
2593013129
2592836663
2602410065
2592826523
1569815414
2592796146
2593055026
2593028637
2808995026
2592959705
1569688791
2774516292
1569731821
1738182178
2592801050
1569831287
2593022289
2812529559
1569803706
1569752807
2795241736
1569744257
2774400428
2070068211
1569831806
2774365783
2593044026
2796437906
2592977715
1569697590
2774395363
2070015780
2786285753
1570016501
1570010188
2799629134
1655642585
2799057864
2774392548
2808811547
2787772181
2774392523
2594357442
2789381555
1737779719
1569874700
1569884300
2774389803
2788411554
1569803660
2812675259
2593104722
1569684084
1569892992
2594463694
2786222252
2786255900
2785663044
2592814643
1569871993
2788974930
1569936222
1556186189
1569868549
1570025362
2787872234
2774422555
1569823467
2786295058
1556304104
1569740942
1569864656
1569753023
2774501836
2812477513
2786308952
2713614475
1569657797
1569905952
2592799485
1569949525
1737070890
1569677316
1569716912
2786324115
2592796715
2786240685
2594262063
2592797354
2593090610
1737774054
2593027699
2806621128
2774364380
2592788690
2796913110
2592993456
2807162570
1569849462
2774442987
1569904379
2786272351
1569806061
2786221062
1569881604
1569667654
2774523552
1569829303
2592813806
2812433078
1569927327
2592796191
2598560614
1569755402
2593081702
2070027397
2792515198
2812795541
2795188410
2808532309
2070016990
2592868910
2592815586
2593048146
1737202870
1570041048
1738219585
1569753878
1570016815
1570007914
2592990534
1570035402
2774499497
2592842401
1569919499
2070022561
2070019787
2786221871
1560465902
2787777853
1569677688
1662418041
2592803162
2788153370
2592922664
1570017506
1570018094
1569836947
2795304052
2602734554
2814186921
1569741050
2804652664
2774386731
2786244142
1569943660
1569692020
1569953675
1569668527
2786295015
2592821972
2592950445
2795502115
2599985461
2697077887
2601481522
2593086974
1569736560
2593060199
1569832694
2592977699
1569884088
2786287202
1569936078
2592823396
1569740987
2814036115
2676758410
2786338558
2592836933
1569913064
2592841889
1737779706
1569850827
1556309712
1569668378
2593060207
1569875108
2592793200
1569657424
2593101640
2786322393
2070047038
2809042562
1655566609
1737775029
1569688970
1569911395
1569948758
2774392205
2786294680
2807152744
2774344885
2798949304
2809030808
1655654473
1569668092
2809001453
2788130960
1570016278
1569754073
1569690881
1569684531
2592795054
1569803918
2786298188
2593037168
2774446628
2795658295
2070020297
1556814553
2593614476
2790235861
2786317913
2592801353
2786226005
2774337515
1569658610
2799110994
1569723517
2774435455
2774400006
1569716018
1570033613
2774337583
1570040912
2799105762
1569814176
2592814718
2786339326
1569661528
1569927770
1570007387
2813781299
1569673743
2801633026
2789545823
1570024081
2593005370
2592800140
2683111319
1569673731
2592966166
1569916005
2792931398
1569946080
1569685652
2774372802
1569665972
2807764367
1569930489
2594350871
1569670376
2070020148
2786314098
1556393152
2801597718
2592803774
1655710461
1569943400
1569927634
1569674886
1569666222
1570017174
1569675314
1569743375
1655590500
2592807018
2592827463
1570032407
2774338843
2774436261
2774451569
2603624485
1570017023
2592830563
1569942923
1569663037
2594580204
1569695766
1569838537
2757874445
2808150537
2795186643
2786324127
2786355870
2592801638
2801762160
2814195653
2786300973
2792923352
2774422141
1569684023
1569738102
2786307406
2676886359
2601658161
2788680520
2787809355
2592958441
2787730010
2786313249
1570030830
1569687475
2788254327
1570029128
1569921523
1569676288
1570011993
2808148663
2592838539
2787759906
2786321202
1569930502
2792818588
2593099422
2786336321
2592803941
2774436674
2774436045
1569910833
1556899426
1569938365
2593035409
1655645359
2786321420
1569843399
2600158610
1569680877
1570034256
2774441821
2798969759
2774376962
2812541461
2592838234
2786222176
2789332720
2786258619
2592854316
2774408817
2600268575
2774344763
2592800043
1569846542
2070039372
2592796789
2774508525
1569882952
1569952349
2806718825
1570029786
2812761542
2592805284
1569848570
1569694794
2786239053
2774396196
2809052819
2795302525
1569945273
1569949556
2809279475
2774495730
2809057729
1655214727
2814050302
1569813421
1570026884
2728683825
2070015981
2774401572
1569850650
1569838734
1569719016
1569934333
2593087081
1655285299
2790530592
1569879287
2786328087
1570014556
1570033764
1569882042
2814380969
2809044566
2592984262
2592987335
2070029339
1569752680
2786237768
2594273296
1569756357
2601450215
2799409982
1569680891
2786219524
1569852559
2592787440
1569917596
2786313960
1569944325
1569679496
2592860125
2786234412
2070050838
1569851558
1569934859
1569891636
1569684110
2808609106
1569879031
1569725878
2070038200
2676757905
1569688692
2070045509
1570015534
2786299835
2799316185
2592799157
1569949818
1569809844
2813036408
2786253997
1556091276
1569660578
2786474334
1569672400
2593005756
1569723559
2808615222
2774326757
2792905571
1569680351
2593478290
1569757127
2807061529
2806870045
2592799073
2593079815
2592845608
2070028300
1569874518
2592920710
2792549736
2774399322
2786219135
2774428126
2594280097
1570037903
2774400595
2774410921
1569848213
2593028957
2070023141
2788121522
1569677844
1569822954
1569948384
2592801856
2774456200
2808986397
2070016899
2592920690
1569671819
1570013973
1569912396
2793197907
1655214836
2794578528
1569676054
1569668425
2798963659
2806784443
1569668919
2592794381
1569674872
2786326914
1569902832
2786241238
2786314086
2070053562
2786276659
1569680689
2592799315
2070022224
2812888507
2774359700
2786319770
2592790242
2593059927
2787720049
2793163300
1569832578
2592803017
2774519710
1570028956
1569921367
2793163322
1569829841
1569824559
2592828743
1569920576
2787724210
2600266267
1655724664
2774321550
2786328075
1570011614
1569952282
2593066518
2593011375
1569856707
1569729451
1569717246
2592829874
1569750866
2774364655
2593010516
2800723228
2593070211
1570032030
1738155279
2592984124
2807151961
1569917100
1570016346
2592787283
2786215136
1569859017
1570014166
2786328258
2774350513
2774373117
1569889231
2592836728
2786285292
1569858960
2592851854
1655680120
1556430171
1569743530
1569921576
2593085467
2812667788
1569692429
1569675914
1569945630
2801596113
2070021722
2790929568
2795302436
1569811915
1569894411
2592799759
1570011413
1569747633
2601426301
1569820917
1569830316
2774402612
2593064413
1569674747
1570040806
2594273759
2801015544
2593458309
2786234940
1569890367
2592794654
1569952265
1570015552
2070048875
2070054961
1569806979
1569951089
2800645495
2774419714
2592802981
2786321083
2812437921
1569895152
2070031097
2774502480
2807283051
2809049056
1569913410
1569709837
2603162288
2592939050
1569720353
1569802869
1569675943
1569911619
1569673284
2774443512
2774373171
2794825976
1570037945
1569667363
1569713522
1570009682
2803191085
2808774754
1569743489
1569762071
2070071661
2786323947
1569840156
2774337720
1569674916
1569911206
1569694323
2774503755
2808846906
2786221572
2786277840
1570040847
2774373578
2774434764
1569661306
1569917708
2786322782
2592798615
1569736334
2799901032
1569876307
2805478756
2809003873
1569690632
1569665568
2682382583
2786253927
1570016577
2801019689
2594427388
1569674132
2787727663
2786234023
2721019628
2786220840
2774343488
2070016962
2795384243
1569857486
2786333010
2800740300
2592800079
2788481471
1569949345
1569737921
1558420837
1735762685
1570026918
1569953397
1569722310
2593016639
2592822242
1569686430
2786235136
1556845135
2592793818
1655536534
2786317889
2774345204
2592882561
2600295664
2593623380
2803839792
2592791946
2592808793
2592863145
1654747295
2786311640
1737778471
1569835843
2070046391
2808613748
1556121788
1569715875
2774393995
2774342831
1569869542
1569903987
2592813945
1569897609
1569813304
1569809356
1569686772
1569832776
1569664778
1737777206
2774447678
1569665265
2592863107
2593055916
1559599712
2601427197
1569681940
2774366563
2808627732
2735775098
1569803549
1559177727
1569890839
2809213838
1570009311
1556527048
2798964494
2786256972
1569915706
2592841268
2070042658
2774370527
2603560320
2786218655
2070028559
1569891621
1570015054
2786221014
1569747062
1569750238
1569757949
2774525120
1569754799
2809071151
1569805055
2774407466
1556141301
1569948799
2786222237
2774402095
2603781433
1569820718
2070045231
1569897627
1569752409
1569900039
2592853803
1569741024
2593019505
2786217337
1570037931
2601049754
2603352283
1569809233
2592963153
2789361889
1569844721
2786210865
2592792967
1655508697
2680616534
2805484286
1569847830
2592851912
1569932384
1569951390
2070030057
2786217427
1569717313
1737779819
1569944847
2601511481
2597758641
1570027211
1556508133
2786399897
2788846613
2593092035
2774370963
2592977412
2786249924
1569947044
1569889463
2808150424
1569859861
1570018807
1569828869
1557022540
2070035019
2774427673
2070030793
2786243487
1655510911
2774388512
1569673753
2774473527
2809038520
2774425310
1569912342
1569882304
1569663496
1569818110
1655605030
2808985956
2774367629
2812441815
1570032711
2793544295
1570027830
1569897541
1570009081
1569840031
1570015925
1569723286
1569683810
1569657455
1569717899
1655516094
2738476068
2070047025
1570011904
1655622914
1556335926
2593678806
2599682830
2592882016
2601474790
1570007974
1569665639
2813740129
1569834615
2592934059
2786309967
1569669807
1738160107
2592815397
1570006840
2593018861
2592852404
2774326734
1569673255
2774328476
2786310396
1569934690
1570007932
2789659586
2814512055
1569911005
1569715487
2796436061
2593086273
2786274317
2786286480
2070022720
2791055340
2774422703
1569911031
1556820927
1570038611
2774388865
1569709923
2796433898
2790493277
2600156427
1569662395
1569658774
2786227371
2786219963
2592865557
1569834305
1569700789
1736877091
2787771436
1569835474
2786296840
1556358356
2592794930
2592856541
2593054752
2795418627
2592814366
2792849286
1569944441
2601476312
2814139482
1569736539
2793277593
1557062154
1570015889
1569918394
1569953989
1569669093
1569686417
2774447659
2774436000
2774360926
1569949148
2812565754
2592963556
2786212347
2786301299
1569838835
2789381609
2592796052
1569848039
2813740091
2788122080
2786424013
2774455698
2808466999
2603291214
1569687765
2593084225
2774441808
2815126754
1570023151
2070016657
2592791056
2774417328
2792821040
2786243015
1569806992
1570039536
2786252509
2774446300
1569914750
1556187993
1569675128
1569841084
2796436016
2592813963
1569673314
2788145017
1569666687
1569879478
1569820753
1569943835
2592837238
2592800498
2786243051
2774386839
1569663380
2786212330
2774389265
2593050485
1569660151
2787808047
2070022193
1569803634
1569882208
1569857606
1569659641
2592868047
2070021698
2774349845
2812679272
2786281145
2790490333
1569671439
1569678218
1569893295
1556815648
1569712291
1569916509
1569835432
1569840543
1569874528
2786235584
1569689218
1569950930
1569871035
1570007901
2070021941
2070043515
2787903608
1569741067
2592959778
2812667870
2774411010
2592965434
1570033006
1570033878
1556238199
2786221888
2593062754
2813609252
1569759608
2592831000
1569753866
1570015672
2786226111
2774344181
1569823919
2070018186
1569826875
2809044032
2592805665
2601426125
2593022950
1557716021
1570027447
2809109797
2786323841
2592992837
2786323829
1569931637
2799091542
1569717299
2814144782
2070022664
2070029450
1569921147
1569848503
2786219537
2593113597
1569819678
1570018057
2774359336
2812746166
2592824228
2799091721
2592843326
1569862718
1569918405
2812607771
1569711408
1569743070
2815037481
2786295841
2801635724
1655665255
2774432400
2786313935
1569900486
1569678398
1569880829
1569941852
2786274257
2774465552
2774407660
2786241728
2786276853
2786325078
1569851194
2814035929
1569846378
1737779113
1570014967
2790455661
1569666567
1569689299
2593517336
2799204626
2814047654
1737778220
1570017768
2809008384
1569953972
2594553537
1569679342
1569939173
1569685289
2774450864
2786220170
2600162216
1556668097
1569664792
1569852030
2790530525
2600282638
2809001906
2786217250
1569841640
2774435566
1569837805
2786323528
1569735360
2593091885
2594689799
2593468365
2787992058
1569686071
1570040765
1655484817
1569743766
2788959647
2786322418
1569723315
1569675492
2799534150
2812703620
1569687547
1569753119
1569923470
2593061447
2786311138
2786261481
1570038674
2787822748
1569746991
2786435568
2592844164
2600510429
2592826098
2592963669
1569897577
2593022800
2786328693
1569868591
1569684452
1569882345
1569755300
2786354524
2774376389
2592796920
2592843347
2786317999
2592795876
2594454947
1569662340
2593013938
2786326902
2592856631
2786212937
1569667334
2801756834
2786218883
1569806900
2070032255
2593005310
1569749794
2592798181
1569828977
2602735883
2794826119
1569853514
1569757350
1569657929
2786274989
2592908819
1569691304
2592797378
2786323191
2809019282
1569698131
2799049951
2814051647
1569943705
1569871322
1569759363
2786213722
2814239228
2799091570
2786239888
2592981650
2808211021
2599693018
1569664314
2593096831
1569814411
1569666593
2786310192
2593068637
2787726658
2592975032
1655467410
2592812756
2774431878
1570027802
2787773569
2786211967
1655515135
1569681103
2774509591
2592799423
2786237780
1569892012
1569755052
2809006952
1569667863
2774430437
2788177964
1569753596
1569824232
2601430063
1570010398
2774466546
1569920635
2786274551
2592792063
1570038622
1655657182
2070043056
2593043968
2790530320
2786329292
1569672245
1569753609
1570020376
2808836306
1569756043
1569838986
2786313150
2786215224
2601678808
1569912237
1570035800
2600156863
2787741497
1569877912
1569864363
2593076295
2774449698
1569920959
2070015735
2774504408
2786327004
1569715888
2787809377
1569688526
1569803833
2593011407
1569920314
2787799876
1569745599
2070024128
1569675519
2790235628
2592791426
2809000486
1560539807
1569950188
1569657104
1569752374
2592800522
2774406821
1569749462
2774484535
2807135324
1569818718
2774436848
2774498940
1569676302
1569936810
1569670640
1569864241
1569878495
1569890322
1569849289
2786299678
1569751014
1569871487
2787996016
2593067923
2812890275
2592816559
1569736244
2070027414
2815129390
1569670212
1569736708
1569934989
2807161827
2786331479
1570017782
2070067729
1569935142
2786243680
2592990722
2592854083
2592799623
2593064067
1737775174
2774326565
2594445734
2592803564
2774419699
1569665101
1569931302
1569724325
2774446924
1569906263
2593073467
1569920670
1569942095
1569679884
2600236392
1569870427
2792931720
2789697760
2789542711
2786364194
2801626134
1736857304
1569686057
1561170281
2812411434
2774506051
1570032372
2786319840
2803424869
2592796528
2774340790
2592799692
2787809435
1569658808
1569928779
2786234310
2678606012
2723635611
1569692694
1569881870
2774443579
2794584714
1569698373
2592944329
1569899387
1569657386
2070027533
1569836383
2774400415
2808628837
1569917243
2786323699
1569683539
1557818707
1569674251
1569850954
1570038055
2814714132
2592983744
2786239805
2792849187
1569687358
2787755283
2808527876
2593094570
2786231641
2786321310
2799422772
1569803424
2592854221
2792851670
2774425321
2774462858
2600297097
1569917208
1569803251
2789044583
2774484569
2774380929
2786300722
1569842910
2774461343
1570015002
1569808906
2795438702
2793274472
1570010865
2592851291
2593051413
2594283585
1569743571
2774510532
1569947956
1569826281
2603782091
2807135446
1569727607
1569904561
2593052053
2676980565
1569822337
1569846339
1569656900
2676760965
2592808081
2794825932
1569928498
2792837661
2806867137
2592796660
1569851794
2792954570
2786217415
1569884122
2601493929
1569715570
2786243465
1570016084
1569667008
1737007017
1570016295
2592801511
1558684115
1570016193
1569948441
2601406390
1569926917
2786272055
2592829435
2786253538
1569871418
2592802512
1570015830
2592821750
2798958961
2792954656
1569732937
2786295489
1570017562
2800742682
2774505454
1570033685
2593028943
1569822376
1569746813
1569818374
1569903339
1738207638
2592831111
1569812731
1569670907
2593037200
2795438083
2812479058
2774397138
2774420175
2786240657
1569904115
2600158692
2786315280
1569946280
1737777191
2787925571
2681367348
1569840479
2070029403
2786364776
1570028861
1569847747
1570009296
1569807447
1569829286
2786210987
2813003850
1569892763
1569751726
1569835411
2786315992
1569853666
1570014711
1569904421
2070067975
2788959696
2786319027
1569851538
1569675588
2788121978
2600230716
1569755448
1569677118
1570040624
1737213387
2812489714
2070030039
1569730749
1737205063
2592964636
2594317125
2787732532
1569680602
1569668726
2812489732
2786212127
1569700095
1569710609
1570038230
1569898853
2813223665
2801844538
2070046781
2592812222
1569672123
1569757099
2774359683
1569823906
1569711422
1569852782
2774373096
2592798199
1569947359
1570023243
1569938624
1655646047
1569723471
2592797739
1569817630
2592798369
1569660273
2593049286
1569678835
1655465432
1569677363
2792446012
1569683363
2786297873
1569911460
1569808442
1569947324
2592868950
1738187809
2592882574
1570009182
1569944638
2603416016
2592796247
2774393395
2786300703
2786280872
1569828787
2799410029
2786291881
2813075283
1569672077
1569680560
1569916618
1570018657
2592807307
2789375291
1569660506
1570007719
1569686521
2774350545
2806721757
1569697468
1558982527
2809145607
1569900935
2807525726
2786251151
1569836450
2592875041
2592820169
1569722346
1569676905
2594254849
2786275770
2592946786
1569734411
1569666102
1569683523
2594261537
2774505192
1569917837
2792869975
2812569541
1569851336
1569694734
1569715793
1569868898
2774403447
2774354109
1570014259
2774359293
1737777249
1569938473
1569760875
1570012063
2070020102
1569713916
2788961460
1569692329
1569697551
1570007734
2787937780
2070015765
1569753638
2774500404
2070041015
1569882663
1569912318
2792947447
2592790653
2774436777
2808991395
2602659167
1569890661
1569848614
2592805267
2070020871
2786244882
2070078140
2597785628
2786212511
2774458700
1569951711
2812763916
1569685659
2592827089
2786253681
1736416359
1569839844
1569668308
1569822360
2594290539
1570031739
2805487278
2813738599
2070017878
1569845355
2812804470
2787819059
2774496670
2592947587
1569812044
2774344915
1569817530
2774476010
2592807352
1569841828
1569659952
2592797718
1569730734
2788144951
1569874982
2592796753
1569945323
2795656352
2808531827
2592806797
2676864894
1569663138
2791055357
2592799744
2592813065
2070027088
2774349944
2774324772
2792906047
2774362883
1569827562
1569891938
2070048727
2592984834
2793622269
2774350626
1569683107
1569843570
1569942971
1569661568
1569827702
2592810081
1569803958
2786328813
2786216236
1569715597
1569933784
2774446364
1569762018
2592798110
2792840736
1559668381
1570014192
1569752262
2792549771
2774443564
2600163782
2774380946
1556290390
1569723355
1569902397
2812598419
2786293032
2774401498
2070039112
2601516953
1569740928
2070071903
2592799955
1569664328
2774439084
1736865983
1569833808
1569946295
2592795316
1569757630
2593005539
2809040512
2786235876
1569670403
1569940865
1569683782
2809023732
2801625170
1569870874
1570029273
1569884468
2808840110
1569752249
2774441666
1569682820
2774447640
1737777635
2592798237
1569676943
1569848675
1569917962
2593080017
2786280411
1569927061
2070077507
1569746604
1569804105
2786273474
2070053603
1569709360
2786341866
1570020444
1736864530
2787818414
2786353827
1569850534
2786272842
2592790341
2807158716
1569685719
1570015269
2593044046
1570019779
1569715365
1737114848
2774405336
2070071175
1569845882
2070025553
1570032637
1569668901
2807256131
1569871094
2786217262
1569760917
2774396150
2601466705
2592855356
2592831149
2774342547
2774335026
1569953832
2774344872
2801866771
1569665523
2593073769
2793248906
1569749998
2594086561
2070019462
2592971405
2592796170
2774406224
1569844287
2592959161
2070033448
2812421864
2789546981
1570010433
2070024785
2799238800
2774412157
2786324001
1569822606
1738191778
1556527351
2592868148
1570016468
2809191645
2599701042
1569949591
2799105738
1569893979
2774342101
2070030363
1569846040
2808774698
2600163505
1569670022
2774414155
2774373194
2786368117
2593093484
1569911954
1569881565
1569659575
1570000513
2808615641
1569715162
2593087891
2592815948
2594553339
2593995497
1569899354
2600484417
1569720372
1738207469
1569816073
1655717569
1570033642
1569753694
2786301132
1569944776
2774423158
2774457600
1569705952
2786354016
1737233122
2792899546
2793108245
2592838268
2594553469
1569730401
2786319099
2787721594
2602749038
1569938589
1569709955
2592836958
1655617014
2774388338
1569818281
2592839950
1570025249
2592794269
2786232480
2787818435
1570010297
2594272120
2786261340
2786297972
2786261616
1570024132
2598546663
1570015381
1570026831
1569672808
2807128567
2592787362
2592836189
2807152017
1569834466
1570030891
2592795548
1570008517
2809109777
2807158734
2592805535
1569949923
2787850658
2070018199
1569686614
2593014985
2801757148
1569716921
1569844326
1569669772
2786237119
1559950702
1569720445
2594258607
2600502055
2795241942
1737778994
2594334552
1569710111
2786315268
1569675620
2786323276
2786231917
1570015690
2592788028
2789807881
2786328905
1569836969
1569951679
2593051726
1569842727
2786351831
1570010553
1569665088
2808986821
1570031392
1569681833
2070021739
2592792085
1655555500
1569666091
1569913127
2592816849
1738137284
2593648651
1569915823
2592812740
1569694501
1569665071
1569816697
2592790742
1655622420
1569877288
2809042658
2809028822
1569927573
1655615268
1655741498
1569819826
1558491880
2799391677
2774435177
1569946553
2070069647
2070069443
1569828567
1569690861
2070036409
2786273829
1569753852
2787777812
1569915809
2592807394
1569668571
2592954172
2788254349
2774337316
1570000243
2070050822
1570030104
1569822322
1738122841
2807407468
2786260051
2786281417
2786348600
2592843210
2786238933
1570031024
2774450834
1569739931
2790493662
2774331658
1569742139
2793197926
2796766202
2592815703
1569663665
2786273193
1569659745
2808207109
2070044784
2774343226
1570015037
2774391799
1570008916
2787992634
2799409339
2786364857
1569736296
1569942908
2786296122
1569883005
1569929683
2792469177
2603147853
2593087016
2593028220
2774386773
2792444880
2788144995
2786211925
2592848229
2786273114
1569893175
2592803995
1569665680
1569872905
2774319750
2592853947
1569945831
1569915891
1569725804
1570021306
2070031425
1561676449
2786342431
1569726554
2792494410
2774336482
2793341208
1556668371
2786272887
1569688284
2786255324
1560445414
2592820192
2774503816
2593063801
1569949267
2593035373
2807082888
1559223522
1569812172
1570029458
1569716868
2070054877
2070044760
2786324954
2787716236
1569690712
2600159394
2593033283
2786296072
1569689076
2814267579
1569942369
2592803145
2788129597
1569665491
2794573623
1556141167
2786322935
2592945959
2592843453
2592937663
1569683091
2807158674
1569894582
2786325967
2814196628
1569882187
2809434570
1569939624
2786363293
1569837128
1569919300
2070067714
1557776894
2792988725
1569658191
1569951459
2592792414
2774422735
1569953597
1570016966
1570018644
1569737236
1569678155
1569910781
2794825486
1569695691
1556667161
2592836715
1737775593
1569812526
2592803252
1569894399
2790441985
2592788452
1569674206
1570019698
2600485331
1569852636
2600315244
2809042518
1569921443
2594253365
1655658743
2787772209
2070031832
1569907495
2786303917
2809002260
1569950830
1569673027
2789361971
2681081432
2787800708
2806869541
2792404325
2786386236
2774430205
2070032212
2809213765
1569713691
1569926987
1570014044
1569904258
1569664843
2787808815
2809307074
2800077990
2812670751
1569911425
2812678703
1570010721
2774360332
1569826653
1569753666
2592817110
1569944733
1569728013
2592795611
2774410307
2807128507
1557367349
2786221466
2592859983
2601487711
1569913397
1569715614
2786231715
2807282249
1569948903
1569890246
1570033735
2593050265
2806784426
2807151044
2786256612
2808783060
2774452774
2786217587
1569922526
2774415765
2070046590
2683109801
2812679249
2593103074
1569836012
1569937947
2592800729
2801476019
1569951278
1569760935
1569832204
1570040602
1570028543
2592815252
2592938392
1569877305
2814015730
1569726062
2070029437
2601420594
2786234048
1569659296
1569666986
2786323421
1569680546
2592805159
2592799012
2070031941
1569807075
2592831241
2786339491
2774392014
2593032608
1570019765
2809030844
1569803784
2787771510
2592986126
2592827414
1737079871
2592804681
2809145625
2603417840
2774502197
2809004665
1569734657
2070040823
2788153221
2786255641
2787810024
2786235150
1569920594
2592904883
2592831202
2792866531
1569807271
2808789006
2809056290
1569657811
1569713261
2793036841
1569700412
1569802994
2592813270
2786322734
1559602396
1570010657
2774509152
1569656156
2070036011
2795396081
1569667203
1569664452
2592804699
2774379208
2788472193
2592858342
1556589617
1737777130
1569828255
1738479717
2786225092
1737237507
2774352192
2786327888
2786253700
2774341312
1569935740
1557838265
1569731401
2774441879
1569918499
2592842767
1570017190
2592787270
1569715253
2070035046
2793274358
2774337929
1569817056
2070033582
1569700758
2593070077
2592821465
2774349226
2788659495
1569865176
1569894498
2786313176
1569918079
2594281465
1569917568
1569757000
2600161556
1569687283
2792852037
2786238532
1569701150
2592809178
1570014869
1569942112
2792897832
2812920532
1569899306
2786221418
2070046695
1569821245
1569688336
2786240701
2809118245
2592802996
2786254718
1569670613
2774393418
2796437974
1560438479
2592813190
2786313887
1569812883
1655717995
2594261791
1569680281
1569879311
2593110863
2596049661
2787715659
1557333415
2774500537
2600827773
1569723272
1570029702
1569816167
2592830553
2774373421
2774336463
1559149155
2786249741
2593035395
2800732357
1569875239
2774364680
2814012508
1569953880
2799189590
2806618773
2800970557
1569679993
2810193856
1569944090
1570009432
1569723678
2786254210
1569941704
2774333362
2786322406
1569683571
1570013380
2786255558
1569868167
2803416567
2592795080
1569738311
2070045302
1569715927
1569863589
1559600688
1569815051
1569883803
1556918734
2786315924
2592867116
2593037357
1569697984
1655739499
2774480607
1569725031
1569680511
2774440849
2592794865
1569939380
2807082905
2786307848
2600158438
1569862805
1569830148
1569857676
2807084570
2794802884
2786274359
2801699197
2601509048
2809001786
1569747689
1569912785
2070033137
2592959387
2794802906
2774444087
2593026086
1569929740
2678023429
1569680364
2786299577
2787806245
2592962809
1569723610
1569656289
2774434603
1570017752
2070019573
2774402998
2774403074
1570016762
2592796966
2786309318
1569945502
2774493031
1569754489
1569750836
1570015854
2593022617
1569754768
2593678896
1569934907
2809434651
2808804467
1569696846
1736896269
1569665509
2799094400
2789788540
2774318068
1655214799
2601430474
2603708420
2807804423
2786235705
1569715862
2070048965
1569710378
2592813907
2809019989
2799057813
1569850281
1569807481
2791082056
2774402812
1569749241
1569910742
2793212397
2809310342
2786315938
2592792046
2594310408
2786239817
2787991517
1569695639
2808847221
2786240739
1569731782
2774319268
2592944778
1569946061
1569678593
2786236386
1569806024
1569869939
2774380156
2786218564
1570028781
1569812813
2592791644
1569916432
1569702527
1569834674
1569666621
2774445450
2774406237
2603425467
1736441967
1569932000
2812930441
1570014002
2592838556
2592794292
2786313972
1569840622
1569670498
2601435702
1569663438
2786241214
2786349086
2774422454
2785665014
2774482338
1569838245
2597705291
2592969210
1559101701
1569705577
2601421104
2592796678
2797072214
1738187587
2814047619
2801617268
2774391453
2600156278
1569943565
2593043999
1570031598
1558553377
2786219975
1569747503
1569671629
1569828835
1561205415
2593056744
2792944347
1569697935
2592811345
1569716320
1569814334
2786323816
1569811238
2812761580
1569667742
1569750224
1655568987
2070068660
2786220324
2786318039
1569700777
1569667376
1569670980
2774344807
1569668439
2774444942
1569841347
2070026409
1569916085
1570010566
2774525017
1569685423
1569675435
1570017549
1569681881
2593074031
2774341299
2788289957
1569906219
1569664133
2592963349
2796438645
2786316556
1569879174
2593087123
2592803545
1569690430
1569848250
2774451155
2812922884
1569865100
1569681451
2774353014
1569900621
2592870798
2594524490
1569665554
1569693544
1655208169
2718820267
2809015301
1569917697
1569813132
2774401602
1569816285
1569918104
2806614749
2070035330
1569918777
2787808905
2792821719
2774373688
1569674194
2070044879
1569820624
1737779147
1569894487
2592837350
1569814688
1570026865
2774344559
1569735061
2789179075
1570023000
1569699714
2786307784
2774392239
1569901082
1569711298
2070017296
2592793691
1569674557
2786254116
2774437794
1736416412
2592813892
1569694807
1569687400
1569757018
2808991180
2789546959
1569709937
1560017016
1569947448
2594553936
2809407416
2796634127
2807154283
2592791869
2774351647
2788961412
2070031903
2593043950
2786299692
1569842974
2786256294
1569951953
2814322537
1662417225
1655670415
2786319057
1569672053
1569677730
2786254755
2600600850
2786219461
2787723446
2592800740
2786241202
1569944235
1569897156
1569852059
1570017859
2774343243
2593017951
1570038070
2593065858
1569839751
2786251103
2592944997
2792690746
1569730349
2603783870
2788287282
2814232194
2594098849
2070035393
1569928243
1569661659
1569923349
1569803102
1569913078
1569666003
1569754475
2592796494
2786215548
2801756337
2786222954
1569759270
2601416785
2592959691
2593086004
2786331423
1569946677
2809003575
1569732013
1570023298
1569742651
2592805443
2592853269
1559557362
1570016647
2808772127
1556187017
1556283556
1569710719
2592805423
1569836832
2604579143
2592851649
1570031978
1569667482
2592790040
2774328177
2738443924
1569662464
1569744448
1569703681
2593079542
1569675706
1569835994
2593094708
2738203533
2786255101
1655117487
2786238621
2774346328
2788241169
2791299888
1569756590
2592792928
2807216834
1569665333
2593022877
2593022932
1569725991
2592829670
2592807464
2786364537
1569691166
1569749823
2786246649
2788289876
1569830342
1569865223
1569672679
1569862109
1569846428
2592966045
2592965417
1569850577
1569880611
2787799656
2774398296
2594678835
2593456815
2774396283
2814043925
2594254865
2592801552
1569749098
2593050935
2774442035
1736876776
2592788960
2786215719
1569708759
1569853612
1569665653
1569870401
2774359230
2786218683
2592800270
2774396639
2592856560
2678591237
1569870927
2795206168
1570037258
1570015115
2786275001
2774471308
2787818890
1570016258
2800024133
2786242983
1569836578
2070038755
2070046159
2800639098
1557837245
2815094901
2070031630
2786216649
2801856890
1570018857
1569839969
2809034873
1569824369
2601430670
2787748875
1569755388
2593055574
1569868379
2789363521
1569916195
1569837113
2592801266
1569819662
2774423785
2677391063
2594255593
1569878772
1569871460
2601510678
1569947269
1569692342
2592863948
2786255170
1569892567
1569722481
1569948817
1569943850
1569906072
2592994431
1569852123
2786221820
1569870630
2812675286
2602412633
2786244417
2592824258
2592811313
1559140817
2592811269
2593089428
2070071918
1569841120
1569664697
2599692821
1570020879
1556283625
1570016329
1569904822
2814036001
2774418068
1569879768
1570021804
1569852075
1569927225
1569953648
2793009766
2808991222
2806615739
1569900701
2594430213
1569681543
1569897505
2786263121
1569898551
1559732252
2592985367
2602013199
1655741362
1570017845
1569657197
1569877629
1570027307
1569894929
2789046180
2786223011
2593354160
1736867754
2786220982
2774394012
1556949989
1569710596
2600164403
2593083563
1569843892
2809047605
2593683403
2592800604
2593010922
1569681257
2774362944
1569746618
2809185090
2592805797
2786319337
2800754139
1557446060
2809434552
2786299987
2592941401
2594418801
1569825850
1569850301
2807302281
1570015942
1569746510
1569819486
2601414396
2592795206
1570024052
2070025444
1569910525
1570017239
1569831642
1569951413
1569813897
2813717326
2070054950
1569751899
2788239007
1569837515
2593032712
1569667907
1556802822
1569945390
2593028193
2603159901
1569679424
2592805812
2592858607
2758082001
2774350664
2592796369
2809000311
2593087411
2592836468
2593091655
2792550655
1569716031
2774458631
1569750159
1569852849
2592803960
2810428386
2592797477
1570032361
2786259765
2592794363
2593094379
1570008592
2592906929
2592820421
2593041556
1655672619
1569803068
2786306853
1569668028
2070044822
1569666262
2774399538
2600361104
2592975776
1569663247
1569716379
1569936338
2592807182
2592812085
2786273238
1569943509
2774370573
1655476706
1569666250
1570009249
2796433939
1569679979
1569949573
2793654565
1569873329
1570025049
1569693340
1570009965
1569814424
2592994621
2592871593
2808773692
2592807650
2794720941
2593079787
2786211081
2592797556
2774328104
2592797295
2786313899
1569735566
1569716346
1570007433
1738198505
2592799679
2812473224
2786222995
2795307366
2799316214
1569929790
1569899043
2774520324
1570024365
1569687733
2774449030
1737777596
2786236071
1569672185
1569948834
2774406428
1561263926
2592789709
2592843152
2593094534
2774318279
1569680822
2774357572
1569919435
1570029102
1569947544
2786334461
2683595520
1570015601
1570009829
1569883636
2786319267
2810193822
2792923770
1569719007
2786275151
2774441970
2593011753
2786218668
1569734231
2592796940
1569695842
1569906606
1557284521
1557777284
1569739917
2774367027
2793274488
2786276676
1569664619
1569751685
2774396665
2592793650
2774373302
2799909322
1570015312
1569723186
2786309291
2787717388
2774502108
1569682509
2815094925
2774438817
1570020631
2593063875
1569885056
2808792833
1569690044
2787937846
1569671341
1569905978
2786241307
1569903974
2812979931
2070017205
2592901500
2774336594
2812453945
2786273555
2603703945
2808988801
1569730004
2592840877
1569761001
2786366502
2592787886
1737779526
2774416122
2793109563
2786317789
2600157977
1569938306
1738198537
2806627093
2603713959
2070044731
2774378447
2592788596
2592996521
1569750031
2592795934
2774336840
2592794671
2786254352
2787991397
2786218112
2592810625
2070036022
1569718888
2793191110
2592812979
2592827393
2602724689
2792818807
2799049979
1569666731
2788123901
2774445001
2070016279
1569902466
2592787992
2786312618
2786237483
1569658651
2774363740
1569715770
2592832200
2070054903
1569920697
2592800663
1569850600
2809525615
1569683755
1569752695
2677438497
1569847973
2592861739
2592789782
2805982333
2786223402
2786226043
1556972831
1569695465
2786250032
1569697564
1736441928
2592814817
1569873919
2788132296
2805487192
1569826326
1569672724
1569755743
2786272327
2774393787
2592796416
2594577310
2786211458
1569897086
1569718994
1569918064
2786212438
2592849017
1570013085
2786318735
2592797140
2786219105
2786280320
1569826236
2786320260
1569723128
2812668006
2786222100
1569734635
1569677890
2774426020
2593094626
2786321190
2592805910
2070044686
2600164927
1569951323
1655516355
2594253596
2603037428
2814325975
2812685394
2774442972
1569731613
1569683555
1569943316
2592808153
2593651059
1569672339
2774452671
1569915034
1569933569
2812512630
2808783041
2813075141
1569808585
1569715839
2592800930
1569753446
1569705427
1570007327
2592805013
2592858899
2809012693
2807154752
1570029299
1569869460
1569711663
1569920615
1569660433
1655214873
1569840577
2786222194
2787771597
2774411579
1570016591
2795238394
1569711594
1569752646
1569893964
2787819143
2787808178
2592886189
1569681436
2807135464
1655456113
1569724573
1569948645
1569915193
2592788469
2774351372
1569853014
2592839531
1569747922
2592795451
2812920451
1569859422
2592958420
1569822102
1569663090
2793276171
1569709322
2592960738
2813036384
2070031570
2812685371
1569656144
1569902772
1569835029
1569850518
1569715269
1570034157
1655511579
2786274378
1569825726
2799238828
2808876386
1569823525
1569812981
2592796269
1569756704
1569697603
1569657118
1569663595
2592953190
1569933888
2593350279
2786314038
2786331320
2799093125
1569656376
2593029311
2592830538
2786323264
2592798751
1570011235
2592808250
2774433455
2786297906
2774389820
2592812942
2786348201
1569835237
2803432807
2070046311
1569682071
1570040569
1569704382
1569680264
1569923328
1570034145
2799040182
1569838132
1569855598
2592794635
1570008899
1569680168
2807211783
1569680680
2592808571
1655453481
2812808758
1569723300
2799040446
1569835859
1558369619
1569727616
2592861315
2786238893
2812569500
2786257325
2786301837
1569887166
1560563275
1569936262
2801865985
1556397741
1570037540
1738187572
2786290706
1569683772
2791159822
1569802657
1569928259
1569844816
2808244848
1570034269
1569875819
2786276461
1560658388
1569682394
2808616121
1569753221
1569674948
1569670966
1569839902
1569758977
1569810110
1569838340
2592806747
2592791707
1569737251
2809003968
2774326717
1570008768
1569661243
1569814874
2774391546
1569844071
1569734368
1569662535
1569905932
2592840041
2592961681
2787729687
1556343628
2792821405
1569699005
2592798595
2592827640
2786215353
1569953341
2600316256
2774339735
1569815310
2592994391
2787739859
1737776202
2593044227
2603079216
1569907400
2807154835
2795193712
1569933640
2592789000
1569820797
1570020011
2592815417
2786309405
1569889243
1570006772
1569929705
1569658595
2798966124
2592808470
2786322196
2786226079
2070035185
2774443486
2592842659
1569848889
2786219036
2789492008
2592800379
2786296344
2592817827
1569901733
2592792775
2808415651
1569940603
2786319043
2774455473
1569921506
2774423212
2799529352
2593060215
2592867095
2774475644
2787726641
2774401281
2789670508
1569922751
2774341364
1570026121
2807689967
1570029018
2774403462
2774391255
1569734011
2602905453
2786291897
1570028910
2774406211
2786332628
2070021929
1569685363
1569919640
2593027954
2786287791
1561257376
2592790607
2592966512
2070054732
1570009159
2786211244
1569807861
2774373743
1569717292
1569657326
2592871086
1559161668
2788961360
1569671049
1570015191
2802898339
2592801402
2592825335
2809004688
2592976175
2774443125
1569680522
1559745676
1569858034
1569737596
2070032004
1570011431
1569723258
1569849321
2070068178
2592984553
2814374426
2786320518
1569699383
2814139509
2774327232
2792923748
1569750934
1569852298
1569712828
2592798026
1570008081
2806722230
1569754176
2592964210
2789631865
2593069986
1570028367
2812750907
1559956780
1569842249
2774499954
1569841761
1736864731
1738211032
2786314110
2592858579
2774342852
1570017897
1556092690
2787730037
2592821877
2592792134
2807765042
2070071329
1569715640
2070016730
2805426288
1569917044
2592990508
2809059176
2813044535
2592831869
2600213716
2602894026
2774410898
2774442022
2592957624
2070031731
2601402985
1569719059
1570014695
2592805380
1569840896
2774441983
2786352000
2786238993
2794802928
1569871619
2809134690
1569843095
1569743018
2774523525
2786272997
2070018264
1556342803
2070068673
1556430111
1569755905
2809002056
2592799655
1736882932
1569686403
2774406860
2592789289
1569828383
2774504257
2592805397
1569818866
2806011889
1569884019
2592801760
2592849096
2593032669
1569839828
2809590550
1569947936
2738480127
1569844757
2592806814
1569671714
2799140006
2592806474
2070039821
2593041538
1655568157
1655518752
2592875830
2788475750
1569717019
1569659627
1570010745
2592805305
2592959417
2593516810
1569889612
2786221454
1569860052
2600231312
1570014950
1570009981
2812831822
1569814292
2602739413
2809000394
2808985841
2593059395
2774345786
1569710322
1569892749
1569672262
1569833961
2592804721
1570010329
2592830723
2786215297
1734001541
1655494551
2786321107
1569851522
2786261395
1569831847
1569660624
1569727736
2786313923
2593647813
2792444493
2774520341
2801616337
1569758109
2774452637
2594261482
2070020956
1569804001
2788123848
1569703721
1569953354
2774398025
2788011256
2592793872
2592805838
1569802636
2070033511
2774393207
1569913984
2070022481
1569891740
2774360850
2593032659
2786234877
1569910689
2805429130
2808145543
1557585631
1569676725
2592821674
1569674672
2070022088
2592935936
2592798133
2774451115
1569937511
2774436178
1734043326
2594553848
1569899233
2774371433
2592801338
2774516851
1569677132
1569823291
1569752944
2592870779
2593064429
1734749912
2786237106
2791299147
1569724226
2786312880
1570006482
2792925513
1570031335
2786251071
1737308546
1569819879
1569711649
1569891409
1569663635
1570034214
2788121638
1569669079
2592863509
2774345830
2786356073
2594464253
1570018985
1569918533
2070040184
2070031701
2593002539
1570016392
2812418286
1569660255
2592799056
2809013529
1569662099
2600365549
1569885756
1569876502
2592800755
2592836322
2593485105
2592848250
1569913957
1569833362
2786219050
2801617738
1570017878
2787903250
1569946641
2592803287
2813157415
1569949501
2774324834
1559287111
2809086092
2792922016
1570032310
2786217820
1570009849
2592811709
2786305357
2786224965
2805488119
1569689165
1569816505
2790493210
1569666044
1569888799
2786305301
1569699395
1569733896
2070022706
2786288548
2592792431
2786273518
1569658549
1569946747
2070070170
2786261686
2070048056
2592819313
1569953729
1569886932
1569815435
2774362237
1569675480
1569838226
2592790760
2593027970
1737227215
1569674689
2795418041
2774509171
2786321119
2070022114
1569850374
2809032134
2774411046
1569761591
2774324596
1570006954
2600417855
1569885882
2593061525
1569723531
1569949934
2802158475
2070017257
2774396740
1569813404
1569817211
1569888844
2070016975
1570027278
1569663512
1570018676
2812761704
1569758850
1569934707
2592943287
2808434097
2592975614
2592795138
2814015204
2809019948
1558553530
2774505520
1738153348
2774352995
1569742601
1569943629
2813036362
1570017990
1736302321
1569698960
1569816839
2806617000
2070043648
2787903099
1570041305
2808607431
1569923500
2600155386
2593645853
2789659521
2070048859
2787903586
2774445463
2809030080
1569885664
1569749385
2592851898
2774390921
2813222304
1737777321
1569948338
2592813553
1569817262
2715722031
1736865935
1654843425
1560765828
1560292851
1569873605
2790003397
2592828406
1569678412
1569666417
2774519695
2786252561
2774441996
2786344006
2786221804
2592825184
1569826739
1569948583
1556591551
1556310065
2592895428
1569905480
1569671351
1569674469
2786313619
2786336862
1655743223
2786292815
2592788655
1569944216
2786220392
2774480891
1559623830
1569810263
1569672618
2786261326
2593066696
1569681066
1569685747
2774437270
2774439064
2593023381
1569913025
2593073187
2786336588
1569688268
1569668780
1569848290
1569839070
2786235164
2812759013
2070033395
2786308447
1569669504
1570038041
1569950334
1556100415
1569921678
2807151892
2793274336
2593020249
2601414677
2792906091
1569882741
2592793675
2812667988
1569880883
1569659603
2806627846
1569657039
2592806285
1570032241
1569684856
2808995959
1559648117
1570037459
2592794691
1569758687
2774482789
2592799799
1569820040
1655530525
1569930577
1570014759
2774392299
2807523228
2592791161
1737779792
1569937716
1569846092
1569940302
2070031967
2592801163
1569837351
1569739902
2812454832
2789178939
2600164313
1569671266
1569681599
2070023467
2792432317
2786284269
2774423195
2792842157
2786254222
1569850264
2774441944
2774428041
1569916464
1570038189
2592838837
1655699847
2786229271
2787903518
1559510263
2809429167
2592971471
2592797597
1569749702
2774455359
1569686840
2592956735
1569944368
2592807415
1569912969
1569934352
1569759087
2070032175
1569674006
2592865494
1569715148
1569659851
2786323203
2594256712
2813781317
1569754164
2809011579
2593046699
2789951164
1569715351
2070026861
2789789204
2070015407
2814035878
1569873687
2592822759
2795255393
2809042643
2592793325
1570031939
1569820983
2774449607
2600259125
2786278055
1569698115
2592787307
2812565175
2774392957
1570016725
1569952111
2070069660
1569717031
2787919240
1569674600
2592843491
2786292962
1569847401
2786318247
2786310781
2592814993
1570008622
2594311286
2812673033
1569666539
2593396576
2774449588
2774409356
2603080457
2786273685
2786326992
1737774104
2592806895
2786256543
2592931802
2790149014
2070025849
1569730415
1569709789
2774394827
1569803158
1570017665
2592800350
1569921003
2592954525
2600212779
1569829273
2592838289
1569709828
2592914403
1569816576
1569688675
2592869315
2786325907
1569910574
1570027239
1569839936
1559177176
2812732315
2592845411
2786281439
1569750374
1569900603
1561257006
1569665251
1570034283
2808997047
2786233274
1738201062
2801473955
1569672752
2592803216
2592805347
1569744819
2593089651
2774451626
1569670415
1569888860
2774505439
2070045524
2787995478
2774336090
1569695479
2774345805
1569892508
2799375256
2774515756
1558859047
1557906023
1569932268
2593077473
2799002509
2592793582
1569689380
2774390982
2812668121
1570024004
2592803196
1569877614
2592812876
2800022717
2792836282
2592796810
1569927104
2774430159
1655726608
2799094427
2812680936
2774428090
1569913517
2070070183
1569836998
1570037302
2788287304
2601406233
2593054185
2787937763
2789364520
2592792199
1569733046
2812746216
2774507836
2592805646
2786241226
2592814750
2786231844
2774351509
2601439256
2796634071
1569870385
1569691267
2786325893
1569691279
2592838251
2807690018
2786252944
2786277467
2592789351
1569731062
1569753969
2799218908
2774338421
1569677628
2592824246
2812766757
2793171834
1655711936
1738210938
1569705941
1569678141
2809478722
2592939070
2796913134
2592829698
2774344360
1570010091
2792997111
1569865209
1569913721
1569679149
2592836820
1569820572
2592828170
2592884167
1569942952
1569947286
2602923815
1569913097
1569673431
2592838196
1569672460
2070030296
1569930182
2774410949
2593037412
2592843282
2801596392
2786248226
2070030322
2592802351
1569875463
1556397631
2592831267
2592981044
1569724518
2592806633
2814740404
2774443298
2806021971
1570006697
2592820784
1569897891
1569734349
2788123972
2603520318
2592815970
2774422720
2774321343
1570035902
2070044897
2794546564
1569739759
2774344900
1569879186
1569849274
1569742411
1569667394
2593064489
1569759584
1570015812
2774446583
1569683393
1569693413
1569848410
2799174144
1569820256
1569847940
2795332266
2809397891
1569823147
2592797188
2774351561
1569922733
1569672323
2070069884
1569750348
2592981879
2793274523
1569946310
2774407018
1569656827
2786315408
1569827685
1570008218
2774506262
2809001942
1569815033
2788290052
1569908036
2593088954
2592800684
2592798310
2599683328
1569928910
1569706817
1569689673
2592977111
1569680298
1569865277
1569837971
2800732261
1569862081
2807084587
2809042607
2787748934
2808610479
2774425239
1559527596
2602566551
2592803975
2786328710
2813877896
2808610437
1655626709
2070048312
2786317801
2786285807
2070032141
1570006188
2786319681
2600257439
1569903542
2594294844
2808244997
2801015522
1569719424
1569818781
2812451817
1569938022
1569819235
2592805925
1569855965
2592840017
2814035953
2592808871
1557211877
1569894460
2786323091
2070032036
2795332244
2786307013
2592858363
1570029080
2070021397
2812474029
1569666191
2786316820
2786272430
1569732924
2812421778
1556343609
1569668076
2792549959
2790486982
1569923260
1569916304
2592794240
1569688298
2793274542
2786237459
2774451974
2592801368
1570011293
2774373438
2812416217
1569758664
1569744803
2786219811
2786212872
2592968665
2592796734
1569678370
2808459274
2774365055
1569808955
2787822643
1569930608
1569871025
1570008158
2592977745
2809039392
1569818332
2592793778
2592958355
2593086021
1569852138
1569872771
1569759622
2786221939
1569869924
2786330391
1655614979
1737777337
2600161196
2774370705
2592862719
2786282445
2592889976
2593055858
2793059841
2786212963
2774446613
2786254369
1569941721
2678092308
1570006201
2070015847
2774462588
1569663449
1569951605
2774424676
2812477553
2592790711
1569944353
1569940472
1569761790
1569840708
2595013514
1569952074
1569892346
2592796901
2592799605
1569677871
2774380458
1736876759
2788122819
1569836814
2774451136
2592835969
2600235565
2786260035
1569703735
2793109909
1655540109
2786241765
1569844885
1655647788
2592853285
2070046300
1569752058
1569897197
1569900584
1569804851
2809133883
2678017822
1569672446
2592806726
2592933942
1569688310
2809128566
2786263290
1569875760
2600154668
2592973765
2786313947
1569696042
1570028255
1570016048
2603741898
1569946128
2593011521
1569682719
2774357437
2787763186
2592794470
2774503831
2592843112
2809138226
1569916982
2786323853
1569806245
2793212477
1569672067
1569840461
1738194124
1569705439
2793538282
2786316832
1569657984
1569815578
1569816349
1569663925
1569931239
2594256729
2592826012
2594539403
2786283109
1570031122
2786273779
2592807035
2592803511
2774500320
2592984173
2795265309
1569833596
2592802648
1655625469
1569842007
1569928225
2774441866
1569675096
1569883690
1570028555
2592988138
1569679580
1569671235
2786231597
1569911086
2070044667
1569944514
2592986304
2786330167
2809152336
1569717259
2812418306
2792914256
2813221096
1569918823
1569848395
1569805742
2793274293
1569657972
2793622231
2593032647
1569674777
1569677857
1569738511
1569747954
2070044849
2738446649
2774359014
1569899409
1570035343
1569835177
1569752532
2774334291
2593013974
1569692532
2801544268
2592796344
2592792217
1569819730
1569830175
2592855523
1569755374
1569754672
2594262396
2809138192
2786329304
2786322722
2593072333
1569690927
1569937978
2786212316
1569671139
1569908019
1569803396
1570007681
1737779306
1654746487
1569821158
1738205114
2592996177
2774485662
2786326950
1569902703
1569819755
1569825802
1569756951
2794826095
1569694834
2070024956
2681997681
2592802803
1569911253
2808806004
2793253181
2593077990
1569718595
1569712880
1569754661
2593064823
2592842878
2592807881
2786275193
2815037223
1569945666
1570012766
2599686383
1569743473
1569885486
1570028891
1559852508
2813717361
2593095055
2790450524
2592795651
2592848211
1569660103
1569734026
1569702240
1569665363
2592853688
1570017082
1569843041
2592808848
1569906316
2788261894
2786319868
2786216677
1569906523
1569900310
1569937699
1569868577
2774345968
1569838753
2592821304
1569736624
2789526302
1569660533
2597799022
2592799277
2801871739
2786221079
2774412140
1569713121
1569757840
2070027162
2786344203
2070045080
2593050676
1570015363
2592859869
1560466042
2593085914
2592852182
2774388844
2600419907
1655527883
2593062072
1569684703
2593011734
2593057191
2592830144
1570012683
1569928994
1569898143
2786295381
1569682085
2774389658
1569927611
2774387577
2786323179
1556084648
1569931224
2788959673
2592800950
1569853730
2788472115
1569945338
2808788179
2601600867
2786316114
2774443648
2786214719
2786244272
2786273967
2592817203
2774476671
1569820961
2594523148
1569930515
2070044542
1556117166
2070043604
1569666871
2810270337
2798952486
2592841867
1569688322
1569930360
1569893005
1569897904
1569844176
2592803625
2786223382
1569738351
2786224981
2786322710
2812541687
1570030737
2774395621
2786340076
1569818913
2788959751
2786318605
2786243516
1569858130
2774499916
1569682277
1569738561
2774351739
1570022915
2786259562
2592828388
1569888785
2812680293
1570021105
2592971194
1569808817
2592813642
2070034084
1569854971
2809030201
2807252040
2786255960
2594553493
2601433471
1569910761
1569875287
2774352082
2594801893
1570032626
2774421508
2807282994
2594093366
1570010942
2592851741
1569846636
2600244398
2815094874
1569870180
2592889030
1738192785
2070048093
2774406250
1569952241
2786239393
1569754224
2593058408
1569697728
2774332281
2592799582
2786243702
1570012620
2592963305
2786349550
2808771463
1569697756
2603735731
2801015362
1569757643
2774477857
1570011628
1569716934
2808148684
1569821819
1569674422
1569712483
1569677775
1736123815
1569919486
2774336632
1561125279
1570017739
1569678939
2809003638
2594553795
1569844087
2787777995
1570007661
2808211004
1569666017
2795775485
2592870055
2774337948
2807135400
2795580162
2593033416
1569671687
1569803464
1570024400
2786276321
2786237966
1569836850
2787937715
1569741922
2774362413
1570027788
2808147243
1569679089
2787809791
1655510212
1570013307
1569843479
2786355604
2592788832
1569719180
1569754567
2812675241
2774446315
1569949000
2593109977
1569762118
1569945364
2592799038
1570025137
1736885335
2592799294
1569680643
1569679952
2786299382
2786222268
2070047275
1570009880
2774400854
2814036201
2792840758
2786355808
1570007958
2805988517
1569938606
1569864998
2600157081
1569947842
1569928338
2592963062
2786274426
1557364456
1569832561
2789954046
2601399855
2786296159
2774410548
2738583059
2592830983
2600156850
1569660561
1570022932
2738203736
1570031318
2808988765
1569737420
2070074454
2774441957
2774373319
2795396007
2786299706
1569692703
2774411693
2592802045
2792954633
1570021980
2592865036
1559509860
1569839381
2774393378
2603015515
1569885192
2786319013
1569715403
1569662480
1569762088
1569742911
1569707858
2795337709
2786245090
1570010011
1570030654
2070028737
2787737772
2786328012
1569874211
1569891589
1569740803
1569944017
2774390999
1570034513
1569715134
2070027712
2592794810
2812782418
1570027198
2774375132
2592795828
2786221503
2786319695
2808216901
2786319323
1569758679
2592851335
1569678981
2592795271
2592831320
1569715337
2592871807
2805386092
1570015249
2786299504
2786260691
1569859593
2738478176
1569673151
2592793370
2807163196
1569688707
2808260992
1569873802
2809013892
1569666579
1556915804
2807152727
1569739280
2592811792
2786214487
1569840438
2786321296
1569679035
2592968473
1569916770
1570014907
2593093079
1569883722
1569846938
1569658564
2807135514
2809195326
2793277807
2786334204
1570016562
1569871403
1569818947
1570012317
2786244748
2070044973
1569940777
1569704395
2593035941
1569820642
2774446500
1570040776
2592805553
1569857061
1569917628
1737778196
2592802741
1569906290
2600158647
1569659206
2798999680
2774316978
1570015228
2070045538
1569685147
2593103427
2786284667
1558848184
2592982220
1569754262
1569757575
2796434887
2793172971
2786319085
1569739220
1569679021
2070029235
2070037067
2774356164
1569837238
1569699231
2774360943
2803442710
2786296246
1569747940
2786246941
2070016912
2787991493
2790493308
1569893246
2682216835
1570011707
2786238383
1556438923
2792599620
2593037229
1569838490
1569664344
2592793795
2786261142
2790149056
2592790992
1569758222
1569864970
1569942690
2774425348
2774371110
2601053342
2070039989
2786216795
2799093085
2774388044
1569848767
2774427547
2786254667
2070032156
1570038965
2806627059
1559527671
2738477910
2807152470
1569849881
2792514715
2803458343
1569879018
1569811427
1569943242
2593031203
2592845740
2786218859
1569716418
1569927592
1569824695
2793084575
1569845828
1569727472
2786366061
2795193134
1569831405
1570016781
1569748136
1569662604
2592809431
1569918120
2807061580
2807135256
2809398631
1569685263
2787724236
2774373353
2592958383
2792445987
2774508059
1569762541
2070030530
2786214908
2801768721
2592872495
2592985411
1570016531
2601400534
1569705563
2676820692
1569658578
1570008851
2592917044
2600158252
1569825783
2786260521
2807162592
1558369715
1569939205
1569943535
1569899255
2592817696
2806619427
2786328028
2592862906
2796434976
2786256908
1569845301
2774399874
1569884731
1569848857
2793298897
2809302724
1569664270
1569698909
2799244017
2070046725
1569711450
2592976161
2786258663
1569942830
2070078282
1569661075
2786219076
2774385951
1569754057
1570008816
1569705591
1738137270
1569858612
1569918295
1569815657
2592810033
2787872315
1569944032
2786240672
1737773953
2774435436
2786254145
2774342439
2593058325
2792954587
1569717923
2774382659
1570028472
2814036068
1569841811
1569947372
1569659310
1569734202
1570015346
1569674182
1569927703
2786282976
1569704299
2786225001
1569697166
2592942902
2774443741
2792818466
2774356740
2786239013
2788121802
1570006420
2774387220
1569953946
1569814506
2786288334
2806720047
2593082172
2592968979
2594330396
2807161976
2788196867
1569762426
1569708501
2788177916
1569676919
1569945720
1569808705
2774350428
1569681038
2070027987
2813223026
2792954610
2786211908
2808770637
2786211412
1569872142
1569661044
2786275016
1569675189
2601402755
1569876981
2774402940
2070047867
1569839311
2791159868
2774443501
2786220134
2812990740
2592891999
1569948599
2593095879
1569755931
2786242995
2070029776
2786315912
1569854312
2592798047
1570038687
1569823874
2070067369
2594514058
1569696832
1569877505
2592827348
2786313851
1569744002
2786284581
1569905401
2786294982
2791257674
1569691628
2812505199
2592799140
2792722190
1569937629
2808147582
2594283522
1655514452
1569937903
2796230738
1570010669
1569742256
1569878046
2774398848
1569861137
1570016312
2804612639
1569891688
1737188593
1569673899
1570028099
1569906757
2592798729
1569889564
2786278513
1569830069
2592791144
1569661542
1569816619
2070019390
1569743000
1569903026
2799201083
2788168743
1569860584
2786239914
1569759211
2592803830
2600375312
1569902553
2070021345
2592854596
2786276564
2676757315
2806869976
2786325548
1569680083
2593103855
1569848870
1569913618
2786318025
1569918378
2601484557
1569692995
1569950172
1569930623
2798998423
1569746632
2790631691
1569819529
1569675033
1569873828
1570026938
1569833440
1569870109
2070027912
1570016207
2070039442
2787799496
1569928276
2807061511
2786294189
2786245498
2592791032
1569827871
2786239793
1569726003
2787808953
2786239686
2787755142
1569943720
1570014493
1569825410
1569828658
2807253220
1569758649
2592788407
2592790669
1570017465
2592795436
2807515341
1569754781
2788680797
2592840894
2774319215
2792835859
1569932259
1569675066
2070031485
1569900024
1569740729
1569948610
2774389537
2809004088
1569703033
2070035665
2786325064
2792954956
1569762451
2070022541
2774418140
2788659942
1569660756
1569743696
1557188554
2593076517
2070016670
1569685133
1569709647
1569719117
2593028857
1569678859
2809144021
2774370878
2070035635
1569907580
1559284281
2070017707
2808147351
1561573876
1569833615
2592835952
2592805594
2793654589
1569890788
2070055196
2592831567
1570035088
2774471097
1569841176
2786323516
2774345951
1569871308
1569928853
1569920363
1569864349
2592807589
1570011204
1569665027
1569887299
2788680657
2070037110
2592971586
2812832566
2070029562
2786238601
1737308143
2592830369
2792931610
2786286398
2807525709
1569904803
1569750101
2592882589
2774349668
1569657312
2735849094
2793253257
2070048822
1569839460
1569708294
1569853749
2592807858
2592843263
2070045823
2592809160
1569874047
2070021771
2774405520
2676665399
1558234651
2786223422
2070078764
1737774386
1569837555
2795430307
2592788797
2592944663
1569816725
1737779693
1569821363
2812473155
2774492620
1569868563
2774390873
1569753584
1569660163
2594085360
1737777291
1569657947
2070045154
1570006218
2787739805
2592795704
2070038947
2592809311
1569703699
2796438571
1569709971
2592875439
1569900550
2792527511
2774419091
2787719997
1569836539
1569753892
2592802663
1569951662
2070045177
2803405240
1557065664
1569929154
2592813513
1569710315
1738273690
2592790109
1569665609
2786309352
1569837432
1570027021
2786253983
2593058365
2592948984
2786215029
2592821398
1556282108
2774404212
2592958397
2592828020
2601404813
2786237954
1569814197
2786332750
1569691905
2792598297
2788327865
1569659154
2799174082
2774377617
1569657239
2593034683
1556983113
2592819978
2788129738
1569683080
2070035781
1558481778
1569732911
2593037185
1570026953
1569691222
1569916705
1569877046
1569659615
2592798938
1569812423
2592852420
2774329996
2801828335
1569882447
1569704270
1570000291
1569711329
1570012117
2801572877
2786352658
1569935759
1569859625
1569675547
2809391885
2793298943
1569879329
2070026225
2786294947
2786272712
2593066682
2592798978
2592810607
2774342814
2786340444
2593094788
2592814978
1569755186
1569914813
1569830284
2786221442
2792840084
2070041149
2809109675
2592827752
1569688104
1569919420
1570018075
2812761684
2592802896
2809047645
1569758102
1557841422
2070046759
2774415135
2805489300
2786255783
1569730807
2786211577
2788659546
1570026563
2594296000
1569810355
2774373860
1569684056
2592845223
1569690997
1569948460
2594277868
2809003060
2774424180
1570028765
1569693845
2600216641
1569848731
2788289930
2786297009
1569843162
2592864983
2593091101
1569671865
2812478895
2799002557
2593098587
2774427409
1569697431
2813149492
2792913060
1569922148
2813222840
2592787594
1569745614
1655469227
1569756378
1569896900
2592994537
1569665184
1569683509
2785385438
2806614600
2593641968
1569680410
2774384951
1570033283
2774440830
1569861267
2774341074
2808836767
1569840500
2774393567
2774396906
1569876028
1737779666
1737308308
2809020559
1569659121
2786258981
1569872066
1570040581
1570016798
2070045033
1570006439
2786223469
1570010824
1570011347
1569906782
2070045959
1570009814
2786291913
2592861683
2786235982
1569669730
2786346888
1569736681
2592795565
1559244969
2788659571
1569915491
2774316959
2790148961
2593019973
1569822391
1556668023
2787762736
2070033096
2774352592
1569854843
2592799638
2592993693
2786322430
1569948627
2799089235
1570035290
2592947022
1569696920
2786251189
1569683669
1569665539
2786322442
2787777792
1655652014
1570035850
1569697294
1570025519
1569820126
2592953205
1569762037
1570024245
2786325921
2814322561
1655745225
1570014640
1569660343
2804629085
1570024289
1570011363
2774409140
2786216727
1569754354
1569870441
1569953496
2774413136
2601483647
2597709096
1569894567
2592813623
2812831871
1569897029
2774454580
1569950131
1569863063
2786308365
2592938376
2592789372
1569836211
2593019858
2812476429
1569659471
1570018750
1569905997
2070070380
1569829806
1569921045
1570014808
2787812383
1569758131
2808984897
2593079801
2592803813
2774515470
2594086239
1569932823
1569710413
2774390738
2786226095
1569667758
2598552058
2774373506
1569889915
1734043342
1569743752
1570011691
2788713993
2070016486
1569832978
1737777555
2070040875
2807163076
2602963298
2795904877
1570041415
2787919483
1570007990
2792923906
2786235864
1569727167
1569742425
1569900236
1569835354
2070024881
1556539544
1559385169
1569750444
2774426439
2809049971
2774359177
1569737536
2593758472
2793388098
1569877584
1569664814
1569675421
2592792015
2786319882
2592959213
2070030893
1570027738
1569680246
1569906362
2593050953
1569660496
2809040407
1734145115
1569921164
2807161016
1569927208
2815170096
1569802834
2786214755
2792843217
1569724500
2593061509
2786212904
2774427800
1569894129
2070071876
1569910263
2808783002
2793165032
2774373370
2592865053
1570014933
1569953479
1569837402
1569901034
2592843473
1569907483
2786223027
2592867222
2592871883
2795302503
1569942382
2774441795
1569726499
2774373215
2594463664
2592992973
1569878036
1569730045
2786292942
2592814002
2807462792
1569946912
2593035425
1655678846
2600164453
2774328148
2774336575
2070026481
2592821808
1558848907
1569914908
2592805882
2801921024
2786322377
2594520347
2806869991
2786314122
1570011540
2787772115
1569951505
1569872020
2813222970
2793078812
2774358881
1569897522
1569830262
2678473248
2597818464
1569810073
2786259897
1569839393
1569658735
2592868131
2794573646
2680348261
2812680312
2600051367
1569930058
2814028946
1569754328
1569898337
1570014848
1569876368
1569752276
2593022857
2794825649
2774409375
2592836426
2786272947
1569663679
2592974405
1569911018
1569906922
2786329373
1556911689
1569805141
1569868326
2786331614
1569915605
2593605058
1570014179
1569674858
2594122645
1569697540
2786358865
2592808889
2593076145
1569870453
1569878061
1569678993
2786220312
1569953328
1569842491
2788121824
1570008876
2786218770
2786318261
1569906056
2592802328
2812746442
2774366659
2774396082
2774335043
1569658748
1570009696
2592908919
1569666358
2592977987
1569913217
2774387195
2592793561
2774441918
1570028875
1569904592
2592806676
1558110505
2789532054
2808989013
2603085800
2600238809
2592821838
2774437918
1569834182
2774424825
2774424882
1570029203
2592810834
2789361842
2601437474
2070077567
1560793432
1569730362
1569879254
1737776994
1737777228
1569754043
2808146254
2593101402
1569748154
1569820680
2070030309
2593020748
1569715428
2774444795
2593049086
2786336208
1569849310
1570018564
1569744841
2592814062
2809025610
2788249669
1569686492
1556826078
1655678769
2677650796
1569827962
2592820216
2774349546
1569687950
2592810116
2786327997
2774475968
1570035265
2592922616
2774452530
2592841232
2774392691
1737779078
1569947919
2774443842
2758082343
1569867955
2592817975
2786295236
2592875812
2592985928
1569889970
1569900151
2808789676
1569943225
2786359708
1570016483
2786289794
2603672976
2070041342
1569948426
2070021536
1569667262
2592865700
2805993537
1738480150
2070050415
1570015211
1569912079
2594595903
1737775789
1569906176
1570035585
2592788575
1569900252
1569951694
2774492095
1569749416
1569732971
1569945140
2788122108
1570034343
1569804076
1569712816
2774386864
1569680457
2786251135
2683041528
1569673238
1569757690
1569675262
2793298920
2786324551
1569740251
2808469278
2786358947
2594427528
2592969164
1569850398
1737102571
2593051670
2795302481
1569810387
1569657885
2801544195
1569937991
2786319113
1569670294
2592812682
1736900566
2592807698
2788125828
2792823762
1569738445
1570016547
2592805634
1569747972
1569849654
2807264118
1569817235
2593079572
2593054738
2774455631
2786434048
2786362794
2593063821
2774359158
1569848718
2786237131
2792781776
1569816487
1569715196
2787808364
1561226239
1569753231
1569727896
2786275756
2813018069
2070021961
2070022297
2786256481
2593496517
2592793282
2593037213
2592960686
1569673503
2774333341
1738200286
1570010232
2593067021
1569953961
2592806384
1569742813
1569914680
1569875617
1561447277
2813156928
1569750984
2788713942
2070048251
2809049655
2592813155
2774336861
2592967976
1569858785
2774349529
2786348688
1569759231
2070055007
1569660833
1569870616
2808777076
2592806459
2786255152
1569716333
1570041152
2808148991
2592858229
1569660819
1569883608
2774319234
1570029257
1569878298
2774477750
2592860484
1569945916
1559282991
1569910412
2786313863
1569930476
2592802595
2070069078
1569939787
2592805326
1569885329
1569888576
2813284792
1570011334
2593061283
1569945429
1569841203
1569951482
1569903066
1569908084
2600150294
2774413117
1569835957
2592829261
2070048982
1569659503
2786323075
2795307686
1570021073
1569844217
1569724266
1569680006
1570011020
2812454852
2592839493
2592807483
2813223049
1569753105
2813735551
2801702247
1569938504
1569921173
1569670054
1569674706
2786214737
2774398264
2603310344
1569666785
2592787205
1569880576
1569712720
1569676386
2808359473
1569658762
1569897171
2774423762
1737778605
1569804751
2592838215
2774433976
1570015489
2594253412
1569888627
1569667772
1569679441
2592838607
1560716656
2786309203
1569660520
2787739886
2593035982
1569850156
1570026493
2600380022
2600368582
2774351343
1737007039
2792999227
1569884104
2801609318
1569673300
2786300239
1570008577
2786326938
2732359684
1737778980
2808434006
2788221660
1569756937
1569927243
2791111467
1569665057
1569948133
2808804515
1737778040
2592791127
2786234366
2592801233
2592802439
1569848336
1569710994
1570030264
2592983336
2774425299
1557839580
2070040756
2774406633
1569876456
2592808436
1569757855
2786249530
2813057075
1570027343
1569675604
2592834075
1569715901
2593009940
2788013945
1569762667
2787822717
2070046402
2070046532
1569930097
2774391707
2786274835
2594323259
1569949610
1737777367
1569906248
2786253810
1569678204
1569754194
1569676315
1569809181
2592848274
2592956422
1569815157
2592791687
2592799776
2809138892
2786295416
2786324942
1570020116
1569836593
2786358597
2677973095
2592814330
2789363450
1569849614
2786214769
1569809075
1738075305
2788714192
2786319826
2809044549
2070023055
1569703754
2594534463
2807256078
1569692670
1569897558
1569872180
1569756544
1569890860
1562252147
1561264152
1557818636
2592802371
2592860241
2592795401
2786322794
1569898174
1569667037
2774361362
1569919247
2594195411
1569739874
1569674317
1738160403
2774449569
1569948245
2592819164
2592789726
2592889727
2774505033
1569939313
1569670952
1569664360
2786234510
2786313328
2786331602
2786345200
2592803688
1569719194
2809213856
1569692073
1569679611
1569739847
1569914927
2786287639
2786215602
2774415794
1569755322
1569688484
2601446815
1570024302
1569659141
1738176938
2809003461
1569857757
2592948535
2602683393
2774354128
1569893947
2792881170
1569704408
2774423919
2795309537
2070016683
1569682216
2774387761
1569913902
1569667668
1569948691
2787726569
1570008737
2600260941
1569724972
1570021090
1569683433
1737779099
2792913037
1569686549
2592796992
1735762721
1569676140
2786313717
2593035441
1569887751
2787770560
2070031670
1569848959
2774396833
1736926650
1569837671
1569738291
1569923402
1569832504
2774424814
1569901455
2592801908
1569803536
2594354881
2592994116
2774429806
2774410563
2805364405
2774446048
1569833673
1737777673
2592806913
1569875561
2592796035
2799408770
1569658946
1569944479
2592844883
2592794453
2813652883
2592788134
1569944711
1569705151
2786295252
1561406991
2807765192
1569815296
2603914984
2592798089
1569949068
1569665302
2070022601
2774422798
2808243642
1570033027
2592836440
1569938344
2774338708
2774359247
2787809546
1569913550
2774366832
2803393622
2812575718
2787727867
1569665667
2592808547
1557908773
2593004879
1569933496
2808982921
2800732381
2070024149
2601421304
2592966102
2592969648
1570014537
1569927747
2812598786
1569658227
2786219327
1569938396
1569918556
1569906409
1557084144
2592883078
2774387075
2070047750
1569753085
1569882963
2592804268
1569676996
1569946194
1569811526
1569727590
1569825673
1569889858
2592942128
2592812791
2676971639
1569820738
2786323059
2793206361
2786313345
1569906112
1569663233
2603479570
1569945403
2807264551
2592812239
1557064850
1569658079
2786319784
2070046712
2789118312
1569722365
1569922828
1569657131
2592892050
2786299808
1569723142
2786306991
2812441792
1737779377
2808627712
1569941631
2788153424
1569727627
2592795416
2813221133
1570006746
1569815781
2793072821
2593097427
2786252535
2792999204
2592801433
2774503936
1569673222
1569756990
2786261628
2593089769
1569888985
2799200446
2786239941
1569888815
1569697617
2593085765
1569816544
2812473299
2808207224
2774337650
1570000434
1569945811
1570034539
2593005684
1569952207
1569838711
2786328135
1569879299
2592965478
1569856984
2774502044
2807162309
2592979289
1569710572
2592815529
1569732988
2070019245
2593059229
1569852093
1569902668
1570030003
1569743127
2600256556
1569722278
1655725719
2792874857
2592803893
1737194323
2793059888
1570032607
2792836857
2799387684
1570030763
1569943109
1569659194
1569716127
1569857740
2786323348
2786326183
2070022416
2070037724
2070045259
2592795500
2592934183
2786217709
1570039271
2774410995
1569685620
2774500362
2812605358
2774445878
2070068307
1570028987
1569659518
2593014558
1569655987
1570030029
2592811890
2813844089
2600234791
2787812361
2786291929
2592799969
1569687444
2592918015
1570029405
1569695104
1570000540
2812579414
2808148730
1569940455
1569923220
1570017290
1569815670
1569832283
2774441834
1569944161
1569840742
2809071437
2809006041
1569691659
2801634119
1570000978
1570033720
2594488291
2774428103
2774441905
1569948410
2592869679
1569756392
2593005343
2793238066
1737611609
2592989157
2809001493
2786260743
2593005327
2070045117
1569933605
2774358374
2807302302
1570014667
2786282428
1569672974
2806993076
1569754588
1569743333
1737777790
1569874183
2774440258
2809035826
2774431032
2774359917
2592811330
1570032680
2592805569
2788261846
2592797450
2070018169
2593035839
1569730317
2786219923
2593080954
1569806928
1569884543
1569949723
1570020688
1557325115
2793145846
1569710427
2788684133
2592797682
2793172948
1569835669
2592849264
1559956523
2786241170
1570028704
2593010990
2786219064
2804957242
1736894852
2774373336
1569715979
1562252072
1569716089
2592959434
2592803878
2593099818
1569812021
1570023738
2795224357
2795428672
2814149233
2786323360
1569847953
1569859568
1569857660
2786313237
2786318749
2592975145
2786221623
1569915052
2799492544
2603990448
2592795029
2070035231
1558665944
1569851356
1569953702
2787718256
2809144038
2809049575
1569757404
1569679061
1569747517
1569670484
2592980229
1569662019
2786319709
2809148336
2774362623
1569942937
2792999181
2774475505
1569893913
1569802672
1569850246
1569696892
1569733827
1570008188
2808984743
2786260567
1569871389
2592796016
2593087927
2593390289
1561658281
1560436095
2593059460
1569817073
2786221723
1569699333
1569666635
2592858170
2774504441
1569918361
2786319281
2814034678
1569682983
1569674331
2600485251
2789928698
2592799105
2592800822
1655687888
1570012197
2786210999
2070022005
2070028572
2774368723
1736857569
2592797026
2793042070
2807060831
2592841829
2786336562
1569914203
1569928550
2812764972
2593061299
1569663407
2592859892
1569940616
2786328123
1569841854
1569815623
1569673767
1569662324
2592826079
2592796462
2594382884
2594524539
1570011474
1556829086
1570017810
2792527538
1655745266
1569675466
1569715816
2774503462
1558104873
2070029526
1569673398
2070048953
2808531763
2808627671
2070022427
2774318440
1569715262
1569815178
2774441892
1561220326
2592790059
2786288530
1570015136
2592801285
2070054426
2774523673
2786312898
2592794490
2786211877
2787811099
2786217365
2774445476
2786283266
1569748691
2600518824
2786295079
1569841797
1569898729
1569911044
2786306795
1569857366
2593050690
1569674102
1736896130
1569833262
2070029351
2787729964
1569809581
2592945756
1569927305
2809006988
1569663911
2774373489
2592813841
1655516250
2793009743
2592957163
2592800122
2774507252
2789692626
1569716567
1569899096
2787819077
1569869495
2592789581
1569948563
2786443017
2786319854
1570016682
1569921539
1569755766
2786272339
1569677904
1569740345
1569843537
2812608715
2600296209
2786313911
1569942729
2774328132
1569708328
2786238953
2792909113
2774344857
2786313508
1569863576
1556872017
2788123870
1569725959
1569830476
2593044016
2814036092
1655567862
1559899742
2774357412
2787995298
1570013101
1655621152
1569918613
2681096346
2593061578
2592876127
1569759377
2786219991
1569816053
1569812190
1569922843
1569944310
2592840736
2070035934
2594430183
1655676156
1738267454
2592864244
1736577155
2593054717
2592831130
1556826683
2808611571
2774441782
1569912989
2786390673
2070016644
2601509162
1569835887
2789718746
2786238853
1569906303
1569677068
2786287391
2803452194
2594256959
1569819132
1569865012
1569825130
2592993558
2592963045
1569917582
1569913585
2787762839
2592815269
1569680198
2774455555
2795241987
1569812548
1569662047
2809013779
2774443473
1655370133
2787812411
1569835609
1570010456
1569817705
1569671021
1569895164
1569670456
2592792395
2809118204
1569679821
1569950958
2603001815
1569913228
1569760627
1556083516
2593087105
2808990289
2774331441
1570014768
2774516108
1569832333
2786367474
1570001080
2786222284
1569814595
1569947723
2774373039
2812766784
2808992281
2600369771
1569936393
2788130726
1569830161
1570035241
2774373285
2603274946
1569852015
1569717912
1569678516
2070028708
1569664121
2786212299
2592794398
2787809189
2786248272
2593094748
1570007014
1569727640
2814512032
2592869736
1569662309
2592814172
2800732424
2774393845
1569677199
1569921596
2814374290
2786230447
2786235229
1557777030
1569804937
1569870416
2774445502
1569656076
2592815161
2812579458
2812780448
1569946865
2592950213
1569894520
2600374244
1569897244
2786244402
2592810179
2592797435
2791058812
1569679667
2786293468
1569673587
1569681196
1558824381
1569664075
2786221430
1570009369
2592840911
1569900678
1569705172
2592869338
2593666048
2791058890
1569823811
2603638749
2593054773
1569692682
1570031000
2593620632
1655711669
2809005833
2807124829
1736943032
2070044245
2812512614
1569718338
2592803910
1569889956
1569806736
2070070261
1569750537
2774435550
1569741037
2786214378
1569826926
1570010267
2790152038
1569742587
2808991240
2592803755
1570009279
2788684240
2774359272
2070038218
1569941609
2795438038
2774386513
2592795368
2808986695
2774413831
1569875302
1569945475
2593055003
2786358879
1569913170
2786218847
1569720335
2603054080
2790493463
1570037811
2592810965
2774427861
2788260825
2592836762
2592899888
1569883615
1569917790
1569668005
2593013467
2774339582
1569746803
1569672432
2593110095
1569839563
1569803870
1569906191
2680036470
2809028382
1569819077
2774391484
2807689245
1569900714
1569812565
2786276574
2774399403
1569856672
1569811218
2774431931
2774367163
1570037792
2593027764
2683295360
2600266102
2592801489
1569927286
1569854349
1569699903
2792775186
1557283934
2070035585
1570017117
1569858042
2799909295
1569852980
2593032572
1569660227
2592803130
2797122404
2812478042
1569887150
2786212610
2786316568
2070019485
2592829635
2592798578
1569722946
2786242005
1569682705
2786219951
1569913046
2808786561
1569687673
2812758986
2070040497
2070048809
1569827994
1569655907
2786317987
2787812473
2593014387
1569706017
1569818646
1569915429
2786300198
2601481493
2593489826
1569825641
1561800741
2786281917
1569732954
1569902078
1570014400
1569675882
1570010624
1569906276
1569735247
2786222300
1569862691
2592795999
1569932322
1569658904
2592788778
1569943690
2592792793
2788713634
1569666697
2592948785
2788122029
2808148881
2786344958
1569828427
2786256335
2592793223
1570035060
2593033311
2070024715
2774392880
1570009568
2814217930
1570029519
1569740657
2801019667
2592965891
1569690983
2592811507
2592984302
1569755784
2787995208
1569736553
2593018107
1569906099
2806011994
2787758466
2812869121
1569899960
1569746494
2592979314
1737777278
2786213291
2788254393
2774419110
1559625101
1738216252
1570016861
2594556124
2677779414
1569839006
2800677372
2774441931
1569741084
1737308326
2592964925
1569726048
1570015471
1569666909
1569739954
2593076053
2592993528
1569696960
1569898040
2789951099
1655636006
1569922424
2813781402
1569702980
2786218146
1738124354
2789362021
1559613128
2786361222
2793140182
2786317901
1569944619
2809004222
2594317039
2593054428
1569710706
1569679007
1569888918
2593031233
2070077208
2786313875
2786307937
1569951265
1569706856
2594056700
1570026747
2786247574
1569930014
1560274315
2774509760
1569673059
2070016088
1569726117
2699594832
2592796081
2603743617
2793042047
1569951293
2592826224
1569840695
2792839826
2786321095
1570010781
1569681318
2796434807
1569726417
2774504393
2774342871
2774505469
2792406277
1569666673
2774376703
2774476498
2592821857
2793036469
2774451550
2786235644
2593051122
2592791111
1569704257
2070067986
1569669748
2592800702
2786291187
2814126714
1569663540
2070046644
1569928214
1569757935
1737774045
1569675274
2592801103
1569656704
2794578474
2592807373
2806618793
2592801470
2592798155
2795206058
2593103837
2592797861
1569915377
2788713797
2789660115
1569750387
2774394903
1569943368
2786241945
1569684006
1569671980
2070045446
2798964444
2592836743
2786246210
2786235251
2592800061
2594255184
1569851030
1570016146
2774420705
2774483769
1560341929
2792835615
2592796477
1569734215
2774360385
1570015095
2786217274
1569905808
2787905208
1560632456
2593994651
2788472548
2774443332
2801540569
2070018315
2592862481
1569811511
1570011102
1569807554
1569942577
1569857593
1569912280
1569715966
1569847211
2790494980
2806021366
1569755312
2774370544
1557912587
1569823632
2593618290
1569710267
2592819802
1569658485
1569829133
2786243796
1569688118
2774395658
2794825534
1569822510
2788121409
2774484665
2070029760
1570016174
1569837498
1569916317
1570012594
2786223322
1569662295
2774359898
1556122598
1569700197
2774329328
2787741728
2786288133
1569922703
1569850807
1569949080
2807162634
2592866294
2592788168
2786322529
2786238815
1655471093
1569917849
2594253274
1569902507
2592795238
1570016950
2807765023
1569948473
2792505345
1569703977
2792954671
2812541669
2799379217
2789362048
1569674763
1569716452
1569906233
2786235495
1737778891
1570007402
2786321133
1569874195
2796435065
2070026178
1569883836
2798963607
2774361644
2808152046
2808467052
1569829477
2738445906
1570011124
2594405771
2592794829
2593084179
1569660215
1570006711
2070016615
2774332233
2809042626
2592808453
2593042386
1569803145
1569669472
1559620874
1655673180
2729205189
1569917807
2592807633
1569869710
2787810984
2786320504
2806662798
1569676933
1569755208
1569682004
1569879229
1569669034
2592829235
1569708112
2070022169
2786240200
1569827030
1569722986
2786276451
2593075878
2812810823
1570015441
1737233920
1570009328
2786327876
1737205163
1569684498
1570027265
1569672137
2809052881
1569935155
1569687556
2774396795
1569675342
2774410781
1569730375
2592853411
2808783521
1569881747
2774452607
1569674628
2070067833
2809028859
1569912768
1569843630
2809140172
2774421638
1569665595
1558263438
2592836454
1569736341
1570039489
2774328819
2592990494
2774390598
1569949803
2774424863
2592818857
1570009636
1570006122
1569667682
1569848055
2790493592
1569942646
2592978607
2799800386
2774499931
1569919066
2788261685
2786300338
2592789123
1569731048
2786219937
2592803528
1569749011
2787809452
1569833464
1570006984
2593091052
1569761656
2774462892
2592790021
1569843202
1570000488
2774350532
2592837219
2592822046
1569811931
1569735683
2790209016
1570028318
1569913939
2774495005
2786218871
1737237433
2592853301
1569822118
2792501787
2795302420
2774441847
2774392039
2592789618
2592797173
2786256566
2592804995
2593069818
2786326979
1569672095
1569698496
1569888828
2592799567
2786285583
1569938939
2808147225
1569948327
1569678761
1569762555
2786338990
2070035742
2814059784
1569912668
2774472741
2593052036
1569897211
1569886601
1569680534
2786254998
2070048606
1557024074
1570040635
2593094612
2809011445
2786216832
1569880552
1569696367
2070044268
1569920559
1569841076
1569665926
2592974149
1570014680
1569916781
2774423141
1569942190
2790090564
2800732333
2774382447
2809030790
2592976147
2592827660
1569715386
2734904211
2789946922
2786322770
2592973708
2786246719
2774394638
2774414959
1569658836
1569701858
2070048591
2681906584
1569875477
2793212296
2812670627
1569673167
1569902902
1569826221
2812685328
1569743266
2786320120
1569675287
1569666372
1569817423
1569698387
1557840014
1569762337
2601422453
1569870306
2592792492
2592795686
2787721439
2799629172
2788659594
2786280398
1569667728
2592801385
1569693601
1569816410
1569916166
1569883060
2774365913
1570006791
1569678823
1569907295
1737777014
1736885009
1736864123
2594553822
2786216848
1569815703
2593643940
2786254892
2787777836
1569666653
2592969227
2593088970
2592947295
2795306638
2592843305
2786240952
2592800477
2592789393
2774462418
2795218869
2070045138
1737774514
1569668132
2789928777
2593111733
