1467875006
1467881156
1467935532
1468356295
1467875858
1467892046
10368
1468308642
1467975826
1467879445
1467886466
1467883803
1468717808
66195470
1468278816
378704738
1928145
1569604268
1467975230
63169727
345948949
1469300476
1467898309
1467870496
1468081077
1467994873
1468045100
1469312942
1468048928
1468374902
1469375324
1468032369
1467896427
1468024250
1467901632
1469253737
1467887659
1467875985
1467871394
1468012320
1467890849
1569772068
1468047240
1467977461
1467899424
176174397
129319778
2661980410
1467902407
94890401
1467878978
1469356970
1468303938
1469286943
1467978271
5345506
1468010606
1468086936
1467913450
1467876810
2647510955
1467928724
1469430913
1468324376
1467909349
1467899206
1469368745
529547138
667032006
2792575
5461670
1469355642
667042634
1467907537
1567829573
1469288899
1467985050
1467876067
1468200688
1469334016
1468058347
5485376
1157831107
1468014159
1468374966
1467868090
1467876008
1467924024
1468306463
1469360789
1468374958
1467877736
3005328
1468049518
1468097922
124563508
651611295
103047057
1468244802
1468008763
1468363743
146688921
1467918460
1467994780
511321613
1469399184
1468410195
1467899889
1468288786
3004004
115215861
1467977475
1467884369
60533728
1467883737
1467917858
377867937
1467986365
5465154
1467932396
1467878871
1468049214
790253278
1468305337
510812848
1468024260
1469380739
629228237
1467897293
1467885566
1467898131
787375939
170982134
1569575885
1467877895
1467882096
1468160670
359591152
1468045657
687648
2900032
1467920311
377821045
1467970157
1469300400
1468165504
667034408
1569589874
1469432051
171498803
2636590395
1157831129
1569583482
106790437
1468024573
1468095317
1469334213
1467878199
1467975262
1467905391
1467894597
486891108
347135246
1467970934
1467904354
1467905923
1467917143
1468218804
672343012
1468022095
1467994505
168116841
1467887879
1467903511
1468046402
121787785
1469318805
501141808
1467915696
1467909155
1467871750
1468011656
193808821
1467975816
1467908585
1467878188
1467918943
1468007711
210356694
1467878835
1467919774
1468278855
1468077267
1467877141
1467894490
1467892965
1467877411
1469292984
1467895044
1467867255
1468010648
1467925702
536238034
1468047774
1467975702
190967567
1467975627
1467900262
1467975209
1468002286
1569604393
2634725616
1468042924
1467910471
1468015873
1467976035
1467911492
122587715
110981745
351278824
1467975900
1467932442
1569593751
1467881870
1468428976
191142417
1468118376
1467916053
194058756
378938223
