381193721
1467975944
1467975242
1467915175
1468039828
1468054135
194077374
1467917979
794588607
639938970
1468011618
1468223899
1467975755
1467882380
1468039577
1468008811
1467899053
377758815
670483424
1468043867
1467910461
1468325278
1468023788
282818792
121555656
154891469
1467917752
166067123
380042430
348338212
1467898557
1468002135
5445305
1468231761
1168580195
347542167
1468282331
305267042
637199775
346649386
1468039807
1468099030
1468022021
1569772150
1468707016
1467976024
385865946
60530393
1469387853
380505015
1468030701
1468002921
1467935189
1467897398
98897360
1468300228
1468009477
1469401878
1469415535
1468047049
679743817
