1468082160
1468048353
1468423210
1467900620
54482363
670376080
1467969511
1467938196
667044818
1468023777
1469319879
1468039862
1468012296
1469292932
1468279798
1467932827
1469362368
1467888594
1468304511
1467935919
347375715
1468164454
1467872423
1467877629
1468008821
1468009211
190967556
1467936038
1468348512
1468097930
1469335069
1569793065
1467935894
1467975920
1468300173
676438865
1468011609
1467874654
1468023758
1468040259
1467903042
1467976152
1467917177
1467873639
1468267960
1467878335
630067963
1468300212
1468044620
1468023720
184774526
1469333022
1469336564
1468300220
1468380865
1467932841
52908417
383213448
1468330541
1467936813
1469303060
2903019
1467879018
3708936
1468341784
1468300109
1468300117
1467976048
1467881193
383197859
337020305
1468300125
1467875296
380592959
1467975836
1569772195
1468302789
1467895264
1468049783
1468162623
1467919787
1467917156
1467887798
1467894952
1467909362
496099903
1468324992
2702083
1467877551
1468011893
1467877208
1467878555
1469294107
112820110
349313739
179913543
1467975164
1569780246
292802
1467979959
1467903975
1468278206
1469347702
1467935857
1468285355
1467979305
1467869473
96225376
1467975680
346903694
1467975849
1468312604
61103881
152232793
1468015586
1468285371
1468346515
1467898083
1467879552
1467890461
1468025890
1467911611
1468300157
1467868045
1468346523
191988592
1467975737
165236853
1467966542
1468223891
1467935311
190967545
1468002124
1469347909
1469303350
1467917966
1468451088
1469319858
1467984489
128840573
1468015933
2604439219
1468047077
1467971022
1468098265
1468049228
1469406469
5489144
630136731
1469309671
1467979968
785922314
