2604439752
1468046730
1467917940
1468050627
1467868118
1467887441
1468141305
1468007701
1468116051
1467872033
5490989
1468340838
1468373114
1468373143
1467866691
1468041038
1468217942
1468041098
1468220209
1468270886
667046396
667034690
2604439664
59937929
1469376573
1567645188
1469369283
1468141313
2604438717
351223381
1467902722
1469383229
1468163322
1174059463
1468217034
1174059419
1467887892
1468024822
1467870680
667046363
1467872119
1468099331
1468050008
1467885799
1468122927
1468041105
1468373128
1468285036
1468046716
1469327340
1468096608
1467918521
1468046694
