1467875744
1467893972
1468055374
1467908701
1467875846
1469402817
122138382
1467868204
1888927
1467877530
1468013295
161304261
1467877338
608573732
1468213212
1468308058
1468018124
1467923905
1467867736
1467885079
1467901893
1468040079
1467893136
1469414215
1468013038
1467982595
1467902381
1467878398
1469382710
1467869763
1467890981
1467867176
138018465
1468044599
1467878676
45987930
1468028533
1467884734
1468370069
1468002189
1467913988
1467871275
1467920159
1467907362
1106261562
788044382
348277775
1468047458
1467881377
1468098826
1467890527
1467917041
1467877077
1467916648
1467978336
1468198157
1468308074
1467880519
1467872529
1468047860
1467883157
1467917051
1467872610
1467868515
1467888318
193558320
