122926603
1468163131
1467900456
1467922942
622050361
1467874972
1468163116
1468332750
1468046813
122280467
1467869737
1467892254
671553655
1467900858
1468079396
1469395952
1468043903
1467871778
1467871481
1467975862
1467913883
1468205472
1468034703
166412133
1467944747
1467911171
1468043971
1468338188
651247073
1468017310
1468002051
1467877450
146688767
1467920026
1468170932
1468063846
1468040421
1467868692
1467870890
1467877604
1467976306
1467920194
1469314627
1090806234
1468011372
1467878601
1468034731
349731146
2998305
5246079
1467879231
1467913386
2693937
1469335633
2361519
1468022055
2644087936
1467868450
154912011
1467919245
1467902576
1467936701
1467878790
1469262794
1467871468
1469356027
125065571
1467934672
1468001902
1467975990
1468371733
107614607
305747815
1467889928
1467878225
1467886730
2908595
1469351167
2642238
1168968566
1467897007
1468208822
1469419953
1468046822
1467910702
1468368381
1468071357
98371333
1467892784
1467910914
1468012588
4407767
1467886607
1467879524
1467900207
1467906730
2756730
187187929
5448577
1468014376
1157281366
1467885307
1467873794
1469349149
411249412
1469300322
1469370922
1467873313
1468167515
1467913312
1467965407
1467910810
353317091
1467917204
95572399
1467883030
1467890994
1468045664
690128
1031425153
1467910797
1468134444
1467868718
1469377691
1468046849
1467898142
1467932954
29758512
1467887498
1467910391
1468371833
636796945
7281120
1467902587
638484273
1467868804
1467922223
1468049344
299814479
503061554
1468011647
1468672135
1468308466
1467913138
787598592
1469326408
1469422011
1467894065
1467876560
1468043984
1468260865
115445870
380169175
1469433695
1467875539
1467907163
1469364576
6257054
1469412359
1468264751
1467937279
1467923888
77321
1468010692
1468135122
1467873324
1468020459
1468370061
1468045229
1468020371
2211264
172732233
1468409408
1468010592
1468018671
1467911591
1467894816
1467886235
1468010861
1467877163
1468040461
1468353658
1468117328
378937033
1468714065
1468012885
1467886125
1469415469
1467975778
1467874207
1468220201
1467911560
1467910339
1468019889
176441879
1467896799
1468381235
1467913598
1467983276
1468371122
1468034711
1467897467
278989958
613170513
1467882503
636987713
1468197202
1467910899
154655146
