1569912969
2812746442
2792881170
2808986797
2601406233
1556845135
1569823874
2774335043
2786261326
1569882741
1569888799
2786318605
2732359684
2807283051
2601406390
1569757630
1570030654
2791058890
2786288530
2070022224
1570033027
1569743333
2592798615
1569943629
1569668901
2592807035
1569820680
1569683080
1569807075
1570018075
1569904592
1569744803
2786212347
2786282428
1569758102
2774516292
2774338708
1569857740
2774509591
1569929683
2795255393
2791055340
2593046275
2592799038
2592865494
2809148336
1569664270
1569947919
2600502055
2774316959
2774436045
2592959705
2758082001
1569894520
2792839826
1569905480
1569844217
1556814553
2592798047
1561226239
2786319267
1570029102
2786363957
2592862906
2676980565
1570009636
2786324942
2774443648
1569715839
2592827089
2070039989
2807282994
1569762018
2774403462
1570016392
2786219963
2592836217
2592797354
2680348261
1569953702
2592944329
2786273685
2592792063
2808847221
2774451569
1570009311
1569657947
2592800729
1569753892
2799909295
1569696367
1569825410
1569660520
2774397121
2786282468
2792928390
2812474029
2795302503
1569815033
2786325921
2070016975
2799110994
2774441931
2798963659
1655637818
2774431011
2603291214
2593468365
2592856458
1569826653
1569807447
1569815670
2774442987
2592795316
1569810387
2774420316
1556667161
2792432317
2789697760
1569673238
2592830563
1569716567
1569949610
2807061580
2774503936
2774396639
1570014907
1569812423
2592810607
1570024004
1569854843
2592963045
2593516810
2592799638
2070046300
2592814750
1569750101
1569670966
2592799759
2786272712
2774407018
1738187572
2592797049
2592799679
1570011347
1569692329
2795302436
2592803910
2592799955
2593033283
1569851522
2592974283
2594330396
2786341866
2786313249
1569750238
1570037792
1569750159
1570009081
1569753666
2593022289
2807958378
2809056344
1569942690
1570029080
1569703033
2603672976
2786280872
2786217262
2600051367
2815170096
1569920615
2809419826
2807253220
2593005343
2774340561
1569840461
2070017257
1556290390
1569870385
2808607431
2681997681
2786236071
1569726778
2786252509
2808147243
1569670952
2070045080
1570014759
1569685147
2593057191
2809049056
2593020249
1557325115
2070078764
1569912318
2070027912
2774444795
2787809171
2070036409
2600369771
2593011734
2774523525
1570009829
2774324596
1569839902
2592828170
2592948785
2592862345
1570010297
2774409140
2786238893
1569864349
1569944353
2786316568
2786321083
2592965891
2809055046
2070048312
2791082056
1738122841
1737777228
2774362623
1570015211
2774455698
2070046695
2774403074
1569680877
2786277840
2774442972
2789361948
1569870453
1569934707
2792888130
1738183995
2070030530
2598552058
2070035934
1569698373
2594256729
2593088954
2592935954
1569913046
2593050953
1569934690
2799105762
2774360385
2786315280
2795337709
2787822765
2592793166
2813222970
1569711450
2807689967
2788289957
1569663679
2774482338
1569676054
1569759211
1570029128
2788713914
2813735340
1569808705
2592979314
1569679061
1569691166
2593090610
2793165032
1569872033
1569946792
2809015301
2774431878
2801921024
1569668005
2070039821
1570016898
1569716898
2807124829
1569948758
2813781317
1569834615
1569875617
2592837350
2592859983
1569689380
2600420654
2786319826
2592829874
2786235150
1569708759
1737777291
2600238809
1569660496
1569930182
1570032626
1569732988
1569906176
1569723678
2774385951
1569934989
2592836440
2786212904
1570006482
1569849310
2774435177
2593048146
2787819143
2592836454
1569665926
1569680006
2796433939
1736867754
1569670980
2790493592
2797122404
2774421638
2809004088
2786212872
2774499954
2786316832
1569669748
1569822606
2791159868
2774449588
2786238532
1569894487
2592814718
1569694501
1569945403
1569930529
2809057729
1569705427
2786222954
2592799906
1570008517
2774376962
2809590550
1569709837
2592803287
1569748691
2808997047
2807158716
2793109563
2070033096
1569943368
1570028875
1570029203
2600163715
1569758679
1569671439
1569835669
1569870073
1569680168
2812795541
2592793778
2592899888
1569935142
2799200446
1570015763
2592836743
1737779099
1569917807
2807152744
2786325548
1569715614
2812473137
2592810033
2786306853
1569900024
1569679952
1569726003
1570012620
2786273967
1569725804
2592792134
2774373194
1559668381
1569930660
1560292851
2786344203
1569665265
1558982527
1569657984
1655214799
2592796369
2592790992
2774450864
2786280398
1569943565
2774484569
1569852075
2592799799
2593094612
2070048056
2593037412
2812598419
2788961412
2070019573
1569743724
2786219076
1569930502
1569934907
2774419091
2592840877
2600159394
2786306795
1569820718
2800732381
2592950213
1569661568
2592793467
1569757575
1570015489
1569685363
1569811915
1569688484
1569866639
2593094788
2786212330
1569710596
2789364520
1569897211
2801626134
2786308365
1569947044
2603892884
2786251135
1569762088
1569826281
2774413831
1569802994
2789178939
2786344958
2786274378
1569850600
2593059435
2792833934
2592797435
2786318247
2592838251
2801609318
1569715351
2593061299
1569848395
2592889976
1569687444
1569668308
1569879299
2786241728
2593064639
2793084575
2070048982
1569836947
2774370544
1569882304
2808811547
2774392957
1569656144
1569865012
2793172971
2787903099
1569942369
2592799056
1569679089
2774515756
1570015423
1569894460
1570012197
2786221888
1570019765
2803393622
1569678412
1569659121
1569868167
2070032036
2786328123
1738216252
1569682085
2592807415
2592838539
1570030029
2592824258
2805484286
2592803625
2601427197
2786327997
1569713121
2593087927
2592869315
1655510212
1570027211
2593060582
2594256712
2592820169
1569746494
2774446500
2593109977
1569703735
2774360926
2795418041
1569660578
2592866294
2594317654
2594539403
1569753085
2774394827
2812673033
2070035665
1569855598
2786253538
2592953190
2592984353
2809004665
1569657455
2800723228
1569845301
1569760917
2774441983
1569919435
2774402812
2594086561
2592797173
2786243051
2793212477
2774430159
2592794292
2812575718
2774345064
2774475968
2070032175
2592969210
2592800270
1569813404
2786240701
2592865700
1569741067
2786243015
1569889956
2593648651
1569828869
1569673255
1557776894
2774414155
1569744257
1569687547
1556668023
1569826236
1737778196
1569695972
2813652883
1569733827
2786340076
1569724972
1562252072
1569852298
2786349550
2809030808
2593067923
2593037357
2786338990
2593063875
1569917837
2809028859
1556430265
2807135400
2786305357
1569731445
2786317913
1556117166
2592841889
2594350871
2788123901
1569730669
2786312898
2592989096
1569898729
2070027162
2808610479
2592791739
2774388357
2592843263
2592791032
2786272887
2592806747
1569927770
2593050753
1569731821
1569670294
2786248272
2592958397
2812473299
2812675259
2774371110
2592826012
1569683433
2786238953
1569662496
1569890661
1569946080
1569897171
1569891409
1570011804
2592831267
2786218683
2592801760
2593020748
1569708112
1569734368
1569664133
2813223665
1569657104
2786211925
2734904211
2070022088
2592865557
2592814172
1738211032
2677391063
2786225092
1569913217
1569817235
2787752524
2790456212
2594310408
2790152038
1570007387
1569746803
1569740718
2070022664
2786274515
2774401602
2786306991
2794720941
2812441792
1737777130
1569872771
2786319784
1569733969
2786219147
1569682394
2592788134
2808986695
1570007661
1570015552
2601600867
1559600688
1570014493
2593005310
2592968473
2593012558
2593014387
2786254116
1569753638
2786320120
2774451626
1570012683
2787772564
2809044549
2070038218
2592830983
2786211702
2799218908
2786312618
2592798237
2593678896
2070031941
1569945364
2786235982
2786307406
2774430205
2592796734
1570037258
1655671256
1569921045
1561264152
2599686383
1561406991
2786443017
1569688675
2787811099
2592794453
1569876981
2786319043
2774437291
2592800061
2592799157
2592864244
1569742411
1569815703
1556826683
2792599620
2812746216
1569815781
1569706839
2603781433
2786287791
1569918556
2593039738
1569929154
2786435568
1569940777
2070015735
2592958441
2809191645
2592791127
2070037067
2600213716
2786323276
2807302281
1560445414
2786214487
1569852559
2070028300
2786219036
2592812640
2592992819
2812418306
2594253365
2774406633
2593031518
1570016207
1570018644
2786364776
2813223026
1569752058
2786237768
2774502372
1569677316
1569814334
1569696832
1569683363
2593013974
2592798089
1569683509
2594274002
2592805284
2592807373
2593070211
2592814366
2786274317
2788959647
2070044686
1569666579
2814195653
2774519695
2774507836
1569663540
1569882042
2592986126
2774361362
2790929568
2592971222
2786238621
2592918015
1569741673
1655514452
1569830316
1569673503
2786276659
1569743070
1569669504
1570038965
1569897522
2592837219
2070043648
1569730045
1569808488
1569891740
2786287202
2786246941
2795265309
2592840154
1569901733
1569661542
1559149106
2774380946
1557283934
2593038268
2786256335
1569943850
2812451817
2792913958
1569754799
1569890839
1569843892
2799244017
1569910525
1570011334
2593079542
2806021838
2774505192
2786257325
2592788690
2592950445
2594524539
2786223469
2593022877
2774359158
1570014192
1569887751
1569674689
2592965417
2774367027
2806869541
1569702980
2786307937
2787739859
2800742682
1569888844
2592860125
1569850807
1569914854
1570000434
2678017822
2070067986
1569812883
2786215224
2592800140
2813221133
2809302266
2592789618
1569749098
1569922424
1570028300
2593103074
1569833808
1569850534
2807958395
1557585631
1569933496
1569839844
1569834305
2592983336
2600590606
2804612639
1556899426
2592954525
2787812411
2592958383
2795238394
2593076145
2070045117
2774370878
1559101701
1569880552
1570008899
2597799022
2070048953
1569916705
2786219811
2774377617
2592976054
2592795416
1569730349
2603624485
1737079871
1569930577
2809002260
1569879478
2070044879
1569848135
2593033311
1558420837
2593022617
2592845740
2786235864
1569803634
1569709828
2808434097
2601414677
2600157081
2786235495
1569835237
2786328258
2774410307
2070035635
2600315244
1570017665
2592793818
1570028910
1655741362
2786301299
2807125511
2786487837
1569865277
2806784443
2070068660
1569839381
2592811269
1737775029
1569712483
2592815948
1569664328
1736876759
2592982220
2809019948
1569874183
2774351343
2070029351
2774316978
2786255324
1569916195
2593028957
1569677844
1569872905
1569940616
1569742813
1557908773
2592815529
2786227305
1569672053
2774418068
1569658735
1569837067
2805513700
2594056700
1569875561
1569703754
1569825130
2774391799
1569726117
1569836539
2807152470
2786283109
2592941401
2592882561
2593091101
2793277593
2596049661
2592805553
2592868047
2786323947
2592805423
2070071175
2786313960
2592792085
2774337929
1569881747
2594678835
1734145115
1655214873
1569923328
2786291897
1569910761
2070050838
2601430474
2807515341
2593087081
1569688298
2595013514
1569675435
2592838196
2787809546
2814325975
2070067729
2786329292
2592800043
1557333415
1569700412
2786326938
2787808047
2600365549
2774337720
2795438105
2774365783
2592942902
2592843347
2808771463
2592925179
2786223322
2603079216
2807523228
1569806992
2792954610
1569947842
2809434651
1569660833
1570037302
1557284521
2786215029
1569951482
2070025849
2592788778
1569944441
1655688587
1569915034
1737774514
2774405520
2592963305
2809138892
1569860584
2799629134
2799204626
2070025444
2774504257
1569662604
2592801368
1569690430
2592807881
2786386236
2786273193
2786292962
2592821304
2593094626
1569875108
1569758649
2593034783
2070041149
1569668028
2812454852
1569683571
1559956780
2786313923
2786299692
1569739902
2774346247
2592977745
1569660227
2787851943
2813222304
1569665363
1569812172
1569692694
1569722346
2774399403
2678092308
1569751726
2786237106
2799094427
2592799140
1559623830
1557367349
1569936222
2786321296
2592806474
2592827414
2774392691
2809047605
2786232954
2786240952
2812678703
2807264551
2786227371
2814015204
1734043342
2774441808
2786355808
2792869975
1569921576
2774396196
2070031832
1569754768
2592984028
1559599712
2786318261
2592796678
1569727167
2792922016
2786290822
1570007901
1559602396
2593027764
1570014768
1570033642
2787727867
2592838837
1569669730
1655622914
2593064150
2789532078
2790235628
2790441985
2793274523
1569679611
2592867116
1570033900
1569720491
1569685263
1558665944
2715722031
1570027021
1569886932
2790003397
2774328263
1559527671
2592803162
2786322196
2774336632
2786243104
1570007014
2603274946
2774441834
1569948441
1569902668
2602735883
2793622231
2792843740
1569657811
2805487192
2593044007
2774373238
1569713506
2786303917
1570029273
2786365913
2786256972
1569887210
2774354128
2799316185
1569679993
2792550655
2593645853
1569693601
1569818332
2774436261
2814035953
1569839460
1738198505
1569936078
2774342547
1569752680
2592793370
2774424825
2787723446
1569947324
2809042607
1569666909
2786324551
2786244402
1569814411
2774391484
2774520341
2594553493
1569669034
1556121788
2593039724
1569827382
2786255152
2592797295
2592830538
2774373688
2808627732
2774329328
2592837238
2786215548
2592808571
1569953832
1561257006
2787809213
2786272327
1737188593
2600158647
1570026831
1569662699
1569818281
2070021895
1569690983
1569669772
2786240685
1569953496
2814740404
1569687556
2786281917
1570011235
2774451115
2786235584
1569664748
1569746618
2809025610
2593010145
2600231312
1569741001
2774352082
2721019628
2786272430
2786280411
1569726048
1570016278
1570026747
2600221136
1737774104
2786278055
2592869300
1569679580
1569659575
2808991395
1569745409
1736416359
1569684056
2786253983
2813018069
2795224357
1569903066
2790491655
2592853947
1570026884
2786259023
2786222176
1569752944
1569885056
1570007734
1556668371
1569705439
2600485251
1569953675
2592838556
2786218146
2070034028
1569931239
2786348201
2812732315
2809005833
2815094901
2809138192
1570011413
1737779719
2800732424
1569886414
2792931720
1569658904
2592806814
2593064429
2793276171
2774434603
2592943287
2593079787
2599685326
1569877046
2592794691
1569743105
2787809452
2792823762
1569877584
1569846636
1569945899
1569728013
2593084225
2799800386
1570039536
2808991222
1569758359
2593094534
1569852636
1569850246
1569734411
2592790242
1569880883
2809006041
2593110863
1569660255
2774343488
2600380022
2774442009
2070032255
1569681103
1569680315
1569820917
1569824232
1569715262
1569906362
1569674628
2793277807
1569675189
1569804225
1570033764
1569927286
1570029018
1569680246
2600230716
2592796052
1569705577
1569907295
2592821674
1569658564
2774358881
1569739280
2774341299
1569816619
1569921164
1569723559
2592798978
1569876028
2786310420
2786276676
1569694711
2592914403
1569747062
1556304104
2786310513
2593055003
2774436674
2789046180
2789362048
1570014179
2593089769
2809030080
1570006969
2793544295
1569667376
2799391677
2774441879
2592945756
2603703945
2786297873
1569756590
1569739917
1569805114
2601466705
1570015037
2592792775
2792874857
2786313875
2807152727
1569663512
2786260051
2070021941
2592825184
2070046590
1569853688
2789670508
2592947587
2677973095
1569891688
1569921443
2774450834
2070035393
2788287260
2592793650
2788961460
2603416016
1569678761
2799387684
1556527351
2788684133
2786317999
1570031024
1569912989
1557818636
2601483647
2808774698
1570031392
1569734096
2774451136
2592807650
2814028946
1569673717
2786216236
1559852508
2786367474
1569681196
2070045823
2774394012
1570015690
2592796966
1570013307
2592832200
2799094400
2774438817
1569662218
1569709955
2592992837
1569946310
2070045138
1569674706
1569863589
1569673824
1569867668
1569758109
1569727616
2774495005
2593022932
1569892393
1737778980
1569912280
2593076739
2603129375
2807154752
1569694794
1569930608
2786276321
1569827871
2774436000
2786310476
1569840438
1569834182
2774352192
2070047750
2774501836
1569743375
2774471308
2786325064
1569677363
1569691659
2774425299
1737778605
1569816053
1569948903
2786229271
2814139482
2070029562
1570008592
2593086974
2795241639
2788132296
1569712828
2786321133
1570011691
1569920559
1570015672
1556186189
1655621152
2592788832
1569837498
1569836998
2792925513
1655214727
1738192785
2807407468
1569949803
2807765042
2592795401
2792505345
1569668378
2594445734
1570015312
2070047025
2774505454
2070022114
1569894129
1569743000
1737778891
2592820421
1569942577
1569953729
2786358879
2786274359
2593102125
2594262396
1569943835
1569841797
2793108245
1569673687
1569742256
1569734635
2774427861
1569667482
1570041305
2600260941
2603352283
1569752807
1569738445
2592990508
1569837402
2786221079
1569914908
2592957624
1569674886
2592801450
2787808953
1569667363
1569820040
1570020444
2774359272
2774373889
2592807182
2593678806
1569818781
1569739874
2786251071
2594577310
1569669807
1569882208
1569853514
2592854596
1655625469
2593051413
2603417840
2786291929
2809478722
1569918702
1569754328
1569812212
1570040912
1569722310
2787777720
2774449607
2592796789
1559613128
2070028572
2786246210
2593005756
2774388865
2774435550
2602566551
2070071876
1569837351
1569913228
1569913097
2786238815
2600235565
2790490333
2786298188
2592966166
2786249924
2792404325
1569928259
1737227215
2774343226
2774328132
1569942952
1569667907
2774373860
2796634071
1556539544
2774457600
1569716868
2592829698
2774328177
1570015115
1569689076
2774416122
1569828427
2812761562
2592957163
2070024785
2592984302
2599701042
1569840130
2774441892
1569858034
1569660151
1569922148
2601446815
1569836814
2593042386
2793338619
2592857960
2603990448
2790493308
2786310192
1569716912
2786313619
1569815578
2774503166
2786274989
1569826739
1569913410
1569712816
2774411693
1569663138
2593087105
2786244882
2786231844
2801633026
2792781776
2788713993
1569656289
1569803660
2594553936
2593485105
1569946128
1569716418
1569927703
2792839771
2594534463
1569902902
1569914750
1556141301
2774400415
2774387220
1569755112
2592792492
1569871418
1569893979
2593050935
2789807881
2593051122
2592789782
1569832283
1569710315
2812703620
2600419907
1569844287
1570028987
1569827685
2592820216
1569948460
2774445878
1557064850
2593104722
1569672724
2592792395
2791163319
2792914209
2774423141
1570027830
2680036470
1569935759
2593022800
2774367629
2592835952
2070033511
2774384951
2788196867
1569881565
1737779706
1569883615
2787822748
2592845223
2786241092
1570017023
1569662099
1569728237
2808211004
2774506746
2594355297
1569917243
2795384243
2793253181
1569913984
1569727640
2786326183
2070078140
1569869710
2774328476
2795188410
1569752249
2593066682
1570006188
1569948563
2593028857
1569857593
1569691222
2786286398
1569670068
2070026861
2070070591
1570000540
2787716236
1736894852
2792914256
2593035425
2774501161
2593072333
1569945630
1556430111
1569816244
2592794865
2070015795
2788123848
1557839580
1569927634
2597705291
2070068178
2592805326
1569679007
2592812085
2592966045
2786247574
2592796901
1737779819
1570015942
1569949923
2774516108
2787937715
1569716346
1569911031
1569892508
2799238828
1569892749
2592793561
1569674600
2774410898
1569669079
2774341364
2774427547
2786253927
2786317987
1569921173
2592800379
1569809581
1569941721
1569717031
2786275634
2791149377
1569848731
1570017082
2774342814
2774324834
2592861843
2786254755
1569900701
1569841134
2592866199
1569734838
2774345786
2774360850
1569950188
2070023055
1569663090
1569900714
2786328813
2593089651
2812421778
2774475505
1569754781
1569940455
1569915377
1655745266
2594689799
1570017388
1560793432
2774387195
1569686057
1569902299
2600282638
2806618773
1655530525
1569910689
1569743266
2786254596
2774441795
2592984124
2592826224
2803405240
2593994947
2593086273
2786253810
2787737865
1569830161
1570038674
2808467052
1569902466
1569943316
2774405336
1570028016
2593065858
2592799582
1569666417
2788177964
2786239817
2070016670
2592996177
1569949080
1570029458
1570017465
1569817563
2786285292
1569657039
2676760965
1569697617
2786334204
2804629085
2774425348
2814050302
1569842974
2802158475
2788713797
1569922843
2593061283
2805426288
2592798578
1569710719
1569813897
1569680281
2792913060
2070018315
2592806676
1569723128
2803453323
2812579496
2592994621
2786220312
1569678593
2592799073
2592865547
1569863039
1569906922
2774415135
2070029526
1569678835
2809118245
1569762555
2592803145
1569864363
1569665184
2786250032
2809109675
2774338843
1569666697
1569735566
1570030763
2070046712
1569819077
2786309967
2676886359
2592836933
1569928225
1570008737
1569716018
2774412140
1569805055
1569730749
2592841232
2812489732
1569892567
1569693413
2801866771
2070021536
1569897029
1569696920
1569953946
1569869829
1569688336
2786244272
1569918823
1570032680
1569830284
2592794635
2774336275
2786218668
2787762736
2793305570
2070023141
2592849096
2788254393
1569746632
1558263438
1570015346
2807135464
1569734657
2789659521
1556084648
2786263121
1558553377
2593034719
1570009159
2805489300
2594296000
1570031000
1569883060
2806614600
1569759622
2786300198
2807162592
1557777030
1569944235
2774435455
1569678398
2592985367
1655590500
1569665972
1569891621
2592803893
1569671980
1569890461
2592849264
1569659627
2774373421
1569747633
2774401281
1569674206
2593044227
2786217709
1569709322
1569838340
2786272339
2787808364
1569679441
1569736341
2594595903
1556527048
1569754475
1737776734
2788146792
2774319750
1569915052
1569882447
1569899255
1569658595
1569696892
2806662767
1569835354
2774452530
2786251151
2592802552
2803432807
2786243465
2791058874
1569942971
1570028781
1569819755
1655645359
1569810073
2774423158
2774445502
1569945811
2806011994
1569928550
1569903987
1569945666
1569749702
1569843630
2774451155
2774442035
1569672400
1655745225
1569952265
2808995959
2592812553
1570030891
2809434570
2592839950
1558553530
2812427942
2788120286
1737007039
1569719059
1569846357
1570013016
2801617268
2774349529
1569751014
1569949068
2786334461
1737775789
1556589617
2070021739
2774373096
1569947706
1569857676
2594553822
2807154835
1569854349
2592791644
2786318735
1569933640
2774461493
2807154179
2594093366
1569913127
2809047645
1569831287
2814144782
2774442022
2792818466
2812761704
1569945140
1569848039
1569884122
2793248906
2592791111
2593051670
2774422141
1569858960
1569695465
2786212316
1570006218
1569746991
2774370705
1570034256
2774373370
1569890367
1569681038
1558047720
1569676386
1569678993
2813746386
2786236386
2793155677
2774454580
2594430183
1569680511
1570027663
1569838912
1569943400
2809174011
2814380969
2070031630
1569678823
1569711464
2786214719
2592939070
1560632456
2787771436
2682216835
2806718825
2812473224
1570011540
1569911018
1570010721
2774482789
1569671351
1569735683
2792877815
2789179075
2786322734
2592808848
2812453945
1569846835
1569685289
2787925624
1556187993
1569870306
1569806409
1569817530
1569680534
1569814139
1570016048
1569753446
2809001906
1569678370
1738273690
2812675286
1570015381
2593010922
2796434976
1569736722
1569838537
1736885335
2786239013
2774445001
1569864656
2788713634
2600295664
1569715597
1569874518
1569883836
2774406428
2592985411
2786255558
1569916770
2809002056
2600156278
2592798310
2774391707
1569951679
1569734215
2786222300
2592867735
1569717299
1570031122
2593022950
1569848718
2774437270
2593094570
2070022416
2814051647
2774362944
2774426439
1569697564
1556187017
2813284792
2774344885
1559732252
2774387577
1570030737
2786237780
1569906290
1569703721
1569700095
1569944711
2789875584
1569830148
2807689245
1569685620
1569950958
1655657182
2796437906
1655566609
1569706856
2774435566
1569902507
2789361842
2786259765
2786299382
2812869684
1569752532
1569942190
2592810625
1569804105
2786280320
2789492008
2592967976
2796437974
1569825850
1569695842
1569753584
2592848274
2793274542
2592799315
2786346070
2592800079
2774344436
1738124354
1569803918
1569815966
1569812813
2070048543
1737777206
1569762071
1569948691
1569757643
1570009249
2592971405
2070021961
1569723610
1569856707
1569667334
1569750387
1569838835
1569913170
1569814424
2774363740
2774432400
2812579458
1569889612
1569657885
2070069660
1569944638
1569850398
1569941986
1570009328
1569737420
2792923352
2786213722
2601487711
2786296840
1569947372
2070015407
1569933569
1569870927
2788121522
1569806024
1655285299
2787726569
1569717912
1569747689
2774389658
1569659206
1569682004
2592790760
2592977699
1569690997
2070039442
1569664778
1569689165
2070021929
2070022193
2774428041
1569869460
2774419699
1737308308
2603552041
2593094379
2774397138
2788049356
1570030264
2812922884
1738160107
2592817696
2774380773
2774441996
2774341074
2603479570
1569716934
1569839828
1569859861
2786220982
2592814062
2592963349
1569936810
1569844885
1569902078
1570041361
1569715428
1569914813
1569855965
2592796416
1655476706
1569754043
1569732954
2592959417
2600268575
2799901032
2592835969
1569879174
1569749241
2796436061
1569913484
2774337948
2786322393
1569871389
1569740345
2809003638
2792446012
2787719997
2593063821
1570032637
2070031701
2593095879
1569891109
2774441782
1569835411
1570014640
1560765828
1569825641
2788713942
2786294982
2070024128
2070067369
2786313972
2600354887
1569938939
2790441674
1738176938
1569739759
2814196628
2774500320
1569945502
1569837238
2592801163
2070050415
1570010267
2808145178
2786243092
1569927611
1570018657
2813781402
1737777014
2813157415
1569949556
1569656827
2774398264
2592793872
2592858579
1569930014
1569681833
1570006791
2786272997
1569853612
1569882663
2799093085
2796434887
2774452607
1570021804
2070045446
2592795500
1569719194
2812766784
2593050437
1569697935
1569711663
1569849881
1569658227
2070048809
1569677890
2808804467
2788125828
1569843399
1569675882
2806627059
2801544195
1569943264
2813036362
1569884019
1569755905
2070048822
2594354881
2786309352
1569913064
2792821719
1569678218
2774389677
2790493662
1737777249
1559177176
1569659641
2786319695
1569741050
2786327888
1569702240
2786263240
1569671687
2786238933
1569945720
1559177727
2793163300
2812670751
1734749912
2592793691
2809133883
2786327004
1569936393
1569743752
2592807698
2676757905
1570016193
1569848570
1570007974
1569883636
2774509171
2774438135
2592806726
2592868148
1569857061
1569819662
2592959434
1569675480
2807163076
1569752550
1569715966
1569730415
2786253997
1569677688
2597756425
2786217427
1737778994
2593065344
1569744841
2774441918
2592789289
2070044760
1655540109
1569869542
2793109909
2070048875
2592993558
2593043999
2774360332
2593096831
1737777337
1569868379
2774389803
2786363293
1570035800
2592969227
2786296072
2593055574
2812608715
2592808153
2786297972
1569757690
1569817262
2592803216
2801617738
1570006122
1569754567
2601402985
1569692020
2774525017
2070020102
1570008081
2800645495
2786218883
2592859869
2806621128
2070045259
1570017290
2787996016
2600510429
2786242983
2600164403
2070021345
1569913721
1569892763
1737205163
2785665014
2812441815
1569825939
1569816349
2070033448
1569804001
2789928777
2786319027
1570016501
2786324954
2786223422
1570028654
1569686521
1569749385
2592843326
2592956735
2814374290
1569688268
2786216848
2592796477
2592804995
2070034084
1569949573
2795193712
1569859593
2594254865
1569758664
1569852030
1569835843
1569668571
2592802803
2801019689
1569915193
2799040446
2791055357
2790495651
1569821819
1569723315
1569830262
2774466546
1570018057
2774423919
2808995026
2774344181
1569807271
2070045177
1561447277
1569875760
2808156527
1569762667
1570028704
2806614175
2792954570
2070067975
2809048609
1569657131
2070077507
1569825802
2602410065
1570008188
1569900151
1569917962
2807525726
2792944347
2795186643
2592978607
2774326717
2787799876
2786319099
2592963669
2774449569
2807282249
2592886821
1569842540
1569910574
1569927243
2592945407
1569836342
2807161976
2786254998
2774345951
2774423609
1569832694
2774392548
1569760935
2774406250
2786321420
2792835859
1569666017
1569879018
1655508697
1569888815
1569753852
2786243702
2774493031
2786323348
2592840894
2774350664
1569762118
2592969164
1569761001
1569871460
2790566123
2786223011
1569673027
2786284667
1737777097
2592971586
2593061525
2774451550
2812541669
1654843425
2070027987
2774341312
2593054773
1569705591
1569673767
2787937780
1569815178
2592792865
1569936338
2790631580
1569716921
2774441866
1569852059
2070019787
2774443473
1569906782
2592944997
2592962809
2592793200
2592795054
1569886494
1569666593
1569740251
1570023298
1569878495
1569848336
2774515470
2592802371
1569843202
2699594832
1569715640
2786076248
2070030363
2593062072
2592836322
2592933942
2592993528
2774391255
2592858130
1569670456
2808986397
1569675314
2774443347
2795656352
1560017016
1569664814
1569690044
1569671139
1569696042
2603080457
1569697728
2592811507
2774389820
1569712880
2593032572
1569906409
2786243516
2806021366
2592975776
2599682830
2592875830
1570031926
2786318039
1570034269
1569752374
2593005539
1569812731
1569900856
2786241238
2786328693
1569694807
2593022857
2592838268
2774361309
1569808906
2070055196
2812541461
1569903026
1569873687
1569910412
2593063801
2070044667
1570018094
2803191085
1569920314
2786366502
2592800122
2786307013
2786288548
2786239053
2774332281
1569666003
1570032030
1569727627
1569904379
2809145607
2592802328
2774499916
2592787594
2774321550
1570019698
2807302302
2774333341
1569911896
1569812565
1570016966
2070024715
1570018750
2070046159
1569878046
1569902111
2774396150
1558369619
2815050271
2789542711
2592809431
1569827562
2786315924
1569930058
1569815623
2592796660
2592793325
2593031233
2774328819
2592790607
2592855356
2795656303
2592821857
2786212963
1569710646
2593044036
1569917628
2798958961
2786256543
1569822376
2593683403
1569672323
1569675823
2070023467
1570026938
2774486367
1570008218
2786272055
2592813841
2592820784
1569946061
2786223382
2774328148
2774406224
2786219050
2792933960
2774394903
1569668425
2774357437
2793298897
2807128489
1569857473
2786219105
1569944479
2592799655
2793298943
2683111319
1569835859
2786301837
1569948338
1557076218
2592819164
2592805267
2809525615
1570028891
1655680120
1569746841
2593458309
2593050676
1569667772
2774337650
1569809181
1569718338
2592822046
1569878061
2070048591
2788481471
1569836593
1569944847
1569951579
2814035929
2774504393
1569917044
1569664344
2785663044
1570011102
1569680822
2808211021
1569848614
2774327232
1569750117
2786274426
1655515135
2600150294
1557188554
2799057864
1569871025
2809013529
1569890246
2814036115
2594553469
1569938022
2774373489
1569658946
2786329304
1569870180
1569719424
2594556124
2070031903
1570032407
2070033582
1570029519
2593064067
2070046402
2786284701
2790486982
2774350545
1569904822
2070036011
1569711329
2814126714
2786219524
1655741498
1570010942
1569921410
2792849286
2786215353
1569681940
1557211877
1569819879
1569820642
1569697540
1569857606
2592871807
1569847953
2788287304
2592787270
2597785628
1570011363
2592799692
1569918499
2793274336
1569817211
2786284689
1570038070
2593068637
2600164927
1561676449
1570017739
2070055007
1655510911
1735762721
1569913438
2593054717
2602923815
2786319057
2787872234
1569712991
1569951711
1569921003
1569738253
1569827962
2796438571
2786328710
1569938878
1569701150
2594273296
1569884003
1569889564
2786288334
1570017845
2786211577
1569831847
2592956422
2812477513
2592882574
2592799605
1655636006
1569898551
2774393845
1569684498
1569937640
1737114848
2600236392
2774485662
2592806384
2786284581
2787755283
1556310065
1570016880
1570017752
2774446924
1569719016
2807161827
1569803464
2789362021
2786321107
2070018186
1570016577
2786323179
1569865100
2593066696
2796230738
2796433898
2814043925
1569833362
1569759363
1569873919
2786239393
2774388512
1569680457
1569671407
2798999680
2592795704
1569698233
2814714132
2809310342
2801634119
2786222252
2799410029
2593087411
2786312880
2814012508
1569727590
1569841084
1569670640
1570016725
2600157914
2070027533
2786311640
1569756990
2814149233
2592863107
2793171834
1570009981
1569737251
1570018857
2774509152
1655469227
2592795206
2592799623
2799316214
1569840695
2806870045
2801702156
2786319840
1569896900
2729205189
1737777498
2592870055
1569682719
2070037110
1569666250
1569698909
1556283556
1569849321
1569916464
2793191110
2592964925
1570007914
2592789351
2601414396
2792514715
1569832776
2786226079
2786296159
2592811345
1569761656
1569840500
1569802869
1569838490
2808783521
1556343609
2592797123
1569662047
2809174051
2791148681
2786358597
1569803251
2600266267
2774337583
1569738125
2593035395
2601474790
1569750444
1569697431
2809039392
2593087891
1569681543
2812804470
2793140182
2786258663
1569873329
2601435702
1569695639
1569667758
2788959696
1569665639
2786221572
1655511579
1569829286
1569690861
1569890322
2774386864
2592798026
2592788797
1569915823
1569891636
1569885329
1570030003
1570016781
2774484535
2786225001
2786274156
2592808547
1569952074
1556092690
2799174144
1569710378
2774350532
1569839006
2592951974
1569831806
2786256481
2795302481
1655711669
2774362413
2070046311
1569897577
2600417855
2786281417
1655699847
1569710111
1569928214
2792836282
2592994537
1569910781
2786293032
2787919240
2592813642
1569673314
1569683782
2774345968
2593041079
1556949989
1569676329
2787872315
1569660819
2683595520
2070024956
2592985928
1569879229
2789201019
1570008816
1569811526
1569840156
2070030793
2592798729
1569666673
2813221096
1569848789
2592830553
2786331614
1738182178
1569676996
1569695959
2774357520
1569807861
2070024307
2774413711
1569920959
2592803130
1569826926
1569822118
1569901034
2786212127
2809000311
2592831320
2808990289
2592976161
2808434006
2592851335
1569686840
1569715979
1569884088
1569939313
2592788469
2592839493
1569682705
2807152017
2593001977
2774370527
1569944032
2786313508
2789692626
2070016899
2786274591
1559223522
1569753596
1569932384
2786309909
2786293468
2786241214
2787818890
2774461343
1569945831
2786219064
1569916618
2774499497
1569885122
2787791539
2592801511
2594255184
2592795080
2787718256
1569856672
1569667831
2788144951
2792406277
2774337316
1569908019
1736865983
1570016295
2788122819
1569843479
1655568987
1569842090
2592811792
2593080954
1569816576
2786235229
1569875287
2592797861
1569665834
2793206361
2788130726
2787903250
2600158692
2795307366
1569717923
1569687810
2774523673
1569709971
1569894929
2812505356
1570013973
2814139509
2592876127
2786313150
1569750224
2788289876
1736882932
1569906099
2602963298
2786355870
2786324127
1569663635
2593013938
1569711422
1569667728
1569757000
2592799969
1655555500
2774333362
2592796191
1569748154
1569879031
2808207109
2786216820
2592838289
2774390738
1569844176
2592803196
2592794654
2592824246
2812451624
2786255641
1569659603
1569891589
1569810110
1569900310
2786300722
1556668097
1570032310
2786333010
2812569541
2683034363
2786314050
1569846040
1569722946
1569944090
1569761790
2792954656
1738192910
2592931802
2792964194
2070032004
2593651059
1569673364
1569848055
2603054080
2738480127
1569916781
2070022005
2678473248
1569691279
2774345805
1569747517
2792880547
1569811238
2813844089
2786234940
2795304052
1570016515
1569656226
2786220517
1569806928
1569900039
2792843217
1569679035
2774342101
1569947359
2774403087
1569815296
1569668439
1569818374
1569916432
2593098587
1569921254
1556309712
1569938624
1569837432
1559956523
1569662324
2786349086
2676926644
2792494410
2795206168
2592807589
2594317039
1569722707
1736443296
2774436777
1569945273
2808466999
1569913957
1569900486
1569688970
1570014848
2787818414
2774443501
2592808250
2786299577
2593110095
1569820983
2809030201
2774389537
2774507252
2788129597
2603628012
2786218847
1569758183
1557636153
2603015515
2593077990
1655678769
1569713251
2593647813
2592807307
1569759608
2592819978
2070031485
2738445906
2592794240
2593034683
2592968979
2774422798
2774385978
2594463694
2807256131
1569943109
2795241987
1569701430
1557818707
2786338558
2592961355
1570023243
2592827752
1570023000
2774391453
1569841203
1569872142
1569661075
1569657424
2070038755
2786294680
2592806797
1569666372
1569863063
2786286480
1569656704
2594311286
2593086021
2592813270
2801757148
2601510678
2592813155
2070030322
2786223027
2792905571
1569923260
2592858607
2594262063
2786307209
2813222840
1569715196
2599692821
1569677871
2774424814
2592867095
2592865053
2786328012
2812433078
1569742651
1556335588
1569947936
2786319113
2812831822
1569682983
2593058325
2070031097
1738137284
1569669472
2802898339
1569918394
1569848767
1569757404
1569927061
1569713522
2592841829
2602749038
1569697603
1569658549
2774441944
1569683669
2793042070
2786221503
1569874773
2592803813
1569657960
2812680312
2788120238
1738480150
1569708501
2792852037
2774430437
1569898174
2592973765
1570014869
1569818541
1569871064
2812680293
2786328087
1569734349
2600155386
1569950334
2774359917
1569923349
1556802822
2070015780
2070035046
1569814506
2070040497
1569668872
2786295271
1569917849
1569806900
2808792833
2815094925
2070018199
1559140817
2786244748
1569688310
2592800604
1569668527
2602734554
2592803830
1559161668
2805429130
2807151044
2774365913
2808984897
2788153221
1569663233
1569844326
2786222100
1569685659
1569832204
2592795368
2592830723
1569902397
2786217214
1569945429
1570009296
1569912237
2592801233
2808788179
2793009766
2809049575
2786323829
1569812190
1570015002
1569663247
2774396665
1570011020
1569818110
2592945959
1569941631
1569850954
2592971194
2809003060
2593050690
2807462792
1655614979
1569910833
1570014711
1569926987
2592963062
1655117487
2789332720
1569736296
2592964636
2799093125
1570037540
2592790653
2592815269
2592948984
2801828335
2786328075
1569736244
2593079815
2786292815
1569677199
2794578528
2592981879
2774443842
1569953341
2593010990
2592807801
1570027278
2774380156
2070029403
2792914048
2592988138
2814267579
1570006890
1570016312
2593620294
2786323191
1734043326
2786231715
2806784426
2592813065
1569848503
1569882952
2774419110
2774506262
1570021073
1569851194
2805386092
2070026409
1569664075
2592834075
1569828475
2788261685
1569896918
2601470850
1569938954
2592810834
2592870798
2812788802
1569917596
1569827800
2070048965
1569833673
1569945916
1570006420
2788254349
1737202870
1569921596
2592795651
2592882589
1569814197
2070019245
1569917568
1737205063
2812668121
2592831111
2786313162
1569951390
2592895473
2601481493
2793250031
2786218112
1569657797
2592994431
1569946641
1569865209
2786399897
2774331441
2801768721
2676763674
1569674763
1569938504
2786358865
1570033735
2786215602
2786211877
2786254667
1569904258
1569683539
2774392880
1569664619
2809011579
1569729302
2786230447
1569724500
2792515198
2786214378
2801596113
1570016950
2593005327
1569687316
1569934859
2786289241
1570016329
1570007958
2787729964
2786234510
1569877912
2594195411
2592795451
1569684084
2592861315
1570016084
1570040776
1569871308
2791257674
2786352000
2786255170
1737070890
1569847731
1569857366
1569890178
1569731613
2592844164
1569816725
2592853411
2809109797
2790792276
1569841120
2592813463
2786319854
2070025553
2786322935
2792997111
2813223049
2592831130
1737775466
2593076053
2600212779
2788659594
1556430171
2808150424
2792840084
2774336237
1569948799
1569822102
1569934352
2592791557
2592795238
2786320260
2787726641
1738219585
2786219975
2592797739
2792549736
1736943032
2806011889
1569930515
1569839511
1570009849
1569675342
1570040806
1570019312
1569809356
1569952349
2592871883
1556141167
1569685007
2789361971
2592994116
2592802838
2807163196
2774452774
1569756378
2794573646
1556100415
2593062754
1569725991
1569933509
1569851336
1569850374
1569722365
1734596341
2592787992
1569676315
2786256612
1570034157
2601470896
2593059927
1569819132
2593095055
1569943660
2593051726
1569838226
2774344763
1570031598
1569730362
2786232480
2592805443
1569715487
2592801385
2798966124
1569667037
2599985461
2592815252
1556091276
1569941869
1569661044
2786317901
1569740803
2592838234
1569662464
1569738561
2787853434
2808243642
2792835615
2593032712
2774375132
2786322782
1569739954
2594323259
2070068307
1569660433
2592917044
2793163322
1570008622
1569687765
1569868591
2592821808
2592792967
2592813553
2786309291
2786241202
1569911988
1569858042
2793197907
2774388338
1569935155
2774475644
2592840911
2774424863
1569841659
1569835029
1569809075
2070022561
2793212397
2774351509
2786260521
2786309405
1569852015
1570037459
1569724266
2592830144
2070048859
2786218871
1569724444
1737775593
2593099422
1569830421
1569823467
2786217274
1569823906
1569712291
2070043056
1569920750
2808260992
1569737921
1569656156
1569743473
2774359293
2786254222
1569712720
2592807633
2070024149
1569738311
1569821245
2795332244
1569842491
2592807394
2786226005
2786256501
2592794810
2594294844
2799409339
1569820738
2594261791
1570015095
1569762451
2592803975
1569875302
2774378447
1560284160
1569917582
2593031203
1569673743
1570015534
2774447659
1570012475
1569839311
2793009743
2786261800
1569941852
2786313237
2798965147
2813036408
1569670376
1570011707
2801019667
1569823525
1569948599
2774411010
1569921523
2789951164
1557838265
2786299835
2594261482
2592812682
2593050265
1569948817
1561257376
2789118312
2792954633
2070016657
1569730734
2070026178
1736441967
1569665509
2809001786
2593077473
1737612375
2592802996
2786252944
2774458515
1569939173
1569850301
2806721757
2070038200
1569755931
1655370133
2813201979
1569747940
2795904877
1569940603
1570024289
1569804937
2592795934
1569697590
2792923748
2808616121
1556422339
2592875812
1569862109
1569953479
1569841828
1569671341
2774445463
1570016762
2798958937
2809044032
2592797718
1569664843
2786291913
2070016486
2592977715
2787819059
2592862404
2786287391
1569859530
2070027414
2813227555
1557065664
2795580162
2593034751
2808783060
2774443579
2593113597
2786239941
2594524490
2786217365
2774409375
1570014933
2774498940
2592800702
2592823396
1556820927
2070030296
1569703977
1737777396
1569871993
2597709096
2601426301
1569890860
2786321352
2809144021
2757874445
1569720335
2786220840
1655673180
2070042658
2786222314
2808148899
2807764367
2789660115
1569683755
1570018564
2800732261
2787771510
1569804751
2593035941
1569662588
1737779355
2793030998
2592795565
1570035402
1569684703
2592889030
1569723272
1569667394
2594553537
2592790040
2592796511
2592796992
1569885664
2787810984
2796634127
2070029437
1569836850
2592860241
1569697294
1570024302
1569659851
1569937699
2786288577
1569815435
1557022540
1569753161
1569875239
2592986304
1736577155
1569911425
2594583713
2774395363
1570035290
1570035343
2592791869
1569827994
2592794470
1569877505
2593101640
2786368117
2786221466
2600368582
1569835887
1569948327
2738582428
1570012353
1570027738
2808774754
2808806004
1561263926
2774503755
2593111733
2070021397
1569923220
1569944182
1569689673
2774365055
1569659296
2792444880
2592787307
2592802663
1737777596
1569735086
2598546663
1569951265
2594405771
2809049655
2593039750
2593478290
1570016174
1569808585
2792906091
2593088588
1569708294
1570028765
2774362883
2592989157
2795438083
1569918064
2786249741
2812479058
1569745614
1569876368
2786256941
2592792015
1569709923
2808244997
1569686071
2592816559
1569877629
2774427673
2593093484
2774402280
1559620874
2774344857
1569905401
2808989013
1569948583
2601439256
2786330167
2592844883
2793388098
2786243796
1569740657
2786261616
2809008384
2676758410
1569870416
1569899043
1569839070
1736416412
2600158438
2593032608
2774443564
2592839894
2793036841
1569727607
1570025137
2592828388
2774420705
1569753866
2786246649
2786316556
1569710706
2592867222
1569919486
2794573623
2593011753
1569695104
1569853666
2593623380
2070018264
2592789372
2592977987
2774505439
1570027802
1569880611
2799379217
1569903974
2788120378
1569848410
1570034343
1569759377
2774359635
1569818646
2594523148
1569737536
2592942880
1569883690
2786273779
2592787205
2809185090
2786234310
1570008851
1569708316
1570007327
1570020879
2786322418
1569704299
2807128567
2786211458
2592798199
1569807949
2592796462
1569802746
2786212610
2808770637
2809006952
2592801638
1569673731
2593994651
1569851030
1557716021
2593995497
2683041528
2774423785
1569672460
1569702527
2807252040
1569911253
1569942382
1738207469
1570017506
2594290539
1737774045
2601421304
1569824559
2070045302
2594122645
2786239914
1569830005
1556283625
1569938899
1570017768
1655516094
1569902553
1570013085
2728683825
1569848889
1737779792
1569916509
2798998423
2808773692
1559648117
1569750249
2774403881
1569705941
2786239888
1736302321
1569854312
2808216901
2813223825
1570034526
2594427388
1569750537
1569907580
2786273518
2793298920
1569819486
1569681881
1569945255
2593032554
2594553848
2774402263
2812411434
1569730375
2592870779
2786313193
2593082172
2774318068
2787822643
2793238066
1569832978
1569816487
2593043968
1569812526
1655724664
1569831642
1569952282
1569937511
1569926917
1569723142
2774502044
1570035265
1569659310
1569660506
2774402612
2592805347
2594262374
2593079572
1569673167
1570007719
2774462418
2793341208
1569913585
2774350626
1569757855
2592792928
1569674777
1559510263
2786312994
1569949345
2786220324
1569666044
1569868549
1569947448
2774388044
2809128566
2806720047
2603520318
1569858612
2774407660
1569758131
1569659141
1569906276
1556602163
2808469278
2592796247
1556591551
2593044026
2808615641
1569942095
2774452637
1570000291
2786325967
1570016531
1569755448
2774508701
2786221442
1569827030
2592852182
1569655907
2592791946
1569816544
2774441847
2808459274
1569746604
2808613748
2808783002
2813212602
1569832333
1569920594
2787991517
1569845828
1569672432
1569888828
1569913939
1569683107
2788249669
1569953880
1569913550
2592792414
1569916304
2774406821
1560562053
2790495499
1569668132
1655747541
1569823147
2788239007
1655516355
1569831213
1569716127
1569817423
2787741728
1569700758
2592796016
2070020956
1569820126
1569816839
1569718888
2786216832
2592854083
2807135514
2070046644
2786276564
2799422772
1569839393
1569726062
2592852404
1569710994
2601511481
2786220134
2787812361
1570039465
2792775186
2786221723
1569944514
1560658388
1558110505
1569931302
2592811409
2774418140
2592805838
2593003970
2603159901
2792826354
1569738271
1569859177
1569894498
2593064489
2593085467
1569660343
1569920697
1569674916
2592840041
2786295015
1569816285
2774473527
1569849289
1569901455
2808150537
2070054961
1569917697
1655658743
2774386513
1569932541
1570027239
1569688284
1569836832
2774429806
1569743018
1559385239
2774361644
1569703699
1569881604
2792866531
2592806459
1738198537
1569682071
2603340167
2592813907
1556508133
1569750031
1569862718
2786339491
2786261395
2786276853
2788122108
2812920532
2786474334
1737776994
1570015136
1569753105
2070045562
1569951413
1569899960
1569664452
1570021306
1569747503
2593054738
2592862481
2070048093
2774457630
1569918777
1570041048
1569724573
1569699231
1570029702
1569858130
1569930360
2592868518
2788411554
1570028861
1570015228
2593034225
2786239686
2774458700
2774385881
1569679667
2070019390
1569892056
2774503831
2788680797
1737779377
2774349944
2806619427
2786319337
2592840736
2595215566
1569677132
1569933888
2786215297
1569699903
2592863509
1570017174
2594430213
2774351561
2787739805
2786317889
1569662480
2592838607
1569889858
1569695691
2601426125
2786241170
2070032156
1569944776
1738267454
2592981044
2592976147
2786324001
2807211783
1569879186
2786424013
2592791574
2592798595
1569723517
2807084570
1662417225
2774392205
1736864731
2592889727
1569948245
2592993693
2592960738
2774410781
2793302659
1569693802
1569873591
2786282976
2787772181
1569852849
1559244969
1557841422
2593055916
1655739499
1736857304
1569663496
2812569500
1734001541
2807151961
2070071903
2774456200
1569656376
2812598786
1569910742
2592869736
2593061509
2808148991
1570010456
1569754354
1569948645
1569931224
2592795029
1570015441
2592800498
2592843473
2787995298
2786234048
1570015191
1569817705
2793274358
2812489714
2678606012
2592941679
1569846339
2774407466
2786216649
1569737596
1570017239
1570015331
2786216074
2603914984
1570016647
1569870109
2790148961
2805478756
2786211081
1569680298
2592810179
2812761542
2812990740
2592788655
2809109777
1569665057
2786221430
2786273555
1570024245
1569736624
1569723286
2592821838
2786325336
1570030830
1736926650
2592795686
1569876307
2592953205
2808988801
1569734231
1569934333
1569750836
1569754588
1569755402
2807158734
1569756357
2786313717
2592868950
1569921539
1569922733
1569943225
2774476498
1569952111
1569666262
2774318279
1569823632
2815094874
2792999204
2800754139
1569893005
1569897244
1569709360
2600361104
2774424882
2593037229
2602715357
2786252561
2786323203
2774508059
2786216244
1569884731
2786241765
2592812876
1569918533
1569870630
1570031739
2678591237
2070019462
1569852138
2774441957
2592812740
2593039764
1569806736
1569716333
1569670613
2601430063
1569738351
2592805380
2786218655
2593087016
2786348600
2812759013
2774504441
2070069884
2786279247
2070017296
1569951694
2805988517
1569835177
2809213856
2593001993
1570009182
1569913618
1569814176
1569928338
2792906047
2790493210
1569815051
2593094708
1569845355
1569819678
1569759087
1569834674
1569720372
1569734026
1569753969
2786256294
2808611571
2592803252
1570010553
2812890275
1569730004
1569835474
1569673398
1569658748
2807162634
2774433455
2600156427
2592899929
2070027712
2788055797
1570014808
2809307074
2786339326
2594764543
1569816505
2774444942
1569680522
2601416785
2810241730
2592810116
1569747922
2774415765
1569661306
2774431032
2792849490
2794802906
1569687358
2592981098
1558369715
1570032241
1570014556
2070029760
1569710267
2774318440
1570016798
2774351739
2786226111
1569694834
1569716031
2791159924
1569753119
2592802896
2592861739
1569948410
2592813623
1569685719
2807264118
1569941609
1569715816
2789363450
2592800740
2593058408
1569944733
2070035185
2812667788
2774389744
1569852046
1569938589
1569892992
1569711594
2814186921
1570027343
1559557362
2786219923
1569849274
2786297906
2592882016
1569715914
2792914076
2812758986
2600296209
1569845882
2593037168
2592809160
2592922616
2813609252
1569676725
2774349845
2808527876
2808150686
2812454832
1569872066
1569657197
2786274551
1569669093
2786296344
1569828658
2774447678
2809038520
2786289794
2592816862
2592796920
1569875477
1569680083
2808840110
1561205415
2790148985
2600163782
2786237459
1569911460
1557024074
1569756704
2592872495
1569853749
2070022169
1570011474
1569672077
1559149155
2603310344
2592804268
2809152336
2592869679
2593099818
1569850518
1569870874
1569665680
1569673284
2676971639
2592805594
2774373578
2592799277
2592843282
1736900566
2592791161
2812413828
1570011904
2593489826
2808982921
1738101226
1569815157
1736876776
1570010566
1570000513
1569685133
1569837515
2786252535
1569849654
2070038774
2774364655
1570006363
2786307848
2786322794
1569917208
2592860484
2592858170
1569692429
1570010188
2070028559
1569754224
2592800910
1570030104
1569666986
1569874528
1569723471
1556911689
1570017878
1655670415
1569736560
1569759231
2592793223
2788221660
2677438497
1569675519
1662418041
1569944881
2790530592
1569856984
1570016682
1570022896
2786330391
1569728289
1569663037
1570031939
1737237433
1569914680
1556918734
1569885192
2787741497
1570010624
2793654589
1569673059
2774417328
2070067714
1569674102
1569862691
2597758641
1569736553
2592795548
1569749794
2601493929
2801856890
1569938365
2808985956
1557840616
2774462892
2792445987
2592808081
1737777555
1569933784
1569693340
2592792217
1569670907
2800077990
1569878772
2786284634
1569940865
1569675033
1569906303
2592977412
1569824369
1569900550
2592830369
2070032141
2786319882
2593059419
1569802834
2786313911
1569811511
1569673431
2070054426
1569715901
2774449698
2592789393
1569666102
2600158252
2592798155
2809032134
2592946786
2788261846
2774360943
2070029235
2788123972
2070038947
1569828835
2786355604
1560466042
1569734011
2070054877
2592968665
2592803564
1569836969
2593011407
2800740300
2786295416
1569817056
1569873605
2592806592
2592836189
2786323360
1569732937
2786261628
2594272120
1655605030
1569862805
1569805141
1569906191
2594393139
1569672123
2786244417
1569658485
1735762685
1570024132
2594334552
2593081702
2600244398
2682382583
2774476010
2812763916
1569675274
1569898853
2786221014
1569825726
2787721940
1569666653
1569666358
1569932322
2786282409
1569659154
1569920670
2593060207
1570010824
2593004879
2814322561
1570029786
2809013779
2774516851
2786325907
2592801050
2786327876
2602659167
1569919300
1569937716
2794578474
2592801207
1569937991
2792999227
2786217337
1569673753
1569817630
2786216677
2812430499
2070035742
2793171625
1737778471
2786261142
1569813132
2809011445
1569731782
1569851794
2070038786
1569705563
2786313851
1655615268
1570031318
2592987196
2592794671
1569947956
1569803102
2795241942
2787763186
2788011256
2592942128
1570035060
2592805925
1569713916
1569676919
1569816594
2774410995
2592790059
1655567862
2786244142
2070067833
1569811218
2786219461
2070036022
2070032212
2786434048
1569915809
1570016562
2601399855
2601476312
2592814993
1569684531
1569675466
2807128507
2808789676
1569887484
2774332233
2774406211
1569675287
2774390019
2792527538
1569830175
2678023429
1569723531
1569912396
2786323528
2790493277
2592890418
1569675492
1569921506
2594553339
1569877614
1569689299
2786273829
1569731769
1737612423
2786336588
2593017640
1569952207
2070031670
1569735360
2801756834
2795430307
2592862719
1569814874
1569705172
2592952110
1569912768
2594514058
2808995939
1569951089
2774386773
2803416567
1655453481
2795396081
2803452194
1569750948
1561209691
1569951662
1737779666
1569687535
1569658808
1569674469
1569899306
1569710427
2786345200
1737233122
2812473510
2793302874
1569743127
1569833596
1569949501
1569677775
2786313176
2592801433
1569930097
2593091655
2592801285
2592797140
1570026953
1738205114
1556393152
1569812548
1569737229
2592840017
1569900621
2070039112
2774342831
1569888985
2786275193
1569665251
2774326565
2592808871
1569818913
1569843537
1738153348
1569666871
2592886189
2592851994
2594382884
1569824695
2788144995
2774344360
2774386839
1569683091
1570009814
2809040512
1569674557
2788289930
2809587268
1569665027
1569847747
2592993456
2789361889
2786305301
1561170281
2593028193
2593033416
2592842767
1569742587
1569684110
2592792690
1569940302
1569846378
1569833961
2786242005
2786210999
2070047867
2813044535
2787755142
2774372802
1569943242
2801473955
1569947286
2807082888
2806627093
2592963153
1569830476
1569726417
1569951278
1569946451
1569840543
1569946553
2593027699
2592790742
2799002509
2774391546
2774410949
1569685423
1569672245
2786307291
2738477910
1560539807
2592808793
2788290052
1569754073
2786254145
1569883803
2774336090
2774446628
1569719117
1655717569
2593050832
2592976175
1569711108
2786243680
1569943535
2787808815
2594261537
2789954046
2774392239
1569735061
2593010516
2723631949
2592908919
2592790021
2601450215
2792549771
2812888507
1569749823
1570009682
1570006840
1569812981
2786296122
1569806529
1569946280
1569903542
2786322770
2774319857
2792690746
1569881985
1570012766
2812502002
1569950930
2070069078
1569928779
1570000243
2812529559
1569711649
2809000394
1569843162
1569948426
2801540569
2774505424
2786231917
1556342803
1569664314
2774439084
1569755052
1737774054
2593044510
1569949818
1569802672
1569736681
1569687950
1655456113
1569752276
2592974149
1569876502
1569675096
1558234651
2592959387
1569919066
2786237131
2603162288
2774423195
2786331320
1569701858
2774502197
2786307784
2788684240
2592981650
2592944778
1569869924
1569672618
2787721439
1569659518
1569899233
2774458631
2592811709
2808359473
2787995208
1569840479
2601404813
2592803960
2813057075
1569872020
2801762160
1569828787
1570033878
1569725878
2592979289
2787800708
2774393418
2593666048
2070044897
1569939205
1569715337
2593084179
1737102571
2593059460
2786235136
2774344872
1569933011
1569885756
1569752646
1569682277
2593037200
1569668062
2592811330
1569803158
2592803995
1569672808
1569698131
1569675604
2808988765
1569662309
1569897086
2592817975
2786291187
1737007017
2786218770
1569922703
2592800350
1569844960
2808986821
2592865036
2812437921
1569859568
1569949723
2593019858
1655726608
2793059841
2592798751
2774412794
1569868563
2592787362
2594255593
2812758966
1569742911
2593620632
1569715862
1569859422
2592794398
2593064837
2786323516
1569715770
2774373215
2799091542
1569666222
2786315268
1569906112
1569716320
2774349417
2774503816
1569757113
1569703681
1737778040
2786258619
2592935936
1569830342
2813877896
2804652664
2592795828
1569754262
2809040407
1569753982
2786325078
1569655987
1569897904
2807060831
2592944663
2592859892
1569762337
2593678608
1569676140
2592856560
1569951293
2786251103
1569736539
2786322529
1558824381
2592796528
2807135324
2592812222
2774422603
1569841640
1569821363
2786319868
1569837128
1569826221
1569886601
2592838215
2774413250
2774428103
2786323816
2795396007
2786342431
2070046532
2592984834
2601678808
2680616534
1569944161
2806614749
2603638749
1569670498
2070029776
2786300973
2787772115
1569915605
1569680364
2787809091
1569671714
2593046699
2795418627
1570040602
2592836728
2786240672
2786282445
1569758850
1737213387
2592963556
2801476019
2787759906
2070027088
1559745676
2600156850
1569861137
1738207638
1570006746
2805488119
2592864983
2792867381
2774415794
1569943705
2786214908
2790530320
2808207224
2592947295
2070035781
1570027447
2592801103
2593060199
2786259562
2801625170
2812782418
2791148657
1569715793
1570022915
2774390999
1569820256
2593517336
1569740901
2806993076
1569806061
1570008158
1569665554
2774357412
2774443512
1569871035
2070039372
1569874810
1569672262
2789946922
1569727472
2788013945
1569820572
1569930476
2787773569
2592861683
2786322710
1556815648
2070041015
1569715148
2774519710
2600518824
1569739847
1569754164
1559283039
2787730010
2810428386
2786297009
2806615739
2592791687
1570006954
2774319268
1569883722
2810270337
1569930489
2786241945
1569699383
2793042047
2809012693
2808987087
1569890788
2592815970
2593035441
2805364405
2593064413
2808876386
2787822813
1570015020
2786286716
2592831241
2812685371
2786212937
2593014985
1569850281
2593028637
1569724226
2795307686
2786299504
1570015830
1569656900
1559287111
2592986685
1570031335
1569900252
1569879254
2592984173
1569937903
2786221623
2593061578
2809001942
2795306638
1569913025
1569749053
2592858229
1570006984
2801544268
2594085360
2792501787
2774505520
2774373302
1569674331
2594283522
2786218859
2070044973
2774424901
1569678981
1569698496
2812685394
1655208169
2774505469
1569661528
2795502115
1569897505
1569865176
1569848870
2070021771
1569951605
2793212296
1569717259
1569859307
2812478895
1560274315
2787748934
1570012594
2814034678
1569662535
2812679249
1569723186
2787732532
2592803545
1569820192
2070070380
2786275756
2787727663
2594256959
1738479717
1569838734
2788472548
2794802928
2774455631
1569898143
2774406860
2786235164
1737779693
1570011993
1569722651
1569911044
2592984553
1569929740
2592958355
1570014044
1570016146
1569695479
1569852980
2792931610
1569744002
1569679979
1570013101
2592875439
2593013129
2592828406
1569680410
1569887166
2786344006
2786275151
1557084144
1558848184
1569692703
1569828567
1569939624
2774351647
2790565997
2786281145
1569692342
2786299808
1569679021
1569657239
2601509048
2600348359
1570023738
2774390873
2812579414
1569667863
1569951953
1569845234
2070030893
1569949525
2070068211
1569682216
1569683393
2792840736
2592828020
1570009568
2593618290
1569663449
2601402755
1569941704
1570040635
2592965434
1569843509
2787995230
1569762541
1569711298
1570018807
2792913037
1569915429
2596861874
1570028216
2786222237
2808609106
2602412633
2774400428
1569836578
1569664697
1569870401
2786217250
2070017205
1570033685
2592805397
2786362794
1569952194
1569893175
2786285583
1569895164
2786310781
2592788452
1570032711
1570014166
1569914203
2592954172
1569802636
2593067021
2786300338
2592801338
2809434552
1569813421
2786390673
1569755784
1569918104
2592875041
2592795138
2786323091
1569674858
1569874061
2592787283
2592994990
2592820250
2592798133
2809213723
1569837555
1569893964
1569846938
2786284269
2786319071
1736865935
1570024400
1569814688
2070046391
2809302724
2793622269
1569906606
2792999181
2592869434
2786321202
1569687475
2593035839
1569709937
1569697551
1569917790
1569740987
2800639098
2603147853
2812565754
1569946747
2070022427
2774373743
2592806913
1569670212
1569742601
2592883078
2774336575
1570012063
2813075283
2790487661
1570037903
1569930623
2774422555
1569948299
1569842910
2786212299
1570015889
2070020871
2792818528
2790495886
2070070261
1570016483
1569685747
2594098849
2786221804
1570007990
2792842157
2593052516
2809042643
1569871619
1569882004
2070044542
2812761580
1569928276
2806627846
1569920635
1569738291
1556386811
1569881870
2786240657
1569662295
2070045524
2593059395
1570010252
1569834466
2070021991
1569742425
1569857486
2593018107
2808615222
1569912668
2774483769
2791058812
1570034145
2786310396
1570008876
1569665319
1569832504
2592791426
1570013380
1570008916
1569715888
1569935740
2593088970
2786332750
2807765023
1569755743
2786222995
1569880576
2786221454
2592856631
2601420594
2600164313
2787715659
2593039818
1569741037
2070015765
2786336321
2774500537
2786238853
1569852123
2809001453
2786324115
2592803097
2786326950
2070021722
1569715875
1569900603
2070022297
1569743571
2786231641
2592796269
2592947022
2787991397
1569831405
2774358577
2592790711
2602894026
2592853803
2070044268
1556282108
1570018985
1569908036
2786219135
1569837671
2070021698
1569870441
2070071918
2813149492
2592922664
1569718994
2788684361
1569848213
1569848518
1569948834
2592801470
1558481778
2787809189
2774342852
2592969648
2592819313
2786323075
1569857660
1569950830
2788120354
1569663595
1569838245
2592801353
2592831869
1569948092
1569870616
2592824228
1569857757
1556083516
2070016088
1570009369
2786300703
1737779526
1569688526
1570020631
1569951436
1569706017
1561125279
2807151892
2786281439
2593069986
2808532309
2593039782
2774400854
1570009130
1569927305
2808148663
2593033540
1570034214
2774402940
2600600850
2070071661
2786260035
1569657386
1569704270
1570021635
2789951099
2592798110
2592975145
1569944216
2808148927
1569841347
2805997228
1569740729
2815129390
2788680657
2808221513
2786255960
1569688692
1570025249
2070040184
2592851649
1569822391
1570035850
1569953397
1569926781
2592802439
1737774523
1569658836
1569670403
2593079801
2592805882
1569679342
2592848250
1569819730
2786351066
1569678155
1569750984
2774329996
2592804721
2809013892
2786317789
1569668076
1569820797
2774455473
2070040875
2786217820
2786219537
1569900935
2774492620
2592858899
1737777790
2799140006
2593044046
2787903586
2796634024
2787809791
2787903518
1570033720
1569842809
2786260691
1569668092
2603783870
1569716113
2808774736
1570035902
1569843095
1737777278
2592805665
2774500404
2810250945
2786291881
1569874700
2070029450
2593011319
2774400006
1570000488
2600162216
2774349668
1737778482
1569804851
1569680546
1570008577
2604579143
1569819235
2807158674
2774410548
1559950702
2774364680
1655725719
1569918295
1569666635
1560341929
2815037481
1570015363
1570007144
1737237507
1569750998
2070054903
2592788575
1569720353
1569927327
2788680520
2676665399
2592820192
2592894496
2070041342
1569915491
1569705151
1569916166
2604019313
2789789204
1569837805
1569863576
2788659571
1570040847
1569758687
2790493463
1569912342
1569951323
2774471097
1569864798
2787777853
2592812979
2070017707
2593010356
1569891659
2786216795
1569906233
2808772127
2592788407
1569751899
1570017451
2592994391
1570017897
1559509860
1569818718
1569886951
1569819826
1569907400
1569677904
1569922828
1569806979
2774392014
2786346888
2807690018
2786210987
2594580204
1570025049
1569717246
1569682509
2592904883
1569663925
1569717019
2593011375
2774406237
1736857569
1570010781
2601481522
1569750934
1569906523
1569681599
1570033482
1569902832
2070029339
1569893351
1569674006
2593086004
1569678141
1569893849
1570023151
1569947544
2676864894
1569707858
1655639759
1570027307
1569666785
1559527596
2592795876
2792988725
2592996521
1569921678
1569853014
2788254327
2786295079
2807061529
1569677068
2774443125
2592866492
1570032361
2786210865
2592996055
2592822907
2786286389
1569864998
2592858363
1569681451
1569928498
2592815703
1570039489
2593075878
2808985841
2787730037
1569818947
2800732357
1569683772
2799238800
2592808470
2592854316
1570031978
2070020148
2594463664
2789381555
1569660103
1569660273
2812512614
2592826079
2786320986
2774419714
2774442691
1569904561
1569903356
1570019120
2592990534
1569911954
2786235644
2786249530
1569671049
1569915891
2786295252
1570010745
1569825707
2774331658
2593069972
2592813963
2786242995
1569949267
2593049086
1569673222
1655678846
1569696846
1570008768
2592934059
2592827348
2592812239
2592836820
2812832566
2593002539
2774495730
1569675943
2803839792
2792821040
2809023732
2592799294
2592795999
1569815657
2070031425
2598560614
2786319770
2786241307
2786237119
1570020011
1570007681
1569671021
1738210938
1737779113
1569899409
1569677035
2592801489
2786212511
1569862997
2774373438
2774344915
2786296147
2592802595
1569665491
1569862081
2070074454
1569686417
2592831149
1569657312
2809044566
1569911206
2792598297
2774326757
2592798181
2793274488
2812505199
1557106717
1569893947
1569706817
1569949040
1655568157
1569730807
1569698115
1569686403
1570017859
1569949934
2592990494
1569658079
1569729451
2592827463
1569732911
2786283266
1737777321
1569830767
1569677118
2774446315
2786328905
1569851356
2796436016
1569953354
2807082905
2592788028
2592800930
2814239228
1736885009
1738137270
1569668780
2786235705
2601422453
1569663911
1569822916
2774502326
1570028318
1569711408
2592813513
2774350513
2070054950
2793072821
2592812756
1569938443
2786221062
1569944310
2592794930
2070070170
1569852782
2774319215
2593076517
1569942908
1570007402
1569882345
2786318025
2738611259
2600375312
1569922751
1569757350
1569849462
1569871322
1569905997
1569725959
2592854221
2070026225
2774382746
2593031217
1569715927
2812473155
2593094748
2070016990
2794546564
2786239793
2788659495
1569901082
2808777076
2593016639
2786319295
1569658578
2786238601
2788959751
2774392523
1569667654
2794584714
1570016591
2812685328
2592789042
2786323421
2812790157
2592796753
1569839563
1655622420
2774445476
2592789726
2813075141
2592800950
1569847392
2592836663
2774351372
1569850739
1569724325
2786240739
2592787440
1569952147
2809138226
2592795436
2592829435
2600827773
2070046725
1569696960
2793253257
1569735247
1569850650
2787777792
1569913397
2790149014
1569736752
1569681066
2793538282
1569938606
1569754194
1570012317
2808789006
2808152046
1736864123
1569887299
1569871336
2796435065
1569723258
1569851558
1569668919
2592982042
1569699005
2592966512
1569755766
1569754176
1570011308
2786294947
2601049754
1737777673
1569907495
1569905808
1569674422
1569738102
2774380929
2786253681
1569948473
2592974405
2592803511
2790494980
2786211908
1570009696
1569868326
2774508525
1655652014
1655626709
1569670022
1570010433
2786366061
1655214836
2592871086
1655743223
2774382659
2799089235
1569660163
2774449030
2786272842
2796766202
1570010091
2592839531
1558104873
2593390289
1569672679
2787808722
2592813533
2593023687
2592827393
2786222284
2070016730
1569833464
2774503462
1570007932
2785385438
2592796494
1569838986
1569679496
2592946938
2592938376
1569752262
2070043515
1569748136
2774411579
2809019282
1569693506
1737308143
1570010232
2592801266
1556335926
2593643940
1569705952
2600235633
1569665302
2792527511
2792837661
2592797450
2774319234
2789659586
1569665088
2592891999
1569850264
1569839969
1569803549
2592805013
1569677628
2791148546
1569716379
1569848997
1569927592
2774445450
1569715386
2070045231
2774393995
2774443298
2798952486
2070024881
1570033283
1569660547
2805487278
1737777191
2594553795
1569803870
2774344559
1569658762
1569667682
1569757840
2801597718
2786326992
1569916005
2774452671
2592807352
2592789123
1569737236
2786295381
2812979931
1569762037
2774413117
2813781299
1569846428
2594454947
2774412157
2592829670
1569741024
1738075305
1569719007
1569681257
2774342871
1569680264
2805982333
1569744819
2070068673
1556829086
2792985719
1569731062
2738476068
2592797556
2593028220
1569752695
2592796344
2786316820
1737611609
1569826875
2592805646
1736896269
1569674317
1570026493
1736896130
1569678859
2677411824
1570038622
1569892346
1569659503
2809042562
2774394638
1569948978
1569843570
1569660561
2774484665
2774396740
1569667203
1570015854
1569657929
1569754661
1569674182
1569919420
1569665101
2795332266
1569899354
2786260567
2593091052
1569674194
1569919640
2774441821
2774339735
1570027198
2774436178
2592792793
1569733896
2786322722
2774337515
1569694734
2592799423
1569715134
1569680643
1561658281
1559385169
2070035585
2786288133
2601430670
2592799776
2774451974
1569916085
1570014353
1569757127
1569740885
2786317801
2592805634
1569826326
2592793282
2786359708
2070045959
2774399572
1569666799
2774440849
2592794363
1569897541
1569688322
1569919462
1569808817
1655465432
1557798807
2070016279
2070078282
2814036068
2792833872
2592807483
2807162570
2599683328
2786319085
1737233920
2592884167
1556192029
1569672974
2592809178
2786211412
2786332628
2597818464
2592934183
2592816849
2786231597
1569897197
1570008318
2812764972
1569923402
2808627671
1569859625
1569715269
1569658651
1569910263
1569732924
2786249496
2786235876
2814035878
2592794829
1655516250
1737777367
1569853730
1569803958
1570010398
1569942923
1569841176
2774393567
2774366563
2600485331
2786328028
2809049971
2787819077
2774443741
1569820961
1569718595
2070020297
2593018861
1569885486
2792931398
2789375291
1569921367
2592868131
2070050822
2786331479
1569938473
2592806633
1570009432
2809279475
1569889243
1569927208
1569689218
1569755918
1569683523
1569732971
2807804423
2774396833
1569675588
1569949512
2070044245
1569923095
1570017190
1570010011
2801702247
1569816994
2774352995
1570015054
2603741898
2593028943
2592788960
2799002557
1569848250
2592812942
2594283585
1569913517
2786242828
1557840014
1569879311
1569927573
2786234366
1569875819
2601400534
1569657326
1569864970
2774443981
2787721594
1569951459
2592973131
1570010669
1569906056
1655518752
1556845152
1569922493
2774328104
2592848229
2592984262
1559284281
2786321310
1569912079
1569734202
2808145543
1569953597
2592808436
2774427800
1655647788
2774422720
1569922526
2793197926
1570029299
1569898337
1569874982
2814232194
2789542687
2592842401
2808992281
2592868910
2799409982
2592803941
2799174082
2786318749
2812679272
2774393395
2814512055
1569904803
2809059176
2592892050
1569663665
1570016547
1569759270
2592841268
2786213291
1560438479
2793082225
2813738599
2592804699
2592814978
2774345204
2803442710
1569666731
2594427528
1569841854
2592799744
2806869976
1569730401
2801572877
2795438702
2786256908
1569943720
2786255783
1569682820
1569884104
1569949591
2593039796
1738187809
1569842007
2812473173
2774410921
1569883005
2786260743
1569893246
1569739931
2774334291
1569686430
1569888785
1569904421
2813735295
2592869274
1569681318
1569829806
1569759584
2786245498
2592955997
1569750348
1569895152
2774502108
1570009965
2787808905
2070072006
2592895428
2713614475
2592855523
1569948384
2592800522
2592977111
2812512630
1569906205
1570017549
1569692995
2774340790
1569888918
2592802045
2786274257
1569848290
1569741922
1569723355
2787777836
2593044016
1569850577
1556122598
1556117355
2592980229
2808147225
1569661243
2592788168
1738200286
1569822360
1569731048
2592966385
1569840708
2070045033
2677650796
2786319681
1570038025
2070048251
1569844816
2786212438
2787850658
1569944368
1569878036
2792954671
2070028708
1569848857
1569677857
1569684452
2070023343
2808148881
1569885649
2774390921
1560465902
1569709789
1569668196
2809004688
2592827583
1737779147
1569661659
2592948535
2774465552
2070043604
1569697984
2808984743
2592863948
1569697468
2593019973
1570041415
1569710572
2592810965
2787772209
2786239805
2786255900
2788714192
1569744448
1569842599
1569662395
2774431931
2774499931
2786250458
2786354797
1570024052
1569666567
1569671266
2592794269
2786313887
1569938396
1569660533
2792954587
2788261894
2592793582
2592789000
2812418286
1570011276
1569753231
2683109801
1556915804
2600266102
1570028555
2804957242
2592814817
1569736708
2786271965
1569688707
2774525120
1569658191
1569932268
2774387761
2774472741
1569897609
2801699197
1569672507
2593061447
2792931633
2600259125
2592939050
1569865128
2809019989
2593074031
1569849706
1569816697
1569722481
1569749998
2812508262
1569660624
2814374426
1569757870
2592841867
2786215719
2593054752
2787937763
1569746510
1569695766
2812869121
1569687400
2812702256
1558491880
1569861267
1569940472
2774366659
2592805305
1737777635
1569917708
1569877305
2774401572
2786076158
1569666191
2786321095
1569694762
2070053603
1569913902
1569808442
2805997074
2813717361
1569723300
1738191778
2814059784
1569749462
2799040182
1569818866
1570032372
1569822322
2809021520
2774500362
2592799485
1556397631
1570020376
1570011124
2774446300
2790495810
2070035019
1570034513
1556438923
2774424676
2592821750
2788287282
1569880829
1569691267
2593060215
1569746813
2786351831
1569916317
2813156928
1737777840
2812541687
1569672339
2592797597
1569665667
2809003461
1569889231
2593085765
1569683555
2786276451
2786322377
2070016912
1569754672
1569868577
1570006697
2786245469
1570007433
2814047654
2786299678
1569659194
2786220392
1557446060
1569819529
2601516953
2593080017
2592801856
2070069647
2593092035
1569658610
2786217415
2602683393
1569851893
1569821158
2786328135
2592851898
1569750866
2593019505
1569803833
2809086092
2795428672
2592830116
1570028543
2792722190
2070070183
2774356164
2603085800
2592787886
2786313899
1570016468
2809034873
2592852420
1569942729
2786248226
2070031570
1570008173
2799189590
2592807929
1569726554
1569887150
1734595990
2786276461
2600161556
1557023765
2774373319
2787812473
1569663392
1737242896
2786315992
2594488291
1569850156
1569675066
2774441905
2070022926
2788121409
1569670415
1569715162
1569928994
2809000486
1569680198
1569674132
1560716656
2786261686
2786256566
1655536534
1569839936
1569948610
1569879329
1569727736
1569820753
1569809233
1570038189
1734283228
2792923770
2786238993
1569699714
1569938344
2791111467
2796458652
1737778575
2795438038
1569666607
1655501589
1557326718
2600256556
2594281465
2786226043
2774350428
2758082343
1569943509
2774373171
2792818588
1569753878
2786301357
1569680560
2070026481
2774420975
2806618793
2796913134
1569837971
2787724210
2789718746
2594357442
2786322442
2786290706
1569827702
2592808889
1570029257
2594280097
1569906316
1570041152
1569747972
2797072214
1569953328
2787995478
1569852093
2593017951
2774391611
2813717326
1738194124
2592790341
2774422735
2774402998
2795302525
1569873828
2594801893
1569753221
1569837113
2787937846
2593076295
2786364537
2070015847
2809407416
2790235861
2593089428
1569929182
2774506051
2774502480
1569944017
1569686614
2594418801
1569742139
2794802884
2786221871
1570011628
2774393207
2807775709
1569832546
2774422703
2774410563
2592791056
2070031967
2787726658
2592813806
2804653116
1569741084
1569689550
2592842878
2774336840
1569762054
2593496517
1569946865
1569753694
1569657972
1569717313
2774462501
2774373506
2592795271
2807516580
2593759771
1569823919
2592821398
2070016683
2809030790
2792909113
1569660756
2592803878
1569897558
1569692532
1570017782
2790631691
2807765192
1570015601
2774444087
1569947582
2793274472
1569942830
1561573876
2603735731
2592811890
1569948922
2592987335
2677779414
2600234791
2592958420
1569715403
1556188082
1569946194
2789928698
2786300239
1569947269
1557837245
1569693845
1655527883
2774349226
2774321343
1655471093
1569889104
2593087123
1569659745
1569840577
2786295058
1570037811
1569803706
2792880336
2738611051
2070045538
2774338421
2788129738
1569704395
1569918120
2594317125
2814511974
2809003968
1570026918
1569874283
2774370963
1569675706
2812675241
2809213838
2592807018
2809020559
2788177916
1655646117
1569848675
2592796810
2592811906
2592821972
2603560320
2786237954
2592802858
1569841761
2792850202
2786315938
2592799334
1569716089
2786255101
2787806245
1569749011
1569667668
2786234877
1569939220
2592836762
2774390982
2774395658
2807162309
2812680936
2787799656
2799091721
1570015269
1569687283
2774356740
2592797477
2593054428
2593005684
2593055858
2774477750
2792899546
2792923906
2070019485
2592790109
1570015925
2788974930
2793302482
1570014950
2592817110
1569905952
1569918405
1569683810
2774435436
2592796170
1569676302
2806662798
2592799105
2786226095
2592821877
1569665071
2774411046
1569939380
2809145625
1570027788
1569869939
2592843112
2792469177
2070071329
1569903339
2592798693
2790487944
2601509162
2070016644
2786223402
2593049286
2792954956
2786274835
2774446583
1569894411
1569871094
2774420175
2774379208
1569667742
2774371433
1569676933
1569804076
1737308326
2774396906
1569949000
2809042518
2774413136
2786251189
2792833804
1569761820
2774523552
1569848959
1569668591
2592792431
1569948627
1570034197
1569704408
2786222194
2600216641
2786295489
1569803396
2774354109
1569663380
2593027970
2786240795
2787720049
2808786561
1569880364
1570014400
1569747954
1569899387
2600158610
1569672095
1569838132
2788123870
2735775098
2792849187
1569805742
2786353827
2809398631
2774376389
1569931637
1569720445
2774404212
2592789709
2070044731
2681081432
2796438645
2792825688
1569878298
2599693018
1569871403
2792851670
1569676905
2774389983
1569847830
2070022706
2697077887
2795658295
1569835994
2593035982
1569952241
1569945323
2774373039
1569671819
2774396795
2786364194
2786277467
1569756951
1569882187
2774357572
1569688791
2774440830
2070046759
1569836012
1655642585
2790090564
2803424869
2788145017
2774414959
1569829303
2592971471
1569883608
2070047038
2787819121
1569690927
2788144085
2786234023
1569749416
2806616983
1569728250
1569950131
2786246719
1569840896
1569948486
1569709647
2774373054
2592814330
2792840758
2786308952
2806869991
2592827640
1569879768
1569700789
1569923532
1569889915
2593101402
2815037223
1569829273
2592800684
1569698387
1569822954
2593059229
2593064823
2786301132
1570016109
1569905932
2812780448
1570011204
2790455661
2592791707
2786273114
2592848211
2808992299
2070031731
2592831202
1569945475
1569937947
1570009880
2602739413
2774422454
2774358374
2798963607
2592842659
2592920690
2774409854
2786211244
2788680428
2593069818
1558028037
2788260825
2808991240
2600297097
2786356073
1569745599
2809028822
1569893913
1569665333
2593013467
1569847940
2593023381
2774366832
2786314098
2786234382
1737194323
1569950172
2593396576
2774462588
1569835432
2786311138
2812416217
1569841076
1569675620
1655494551
2774403447
1569674872
2787925571
2592802981
2786224965
1569752409
1570011293
2592819802
2786314038
1569731401
1569858785
2774395621
1569876456
2787822717
2738446649
1569700197
1569845204
2592975032
1569879287
2592796715
2786233274
2786314086
1570024365
2786219951
2787799496
1569691905
2592799012
2786340444
2594086239
2807525709
1570028367
2681906584
2786245090
2592964210
2786299706
2603037428
2592975614
2788153370
2792549959
1570037945
2786215136
1569733046
1570017562
1570035088
2786275770
1569756937
2786224981
2786336862
1569674747
2592788596
2801844538
1569658774
2070035330
2593034763
1569816073
1569699333
1569849614
2592803755
2789788540
1570010657
1569816167
2592802512
2786215369
1569828977
1561800741
2786221418
1570021105
2601433471
2799375256
2809397891
1569670054
2787770560
1569953648
1569921147
2799386810
1569732013
2807061511
1569692670
2593050485
1569678516
2593097427
2808836767
2774509760
2808627712
2809028382
2774408817
2600157977
2809056290
1558859047
2788959673
2774418165
1569832578
2774441666
2592797188
1569945338
2070053562
2786214755
2592990722
2787809114
1569897891
1569871487
2786313947
2601053342
1569835609
1569726499
1569859017
2803458343
1570028099
2070022720
1561220326
2809030844
1569803784
2790209016
1570006772
1569940315
1570026865
1569715365
1569915706
2786271750
2592937663
2812831871
1569936262
1569918361
2774441970
2774370217
2070044784
2795206058
2812761684
1569839751
2786319323
1570015640
1569825783
2787777812
1569666621
2594253274
2810193822
2793654565
1569698960
2812605358
2787739886
1569815739
1569704257
1569838711
1569710322
1569694323
1569944619
1569731459
2070033395
1569946677
1569688118
2594258607
2592805812
1556983113
2592804681
2774386673
1569847775
1570006201
2070022541
1569657118
2774339582
2774368723
1569715253
2786272351
1569806245
1569673899
1570032607
1570026121
2774433976
1570000978
2774373336
2808991180
1569692682
1569854971
2592806895
2809429167
1569844087
2592843305
1556972831
2795193134
1655717995
2786322430
1569750374
1570014537
2592821465
2592901500
1569710413
2592795611
1569906219
2774359336
1569873802
2592817827
2793036469
2592815586
2774393968
1570017990
1569665523
1569946295
1570038041
1569868898
2600257439
2593614476
2792914096
2774386731
1569713261
2788153424
2070033137
2786361222
2070077208
2799057813
1569882963
2809071151
1559282991
1569816410
1569803068
2774367163
1569920363
1569762426
1556984236
1569828383
1569897156
1569817073
1569727896
2786319281
1569902772
2592815161
2774409356
1569665595
1570013065
1569809844
2809140172
1569656076
1569697166
2786329373
1569889970
2809144038
2774399538
2786273238
2070030309
2592797378
2786319013
1569917949
2593011423
1569884717
1570000272
1569681436
1569803424
1569893295
2593758472
1559899742
2801596392
2806993042
1569760875
2070022601
2593013449
1655710461
2787809435
2070069443
2786299987
2792881143
2786238383
1569923500
2774462858
2678015329
2792836857
2593066518
1569671865
2593564130
2594277868
1569918613
1569697756
1569869495
1569704382
1569836397
1570026563
2774336861
2808415651
1569679821
2786321119
1569662340
2738583059
2774398025
2786237966
2787903608
2774359177
2603001815
2070027397
2592938392
2593011521
2786218564
2774446613
2592836468
2774427409
2600484417
2592961681
2786313863
1570010865
2787809377
1655646047
2786313935
2592796035
2813735551
2592843152
1569667262
2812565175
2774399874
2592858342
1570028255
1569676943
2799629172
2774359898
2601658161
1655467410
2602905453
2788130960
2808783041
1557364456
1570038611
2070030039
2786285807
1569658960
2786216727
1569664121
2814512097
2787729687
2592906929
2807216834
2600374244
1569838753
2786275001
1558684115
2070044849
1569929705
2070044822
1569672067
1569681151
2791094821
1569829133
2774393378
1569844757
2070016962
2787762839
2795302420
2592822242
2786276574
2592814002
1569829477
2592802741
2795241736
1569677730
2807135446
1569947723
2809001493
1570033006
2814322537
2796913110
2593037213
2594253596
1569913078
1569717899
2774392039
2603782091
1569906072
2592826523
2786261340
1570035241
1569919499
2788168743
1569953961
2592825335
1570027265
2808148730
1569808955
1569717292
2070045509
1569663438
1570040624
1569755186
1569908084
2592959213
2592803528
1569675128
1569757099
1569847211
2774504408
1569674672
1569822510
2812476429
2593026086
2070040756
2592791144
1569822337
2786319709
1569758222
2814047619
2593446336
1569942112
1569743530
2592796081
1570041438
2786259897
2809042658
1557062154
1569671629
1569850827
1569942937
2592856541
2812808758
2592836426
2809391885
2813223867
2592793795
2592801552
1569756544
2070040823
2786235251
1655617014
2592813945
2592803688
1736123815
2593456815
2593055026
2812831896
2592797026
2070017878
1569900584
2793059888
2792818807
2592845608
1569844721
2792834010
2786315912
2592813190
1569668726
1569662019
2592798369
2774425310
1569680891
2786348688
2792897832
1569673587
2774434764
2814015730
2786323699
1570006439
2593041538
1569753023
1562252147
2592831000
1738155279
1569832561
2792444493
2592863145
1569811427
1570040581
2789545823
1569938306
2593037185
2812421864
2774402095
1569953989
2786272947
2594380605
1569663407
1569945390
2787812383
2786285753
2592806285
2774344807
2786219991
1737775174
1569828545
1569679149
1569743696
2790450524
2593070077
1569894399
1559625101
1570002059
1569829841
1569743766
2800732333
1569751685
1569939787
2592959778
2774349546
2774390598
2789526302
2593073187
2801635724
1569911005
2814036201
1570029405
2786347291
2788659546
2070030057
2786313328
1569820624
2592920710
1569761221
2592843491
1569884468
2774342439
1569686549
2774326734
2786321190
2592992973
2592973708
1569655959
1570025362
2787992575
2774353014
2600316256
2592845411
1569802657
2786258981
2592807464
2593103427
2593083563
1569665539
2786222268
1569888860
1655654473
1569836181
1569679424
1570038687
1569680680
2070077567
2601421104
2774447640
1569673300
2774359700
2786220170
2799408770
1737779078
1569898040
2592796146
1569905978
2774520324
2786319309
1570017117
2592851854
1569803145
2592796940
1569693544
1556358356
1569932823
1569760627
1557777284
2592800822
1569675914
1569902703
1569833615
2786331423
1569803536
2593043950
1655197234
2793274293
2812920451
1569823811
2774354149
2592802351
1569685652
1569948501
2592792046
1569906248
2786261481
1556121752
1569928243
1737308546
2592799567
2774364380
2594254849
2812670627
1569756043
2592809311
2786219937
1569738511
2593005370
2593091885
2786221820
2815126754
1556397741
1569673151
2070054732
1570015812
1569665568
2592828743
2789376058
2787724236
2070018169
2600164453
1570040569
1569815414
1569688104
2774480891
2603425467
1570017810
2788241169
1569912785
1569847401
2790149056
2793078812
2592800477
1569730317
2809035826
2807161016
1569929790
1569860052
2800677372
2601426258
1569659952
2592801402
2602013199
2806867137
1570033613
2774421508
1569687673
2594520347
1569889463
2799529352
2786326902
2812746166
2592805535
1569874047
2813740129
2808630232
1569928910
2813843916
1569761591
1569678204
1569815310
2593014558
1569917684
2600161196
2774343243
1736441928
2592849017
2774398296
2788327865
1569906757
2789044583
1569810355
2807154283
1737777536
2795775485
1570014002
2809003575
2786292942
1737779306
1569842249
2801871739
2593093079
1569877288
2592851741
1569811931
1556872017
2813003850
1569814292
1569888576
2600156863
2788961675
2592797682
1569755208
2593085914
1570015471
1569892012
1569830069
1655679918
1569715570
1569944325
2774505409
2790495828
1569843041
2774443332
2786309318
2592803774
2788846613
2681096346
2807256078
1569946912
2786313593
1569757018
2592843453
2070029821
2787777995
2787818435
2070048727
1569672752
2774344900
2810193856
1569911619
2593041556
1570014695
1570022932
2808836306
1569659471
1569933605
1569927225
2788659942
2774359683
2786308447
1569666687
2593009940
2774389265
2774388844
2774426020
1569842727
2787919483
2807135256
2807084587
1569684856
2592960686
2593035409
2774443486
2593073769
2592808453
1569674948
2786331602
2792887508
1569884543
2786358947
1569672137
2808146254
1569841811
2592800755
1569927104
1736864530
1569680351
1569836211
1569828255
2592830334
1569807481
1654746487
1655676156
2592829235
2809042626
2791163677
2789532054
2793172948
2813740091
2787991493
2723635611
2786214737
2786294189
1570034539
2070031954
2786323841
2592812791
2786323853
1654747295
2592792199
1569666811
2786323059
1570013401
1556244252
2774380458
1569920576
2070016615
2592800663
2592965478
2592805910
2594273759
1569900236
1560284220
1569684023
2808148684
2070017218
2808804515
2786323264
2592812621
2774440258
2774392299
2808244848
2796691120
1569716452
1569754057
2594253412
1558848907
2070046781
1570020116
1569754489
2774373353
2070015981
2592805797
1569838089
2774428090
2774345830
1569812044
1570040765
1569899973
2787811008
2774382447
1570018676
1570006711
2808628837
1569892794
1569678939
1570015249
1569911395
2592829261
1569917100
1570034283
1569722278
2735849094
1569667008
2592793675
2676757315
2600163505
1569836450
2795218869
2774396082
1569675421
2774373117
2813036384
2070022481
2592813892
1655711936
2786241226
1569664792
2601471636
2806722230
2774428126
2786313345
1569690632
2592869338
2601437474
2806021971
1569840031
2788961360
2787809355
2786234412
2789363521
1569807554
2592959161
1569951505
1569836383
2676820692
2786263290
1569927747
1738160403
1570012117
2786322406
2786278513
2786364857
2774401498
1655484817
1569684006
1569918378
2806617000
2601484557
2786325893
2814217930
2592794381
1569939397
2774370573
1569665653
1569666539
1557906023
2808846906
2774510532
2786302264
2593029311
2774403921
2787737772
2809006988
1569679884
2786253700
2814512032
1569919247
2786326914
1570037931
2774352592
2070035231
1557912587
2592929241
1569864241
2808359455
2774365930
2774335026
2592789581
2795309537
2786326979
2809118204
2592827660
1569708328
1569680602
1738187587
1569835957
2070048606
2787771597
2592829635
2786275016
2789381609
1569658407
2786237483
2774425321
2774446048
2814036001
1569865223
1570021090
1556826078
2070028737
2796434807
1569916982
1569911086
2070047275
2774455555
1569674251
1570001080
1570009279
2796434909
2774373285
2809134690
2774396283
2786240200
2592817203
1569898054
2774424180
2786214701
1570016346
1570014967
1737774386
2814036092
1569885882
2809213765
1569846542
2786211967
1570014259
2592807858
1569867955
1569904115
1569680689
2592805159
2791159822
2786309203
2592789975
2774480607
1569753609
