2793348876
1655652635
2601487711
1569677035
1655285299
1569838089
2808792833
1569810355
2806022564
28630a832b291c10684b27b8bd499b19bb60772ff697e96b01c5c12aba32de0c
06108c2acc798f5c2d71c238902315ba66f7fd334e8d050dbbd6b0ea3340edc6
2806021714
2812987424
2786271750
e4d93d375c99553b9dda7b4cf6d6740d9cb3121160c4b5bd30098f887211e265
2601433471
2792795630
2070071175
2602412633
2592853947
1569944441
2812987400
1569689500
cbc53d007b31bef72f6adbd3be147086554beaa8d4404751f7350d77ae653e31
f10cabd76f31e60489ddf2fc89a2d3a738d353920451401d55c92aba7a14ac85
2801476548
4386f0eb6091d8b2252ff8f1703be637b8b7e8f4727008c9aa52fb3ad55901ac
1737101024
2801476021
2812987346
4feaf4214480ac6ad9b282d6f4e37629b4d1d6b05d541a96000399e210dd93d6
1556528103
2786254116
1569677068
2774363079
32988230b606de321fe3a3306767e6e54c1f0114c4b6bdf24859ea3f6bbb9f0d
