2786276676
1569750249
1569710322
2592865036
2808770637
1569758679
2592882574
2774359272
2601446815
1569879478
2070031670
2592821750
1737774045
2592803688
1655214799
1570018807
1562252147
1569820192
2774344360
1570029445
1569814334
2812479058
2592789042
1569740729
2774446364
1570014400
2592854221
1570017451
1569929182
1569921173
2814036201
2593079542
1569875239
1569673687
2809052881
2593456815
1569944619
2800645495
2592981879
2786251189
2592789000
2809195362
2592795401
1556589617
2786215029
2786215170
2592895473
1569804225
2786296840
1569662218
1569675096
1569951293
1569684084
2070071175
1569715337
2070072006
1569902397
2799040446
2593099818
1569663449
1569749385
2592798729
1569657118
2786221430
1569752680
2787808905
2774475968
2786235982
1569661528
2788260825
2592822759
2774409356
1569754073
2774443564
2600164313
2788122108
2070054877
2592803893
1569835177
2774441782
2592836454
1569823919
2790494980
2786220982
1569657797
2809044549
2592862345
2786235584
1569681436
2786219975
2786215136
2592792085
2792840758
2600417855
1559899742
1569683080
1570035585
2603274946
2593050485
1556186189
1569937699
1569835609
2592794398
2592977111
1569758102
1569953397
2677779414
2786217250
1569683523
2594689799
2786317999
2814051647
2592884167
1569662699
1569731769
2774493031
1736896269
1655214836
2793078812
2774484535
2592858170
2592796269
2814512055
1569758031
2786223469
1569847401
1569723517
1569688526
2592805380
2592792967
2787995478
1569670980
2786235150
1569739917
2786217709
2799244017
1570026831
2592967976
1569756043
1569742601
1570039489
1569863576
2592862481
1570000513
2786215353
2592994621
2592935936
1559527671
2786284971
2594556124
2788153221
2592828406
1569880829
1569663665
1569849881
2592800822
2790149056
2807152017
2774446628
2593066696
1569701150
2774506051
1569808705
2774350532
2792923352
2774394903
2592793818
2786296246
2070046532
1569843630
1569736189
2592799012
2592812942
2592803162
1557478850
1655645359
2774374799
2794573623
2676980565
1570017990
1569931637
1569820624
2807765023
2792954570
2070035635
2592807801
1569712991
2809004688
2603417840
1569905808
1570014556
1569926955
1570014353
2800677372
1569702980
2592931802
1569897505
2807302302
1569672460
1569814688
1569819755
1734043326
2592836322
2070044542
2597756425
1569883722
1570015054
2601509048
2774386731
1569942937
2592799906
2774509591
2786222268
2792826354
2593014342
2792999181
1569953946
1569659745
1569710572
1570021306
1569946128
2592882561
2774411046
1569760627
1556309712
2808774754
2592797140
1569908036
1569911619
1569870630
1569698233
2594350871
1569858960
2774435436
2592852404
2592803130
1569852636
2592886189
1569755322
1569951679
1570006697
1569684531
1570021105
2786321107
2814036092
1570016295
2774410307
1569761221
2592974283
2774359535
2592986685
1569698131
2813036249
2592805284
1569947919
1569946061
2593113597
2786313887
1559625101
2592797718
1569674948
1569677316
2070046725
1570015672
1569919420
1569815657
2592805347
1569869939
2592794865
1569885122
2592858130
1569917837
1569904379
2774422603
1569930097
2786240701
1569667907
2592883078
2774396283
2592861315
2786349086
2786361222
1570019765
1569938022
1569912668
2592801760
1569928779
1569874061
2592866492
1569710596
2592994391
2592797026
2786223322
1569755918
1569716018
2070031485
2603129375
2601049754
1569732911
1570010267
2593058408
2593678806
2070029403
2593516810
2801019689
1569871064
2812675259
2594553848
2070025108
2593028943
2592787362
1569878046
1569857757
1569664452
2774373319
2786214378
2600485331
2592828743
1569816285
2787773569
2774373578
1569823147
1569728289
1569688791
1558665944
1570010252
2774462501
1569949148
1570041438
2786220840
1569952349
2801702247
1569933569
2774412794
1570016682
1569710706
2786285753
1569750984
1556430171
2592889976
1570014002
1569814197
2809302266
1569862081
2601422453
1569910781
1569663438
2774337316
2788261894
1569684056
2070070183
1569882304
1569850650
1569705591
2603741898
2774388044
1569761001
2786226005
1569758687
1569916317
1569951579
1569665554
2592838539
2592816862
2594283585
2786341866
1569717246
2774366659
2774445476
1569731401
1569920697
1569717923
2774354109
1569949501
1569953496
2799204626
2774337650
1569935155
1569927573
1569737921
1569757935
2592981044
2788145017
1569829477
1569848055
2815037223
2593027764
2592849264
1570014179
2786358865
2798952486
1569755052
2786315396
2800742682
1569663540
1556244252
1569841659
2774342439
2600164403
2786274317
1569752262
2786321119
2796691120
1569870943
1569674706
2600162216
1569904258
2600163715
2592803774
2774415135
1569674763
2593055916
2592789975
1569715148
2592791707
2593101402
2600296209
2728683825
1569706839
2792549771
2070048982
2592836743
2799093085
2774410949
2786214769
2592831202
2592790109
2592843282
2594357442
2592981098
2600156863
2774391546
2793298943
1569734368
1569825939
2774436674
2799375256
2601474790
1570010329
1569661243
1738205114
2790152038
2592851912
2812678703
2786215719
2774477750
2812598786
1569736553
1569839006
2786319281
1569675882
2593036041
2676971639
1569732937
2787799656
2786261481
1569724573
2786219524
2807152727
2774373215
1569660833
2592842878
1569664133
2786243465
2592959778
1569819730
2070036409
2774345204
1570015249
2792818807
1569893246
2774370527
2786291913
2787822748
1569898174
2774444795
2807061529
1556121788
1655626709
1569757855
2070045446
1569736087
2600221136
1569948817
2809000486
2592812640
2774359230
1556187993
1569672974
2800732357
1569718595
1569877912
2809042643
1557906023
1570030763
2593064429
2787716236
1569677904
1569836342
1569731782
2786237459
1569658735
1569745599
2774451115
1569663380
1569832504
2786273779
1569673587
1569953648
1569723610
2795307686
1569844721
1569756392
2801609318
1570012620
2070025444
2801633026
2799140006
1569758359
2592837219
2070039112
2809057729
2070055196
2592801552
2786313345
1569878298
1569659121
2070042658
1570006122
2786252535
2600156850
2774373096
2593001977
1570007433
1569705172
2592810834
1569942369
2786319027
2774352995
2592799485
1569666871
1570007914
2800723228
2786256566
2813735551
1569658836
2790441985
1655739499
2786359708
2774420175
1569945338
2592836468
2070030530
1569695691
2593031217
2786288530
2592829235
1655484817
2592841268
1569715862
2786221418
1569686772
2604579143
1569840896
1654746487
1569952074
1570015095
2812761562
2592859983
2592830116
1569848250
1569748691
1570000488
1569803549
1569751726
1569666017
2801597718
2786340444
1569948691
1569720335
2786275756
2774505454
1569806024
2808982921
2786281145
1737777321
2809001942
1569946080
1736865983
1569807481
1569665523
1570038687
2789659586
2814035953
1569760875
2792931633
1570039465
2594086239
1556899426
2758082001
2697077887
2788287260
2592845411
2593645853
2592810033
1569666417
2774443648
1569852138
1570020116
2812454832
2809279475
1569806900
1569837498
1569945403
2807788307
2592984028
2786210987
2774361362
1569752532
2786237106
1569934859
2774393567
1569741001
2793274523
1569894460
2792781776
1569656827
1569704382
1569838226
1570029257
2593043950
2593087105
2597785628
2070028737
1569894929
2789492008
1655515135
2592792414
1569743333
1569715428
1569673284
1654843425
2070018315
2786325907
1737778220
2593019973
1569945475
2786474334
2070045302
2774326717
1655642585
2592964636
1570034256
2592836762
1569678859
2787730037
1569820753
2070044897
1569953341
1569700412
2070030793
1569736100
2601400534
2774423919
2786241307
1569873591
2786236386
2814322561
1569666731
1557798807
1570011707
2592795436
1569681038
1569755784
1569750387
1569698496
1569662535
1569917208
2593035395
2774359247
2786242995
1569724266
2786239793
2808150424
2594553795
2812761542
1569737236
1569846339
2592788960
2786244417
1569743000
2592996055
1569833464
2807302281
2592799759
1569892976
2807764367
1569846835
2810428386
2786318261
1569680560
1569758109
2774443842
2597758641
2593063875
1569880611
2808985956
1556304104
2593003970
1569902078
1569899306
2592843152
2603037428
2774376389
2809052819
2793538282
1569679149
2592812979
2812489714
2592963305
2592813270
1569693413
2592806592
2601406233
1569879299
2806662767
1569802834
2786217262
1570027211
2592791056
2786241202
2803442710
2807804423
2593089428
2792821040
2592979289
2786211877
2070040756
1569672123
1556918734
2802898339
2806718825
2774421638
2812608715
1569657885
1569848518
1569680298
2593061447
1569836850
1556949989
2593028193
1570014869
2592821398
2603781433
2786239053
1569919486
1570038674
2792527538
2793165032
1569951436
1569736560
2814139482
1569874528
1737778891
2592816559
1570017739
2070029562
2774396906
1569945273
1569750031
1569899096
2600374244
1569673238
1737777396
2809213723
2786216832
2792842157
1569851356
2809587268
1569949818
1569816725
1569810730
1655197234
2790148985
2809042607
1569904592
2786214908
2774373743
2592803830
1569689299
1569692682
1655516250
1569738253
2786366502
1569697935
1569856984
2812758986
2808792833
1569819879
1569755766
1569659851
1569679580
1569902668
2801757148
1569918378
2592790992
1569742813
2808783521
2592996177
2593088954
1569660343
1569947706
2774365783
2592805646
1569681196
2593086273
1559510263
2774354149
1570009369
1570014967
1569823811
1569816053
1655678769
1569837067
2592851741
2683595520
1569849462
1569917949
1570008218
1569848889
1570006840
2592825335
1569943509
2786312898
1737779355
2070030893
2592829670
2774406428
1569658079
2592956735
1569813404
1569659471
1569948473
2774435177
1569690927
1569659154
2774396196
1569873828
1569918394
2592960686
2592799655
2786277840
2786316556
2809008384
1561676449
2774419091
1569916304
1570023298
1559287111
2786320260
1569897891
1737775789
2774395621
1569804937
1655652014
2786323908
2594273759
1569857486
1569710111
1569674102
2774422454
1569953354
2774437291
2786308952
2787720049
1569951605
1556915804
1559732252
2801473955
1569669079
1735762721
1570018644
1569666003
1569673255
1569900935
1569856707
1655622420
1570006984
1569703699
1569758222
1570028367
1569715770
1569833596
1655285299
1569808585
2786322377
2592920710
2786221014
2801828335
2774390019
2070036011
2792527511
2787822717
2070022193
2786217365
1569911031
2793042047
1569738291
1569757643
2791055357
1569927286
2600368582
1569834615
2789044583
2786244402
2809140172
1569738511
2786318247
1570013085
2793212477
2774462892
2774389265
1556815648
2786220134
1569913984
2774385978
2790090564
2070021345
1569943720
1570009249
1569674916
2774421508
1570016207
2774422141
2594323259
2806993042
2600295664
2592990534
2593076145
1569805055
1569901034
1570038622
1569743530
2809191645
1737779147
2593076053
1569679035
1569844287
2786259023
1569928550
2593005539
2812489732
1569828835
1738480150
2774433976
2592848250
1569881604
2786222300
1569857660
2787809791
1655622914
2592983744
2786222314
1570010745
2792999406
1559101701
2594553469
2592811313
1569845355
1569891688
2774405520
2793109563
1569695479
1569754164
1570012594
2070022561
2793206361
1569732954
1736864731
1737775174
1569951953
1559602396
2774380946
2592843491
2808627732
2603638749
2592819978
1569809356
2786234382
2070043056
2592836728
1556342803
1569952207
1569710413
2774346247
2600259125
1569944090
2592796789
2786272887
1569840130
2592802512
1569713691
1569865100
2774389803
2592799623
2592815586
1569829303
1570016174
1570027278
2786339491
2786216677
2788249669
2592858899
2774442022
2601433471
2600161556
1569657312
1569953729
1655658743
2593055026
1569846938
2812421864
1569748010
1569946792
2795337709
1737102571
1570009880
1569754799
2806993076
1569830069
2786331320
2774442972
2808146254
1570032626
1569659296
2786260521
1569680246
2786330167
1569726554
2592804995
1569936262
1569754781
1569678141
1569657455
2774341074
2070019245
1569926781
1569951662
1569750159
1569668132
1569846378
1569893849
2774451550
2800732261
1569730004
1569717259
1569758697
2786319882
2593066682
2807152470
1655590500
1569761820
1569898054
2592806338
2774390738
1570007402
2592889727
2774344900
2774387761
1569665319
2592996521
2592984353
1569751685
2774359014
1569689076
1569921410
2592809311
2774336861
2070016279
1569671687
2774344915
1569910689
1569849654
2787903608
2774410781
1569747689
2594262396
2603892884
2593009940
2592790242
2774427409
2592793223
2786233274
2774424180
1569803706
2786274257
2806722230
2774427861
1570031318
1570017082
2594085360
2787762839
2799238828
2786315408
2593056744
2786217274
1569928243
2786322430
1662418041
2774502108
1569752944
2774341364
2676864894
1569675066
2592969210
2602963298
2593084179
1570028555
2592827393
1569906290
1569812883
1569872619
2601414396
2786213291
1569668196
2812565175
1569865223
2774373171
2592827660
2774337720
1570031926
2593086047
1570010433
1569658651
1737778482
2070021941
2592947022
1557022540
2795188410
1569916982
2592788407
1570015471
2601399855
1569670212
2774406250
1569929092
1569663635
2786328710
2786310781
1569903026
1569816073
1570006954
1569872033
1569759622
2070046759
1570026563
1569658808
2792446012
1737777498
1569930058
2593014558
1569666909
2070045117
2799409982
1569678939
2813003850
1570027021
1556438923
1570035385
1569828567
2786307937
1569837971
1569715614
1570018857
1569678993
1570016725
2786272947
2786243702
1569720491
2592814062
2592963153
2593010384
1569842809
2786299706
2592830723
2786232954
1570028016
1569850827
2774396150
1569847940
2593099422
2788254327
2592805423
1569846542
2774342831
1569846040
1569857061
2786367474
1569932229
2593070211
2592798089
2070070170
1569701430
2813149492
1569811238
2809138892
2800754139
2774410898
2070022664
1655678846
1569673151
1569917684
1569906409
1569923095
1570033006
1569904115
1556668023
1569711408
2786306991
2592808547
1557912587
1569915823
1569677775
2594254865
1737202870
2787752524
2592795500
2593077473
2592807018
1569655907
1569677035
2786297719
2786286398
1569668726
1569665667
2600051367
1569889858
2799901032
1570029273
1570010781
2774449607
2774505520
1569706856
2774370544
1569820797
2774390999
1569906922
1569949610
1559599712
2812474029
1569911954
2812505356
2774450864
1569911460
1738182178
1569951089
2774326757
1569711594
2795418041
2786245469
1570033283
2774349529
2774451974
1569897558
2774336632
2593095055
1569661659
2593010145
1569921576
1570015312
2592987335
1569674469
2070043515
2592807307
2592947295
2809020559
1569687316
1569839070
2815094901
2786310513
1569725991
2592803625
2786354797
2812477513
1570015020
1569943629
1569727736
2592806633
2786254145
2786317889
2786328813
1569811915
1569850807
1569927305
1569675519
2593002539
2809213856
1570015211
1569852093
1569832561
1569673222
2774373039
2774389677
2592805553
2801540569
1569683810
1569678218
1569875617
2774392239
1569809581
2592795238
1570000540
2786272997
2592842401
2787724236
2786319013
2774356164
2592963669
2592862404
2774446613
2786254116
2593614476
1569680457
1569853749
1569898337
1569715793
2786238853
1569742139
2683109801
1655647788
2592789372
2787729687
2774446924
2794578528
1569950334
1570029102
2786299987
2786253810
2592812740
2813735295
2592793200
1569716127
1569734231
1569672067
1569681599
1557062154
2070029450
1569733046
2791058812
2070018169
2812441792
2774406237
2812473299
2774399874
2786286716
1569692329
2774407660
2601430063
2786329373
1570009568
2788123972
2592899888
2813746386
2789361889
2774373238
1569758850
1569920670
2788961360
2786313935
1570032711
1569817056
2814239228
1556117355
2808147351
1569680546
1569843537
2788239007
1569685147
2774319234
2592965434
2592875041
2592817203
1558263438
2786314038
1560632456
2594463694
2786319113
2070044245
1569941631
2592806913
1569888828
1569690997
1569944310
2594093366
2774380929
2793298920
1570014493
1569944032
1569869460
1556121752
1569674747
2786313960
1569843570
1569936078
2786313150
2807211783
2592807881
1569716031
1569942971
1569841761
2809013529
2774443332
2594317125
1569830148
1569682004
2592947587
2807283051
1569757912
2788241169
1569739847
2774357412
1569683772
1569666539
1569954110
2799110994
1569680006
1569931224
2796438645
1569666102
2774370878
2592840894
2792991737
2786211244
1570014667
2593034225
1570000272
2786211967
1569949934
1736416359
1569902299
2593678896
1570015228
2786260567
2801544195
1569669748
1569667376
1569683363
1569722278
2592814172
1569844757
2812675241
2592816849
2070048543
2774424863
2070069647
2808789676
1570017117
2592942902
1569807075
1569662324
2774396082
1569705427
2070029437
2793274472
2592815703
2812680936
1569688284
2793140182
1570032407
2799089235
2809429167
2809030808
2791058874
1569878830
2600158252
1569666986
2786274989
2594553822
2812888507
2592801103
1737308143
1569760917
2786355870
2786309405
1570040602
1569939173
2600419907
2592802439
1569942729
1569948299
2774390921
2787729964
1570000434
2786274156
2774506427
1569944325
1569900856
2602739413
1569736050
2788411554
1569688298
2592942880
2593031203
2786316832
1570008158
2786313851
2678591237
2592807650
1569857676
1569837805
1569936810
2594405771
2786236071
2601414677
2787772209
2786220170
2592787283
2789046180
1569810387
2808988801
2070015981
1569842007
1569900486
2593087927
1569921506
2592870798
1569683091
1569690430
2593062754
2799909295
2070035665
1569805141
2786272842
2774430159
2788130960
2809310342
1569691222
2786310476
2592838268
2774388357
1569665539
2806614749
2593051413
1569715888
2786274359
2774319215
2592838234
2786280872
1569677844
1655637818
2812831822
1569678823
2786255783
2592794829
2774412157
1570016312
2812512614
1569886932
1569895164
2070020956
2806627059
2592795368
1569760935
1569890178
2786298188
2593022800
2682382583
2787812473
2799409339
1569681103
1557064850
2070068178
1569875819
2786287391
1569662395
2592791557
2593032647
1569737229
1569882187
2795206058
2774436777
1569669472
1569823874
2070044879
1569742425
1569817630
1569755112
1737777673
2600163505
2774423609
1569717031
2593094708
2070045651
2786290706
2786239817
1569730362
2600236392
2592861739
1569943109
2774365055
1569754328
2786317801
2592794453
2786240739
1569916464
2786273967
1569715365
1569879254
2774357520
2794720941
2070071918
2786216236
2812685394
2592871086
1569738271
2593079572
1570015534
2808876386
2808774736
2795302436
1556983113
2774435550
2792923748
2593055574
2786250032
2070035185
2812505199
2592808250
2592800604
1569757870
2809138226
1569757575
2592807352
2592812222
2601466705
2774423195
2812541669
2774449030
1570033027
1569675128
1557188554
2592811345
1569944776
1569833714
1569722346
2774483769
1569676302
1569816167
1569894520
1570008768
1569859861
2774377617
2592797435
1569842491
1570011413
1556430111
2786261616
1557364456
2786255236
2592791946
1569663247
2786241945
1569871308
1570017562
2592798181
2786288548
1570010011
1569827962
2592800043
2601421104
2807152744
2070078282
2809025610
1569953961
1569812526
1569846357
2807154179
2774519710
1569914908
1569662604
2070041015
2805513700
1569659194
1570011540
1569708294
1569914854
2602923815
1569727472
1569905480
2786336208
2593067021
1569838711
1569947324
2774402263
1569748041
1569693802
2787903518
1569725804
1569684006
2786296072
2774373421
2793276171
2592860241
2774509152
1569940777
2592803287
1569664121
2792999204
2601493929
2070033395
1569697728
2070037067
2799410029
2786241238
2600260941
2786399897
1569811931
1569828545
2808773692
1569939787
1569898729
2808847221
2592813806
1569949068
1569902111
1569824559
2814036115
1569676905
1569941704
2593022950
1569906112
1570017549
2806614600
2592793778
1569664778
2809042658
2592849017
1570026493
1569938939
1569938606
2801019667
1569870306
2808992281
1569664314
2774402940
1569913517
2592797354
2774431878
1569683509
2774433455
1556480162
2600244398
1569938344
1570018657
1569928853
2595215566
2808611571
2592986304
1569735247
2774523673
1569854349
2774352592
2592853803
2788472548
1569659603
1569944368
1570030029
1655670415
1569694711
1569811526
1569879329
2786223382
1569670640
1560465902
2598560614
2592814718
1569839936
2809044566
2808777076
2774425299
2786323276
2814043925
2790486982
1569842249
2774387075
2602566551
1569688310
1569731048
1570014808
1569741024
1569840438
2786363293
2592813963
2070019573
1569938396
1569930476
2774504408
2594524490
1569662099
2788254349
1569657947
1569910574
1570035402
2592964925
1655725719
2070021961
1569871025
2786322442
1569679441
2070067833
2774502044
2793298897
2600157914
2814714132
2809019282
1569948922
2601510678
2786434048
2808840110
2070033137
2592957163
2796436016
2592838251
2786349550
1569664814
2786249496
2786218655
2592794381
1569841811
1569887484
1569863589
2812575718
1569876307
1558848907
1569674689
1570006218
1570031000
1569891740
1570016501
2774333362
2774373438
2592802803
1569945502
2774476010
1569739874
1569947448
2809478722
2774440830
1569817073
1569680364
2601509162
2592787205
2786212511
2792944347
1737776734
2789697760
2592807373
1569717899
1569698387
1569821819
1569753969
2787800708
1561257376
2807161016
1569911988
1569663925
1570020879
2786256294
2774441983
1569736122
1737233920
2786321420
1569917849
1569747517
2789788540
1737007017
2787762736
2601678808
2602715357
1737611609
2808804515
2801699197
2809407416
1569943660
2774500404
1559956523
1569743724
1569686057
1570002059
2593052036
2786325078
2738476068
2592958355
1569848870
2070071329
1569859177
1569752695
1570010721
2774359177
1569693845
2597818464
2808990289
2592820169
1569823525
2786354016
1569716418
2786310192
1569680680
1655530525
1569948583
1736896130
1569807447
2592806676
2801544268
2792849286
1569679952
1569845204
2592791127
2774410548
1569921045
2774389537
2592977412
2774445502
1569726003
2774471308
1569939205
1569733827
1569880552
1569680891
1569753119
1570021090
2718820267
2786234366
2594595903
1569687810
2786319709
2787777995
2815129390
2602749038
2592810965
2774414195
1655646047
2812529559
1569670498
2799094400
2774352082
2786219036
2786345200
2592851994
1569841176
1569884003
1569752058
2806615739
2806867137
1569940302
1569680198
2808836767
1569682983
1569673431
2592799692
2593044026
2795580162
1569833615
2592920690
2774440258
1569827702
2796436061
2603425467
2793212397
2787903250
1569822391
2592811709
2593052516
2593086974
2592788575
1569923500
2592944329
2592799582
2593489826
2812473510
1569870416
2792881170
2786295015
2593618290
2792874857
2774484665
1556845152
2799387684
2786243680
1569810110
2592796462
1557211877
2070054426
2774395363
1570026953
1570010456
1569655959
1570013101
1569749241
1569900151
2594296000
1569848213
1569723186
2786219923
1655747541
2592959705
2793341208
1569911005
2787727867
2592797173
1569657386
2786253700
2774331441
1570037459
1569811427
2600157977
2774425310
2809391885
1569694734
2070071876
2787777812
2592821877
2788196867
1569853514
1569672446
2601484557
2774462418
2593050690
1569953328
2774441847
1559950702
2070022114
2786253927
1570017388
1569942112
1570012475
2790455661
2786212610
1569870073
2774439084
2795656352
2786307013
1569664697
2789375291
1569666358
1569680511
1569883005
1736885335
1569823632
2808434097
2070024149
1569850954
1570019698
1569723678
1569750101
1569723531
1569750850
2774441931
2070074454
1570033685
1737777278
2808150686
2070077567
2593091885
1560284220
1569699903
1569839460
2774345951
2592828388
2738480127
1570016547
2774442035
1569852075
2592870779
1569899409
1569717292
2786254667
2774455359
2592804268
2592863145
1569677871
2809185090
1569915809
1557841422
1569841640
1561264152
2592798199
1569678516
2592953205
1569835029
1569864798
2593620632
2774373302
1569663512
1569945831
2592990508
2592799315
2070019462
2593011734
2592798751
1569753892
2812675286
2786239393
1569864970
2786284634
2592800079
1569754588
1569868591
1569922493
1738479717
2774502326
2774452530
2592840154
2592861683
2592843263
1569757127
1569916005
1569911253
2070047038
1569942830
1569690861
2792925513
2593064837
1569686430
1569717299
2592800270
1560793432
1569734096
2594534463
1569892763
2603783870
1569819486
1569913902
2676820692
2786234510
2786234877
1556826078
1570019120
1569705952
2070016657
1570015423
1569857606
2813075141
2592797049
2600164453
1570029702
2812670751
2594311286
2813156928
1569838986
1569713522
2793274293
1569826221
2805489300
2786212438
1569945630
2809011579
1569874117
1569907580
1570011347
1569684023
2592800140
1569930182
1569704395
1569759211
1569885329
2814186921
2795255393
1569843399
2735775098
1570013065
1569830767
2070044268
1569900039
1556141301
1558848184
2786319784
2678473248
2786214701
1569692020
1569887299
2787925571
2793042070
2786237966
1570006188
1569833808
2789532078
2592889030
1570008517
2786288334
2593004879
2070032175
1569846428
2803453323
2807162309
2792869975
1569871993
2774349546
1569749053
1561573876
1737777097
2807958395
2786321352
1738216252
1569696892
2786235229
1569862805
2792444880
2592797739
1569679342
2592959691
2592814643
2774437270
1569953675
2592858607
1570023151
2683034363
2792549736
2592959387
1569687358
2774416122
2592984553
2592794292
2786325548
2592791869
1570014759
2592813190
1569830175
2774486367
2786244142
2813075283
1569736135
2774441866
1569952265
2593005370
1569827871
2592982042
1736926650
1655476706
1558028037
1569933011
2592800910
2603708420
1569849706
2070048859
2070031967
1569750117
1557636153
2812869121
2774382659
2795241942
1569856672
2683111319
2808467052
1569673753
1570034157
2809044032
2786332066
1736857569
1569917962
2774386513
2070033096
2592830144
1569899043
2592803813
2592871593
2600156278
2593044007
2790209016
1569852030
2592799038
2601476312
1569704408
1569848290
1570025362
1569740803
1569689673
2786319099
2786251071
1569823906
2786313923
1570011431
1569903339
1569917568
2786328905
2070041149
2774480891
2812413828
1570023738
1737775593
2814740404
1556393152
1569732924
2603147853
2774443741
2070054732
1569663392
2812922884
1569870385
1569704257
1569890322
1569736076
1569755388
2070019787
1569682820
2592791032
2592875830
2789362021
1569659503
1569839902
1569667682
1569737596
2774441957
2812680312
1570032288
2774400854
2796230738
2592808871
2592937663
2808211021
2803405240
1569906606
1569927592
1569755905
2070048875
2795302481
2592812876
1569743473
1569672618
1569815781
2592802858
1569816505
2786336321
2593088970
1737070890
2774476498
2774360926
1569680168
2070029351
1569675466
2592836189
2798958937
1556667161
2795193134
2786281417
1569755743
1569871035
1570015381
2774432400
2593010922
1569938306
1569755208
2787808953
1569740345
1570022932
1570015690
1570012353
2592787307
1569741037
1569687475
2592808081
2774499916
2070032212
2774446500
2592963349
2789179075
2774328132
1570007974
1559284281
2808997047
2594577310
1569678370
2592876127
2786313508
1569753231
1737777555
1569852980
1569848410
1734145115
2786323091
2786362794
1569755374
1569938954
2774350513
1569658904
2592984302
1569933605
2593086021
2812605358
1569707858
2592985928
1569942095
1570031939
1569699333
1570006969
1569684856
1569944711
1569682509
1569719007
1569842910
1570028875
1569715162
2592808571
1569828977
1569902832
2592796966
2592807633
2592794240
2680616534
2070031954
2593059435
2774396833
2786315924
2786211925
2593026086
2790148961
2592992837
2786255152
2786227305
1569735086
2774343243
1655743223
1569862691
2801596113
2774399857
1560716656
2592801050
1569871418
1569899255
1569852123
2774392299
1557839580
1569848503
2592843326
1569659575
1560302053
1569715386
1569689380
1570012117
1569828787
2681081432
2807135400
2808774698
1569839393
2774344181
2774393968
2786282428
2786296147
2592807464
1569943400
2807253220
1655646117
1569683539
1569938589
1569663233
2774319750
2786222995
1569659627
2788144995
1569667654
1569809844
2809023732
2593027699
1569692995
2789363450
1569840479
2592862719
2812764972
1569743105
1569941721
1569877505
1569927747
2070043648
1736864530
2593061299
1569718888
1737778980
1569744803
1570009432
2786218112
2808459274
2786238621
2786322196
1569802746
1569735061
1569826326
1569874195
2600257439
2774509760
2070045177
2592863107
2786327997
1569888860
1736864123
2789659521
2792469177
2593028220
2807282249
1569720445
2774441879
2592838837
2592906929
1570033764
1569762118
1569943264
2774384951
1569917044
2789542687
1569674422
1570016966
1569947359
2593055003
1556122598
1569695972
2070035934
2812804470
2799105762
1569913025
2807162592
1569842974
2807125511
1569752409
1569921678
1569669772
2813652883
1738075305
2592788469
2786299577
2593041556
2070048965
2788120238
1570013016
1569835474
2593049086
2774402095
2592796511
2791094821
2809397891
2592798978
1569683571
2592797188
2592843112
1570016815
2809294439
2592811890
2788659571
1557326718
1569927208
2070040184
2593063264
2786312880
1569715351
2593081702
1569891621
1569923349
2592797295
2786220392
2786237131
2790631691
2592966385
1655508697
2786230284
2786217337
2812685371
2592831320
2070067975
1569658774
2592801266
2806869991
2593059229
1569850398
1569739759
2786273829
2787759906
2593110095
2786295504
1569902553
2070015847
1569673899
1569870401
1569930502
1569875477
1569841347
2592901500
2809048609
2592855523
2699594832
1569816994
2600485251
2786221442
1569882663
2594256712
1569913397
1569674777
1655711936
2592800477
2808148684
2592868131
1569897904
1569803102
1570015854
1569888627
2592826523
1569727590
2792954610
1556872017
2813781317
1570040765
2786317987
2812569500
2592984173
2592796660
1569918777
2812766757
2070032156
2799057813
1569917790
2786259751
2592788832
2786239888
1569863039
1569883836
1569820256
1569715253
2070053562
2809525615
2070070261
2787777792
1569836578
1569949573
1569824695
1570017506
1569948501
1570013973
2809434651
1570020011
2594280097
2786326992
1569711298
1569913585
1569915491
1569927225
1569941986
2786284701
2799218908
2593051726
1569813132
2070024715
1569904561
2786319295
2774502480
2808434006
2806721757
2594430183
2786278513
1569681066
2600266102
1569948903
2786219937
1569674182
2795302503
2593011423
2786232480
1569944216
2809006952
1655745225
2592796920
2774360332
2603054080
2809118245
1570006363
1569660163
2070021991
1569702240
2809302724
2592976054
2592793282
1569928338
2786328087
2774359700
1569722707
1570007990
1569743571
2786319854
1570032030
2812746166
1569844326
1569657424
1570016880
2593061525
2593035441
2786322393
2793622231
2070030057
1569816487
2774392039
2788153370
1569757113
2603552041
1569837555
2792905571
1569709955
1569839381
1569915193
2593478290
1569718994
1569839969
2813843916
1569665071
1570014166
1569928498
1569948384
2786297873
2592805305
1569662464
1569820572
2774338843
1569898143
2808527876
2808783041
1569920559
2786234310
2070036022
2070040497
2799091721
2593050676
2592921789
2592790653
1569656226
2808147225
2592812791
2813223026
1569933496
2805487192
1569937681
2592796191
2593094612
1569812190
2592803545
1569696920
1569915429
1570035440
2814012508
2593458309
1569804751
1569877629
1569883060
1569686549
1569871460
1569876502
2592938392
2774321343
2070027397
1569730401
2787812383
2601470850
2593089651
1569897211
2592821465
2788122819
2593037185
2603713959
2774342547
2808995959
2789361948
2592807182
1570007734
1569675435
2786258619
1569694323
2592948785
2592836217
2594274002
1569809075
1569740928
2791058890
1570018075
1570009696
2592807698
2070069078
2593050935
2786356073
2786307291
2603782091
1569660496
2592809178
2786318735
1569818718
1569723559
2774340561
2774516108
1655745266
2070029339
1570016193
1569742411
1737779113
1569677363
1569678412
2799093125
2592797556
2814149233
1569818332
1569918405
1569858042
1569944514
2774389744
1569852298
2593515833
2786251151
2593035425
1569916705
1569679061
1655516094
2786221723
2787995208
1570011308
2801856890
1569716452
1570012639
1569848395
1570028987
2601658161
2600361104
2070017257
1569851558
2786211908
2787809546
1569815296
2786261326
2774379208
2805988517
1570021980
2795302525
1562252072
2786303917
2070038200
1557367349
1569841076
2792988725
2594427528
2774350626
1570027265
2790450524
2808985841
1569670456
2786336562
1570025137
1570031024
2592793582
1570033613
1569806529
2809004088
2807158674
1569874211
1569835994
2786246719
2592796734
1569834466
2070032141
1569852059
2805386092
2774337583
2774447640
1569807861
1570037931
1736857304
2774506262
2814035929
2592811906
2812703620
2786263290
2774351647
1569762451
1569753666
2592788778
2593994651
2786238601
1569912785
2774444087
1556310065
1569836181
1558420837
2602659167
2774370705
1569853666
1569803870
2786255170
2592799056
1569827562
1557818636
1569747922
1569900621
1570024052
2774480607
1569753584
2786235251
2594355297
1569911425
1569746618
1569901733
1569672095
1569832776
1655680120
1569881764
2603340167
2786256612
2795438038
2592805910
2070022169
1569936393
2786260035
1569688484
2774520324
2592796081
1569883690
1569723300
1569884019
2592977745
1569665027
2787937846
1569685620
1569889956
2799629172
1737775029
2594520347
1557818707
2592796344
2774344857
1569687765
1570027738
1556358356
1655676156
2786327888
2774414155
1569841134
2592788452
2598546663
1569665609
2799391677
1655617014
2600420654
1569682719
2774443347
1569687283
2805982333
2786285583
2602412633
1569688104
2601487711
1569675480
1569817705
1569665926
2593076517
2789381609
2592803755
1569753221
1559149155
2592795704
1569665653
1569750444
2792954633
1570029299
2813222970
1569656144
1569713121
1569677132
2592971471
2774318440
1570035343
2786254222
2807525709
2593033416
1569673167
2814380969
1556397741
1569868898
2592795080
2788168743
2795265309
2592798578
1569722310
1559557362
1559600688
2774411010
2774427673
1569695766
2592807858
1570029519
2592858579
1569848039
2774424882
2786323516
2592799955
1569835432
2592987196
1569893351
1569666191
1569889612
1569944479
2592838215
2600282638
2801572877
1569897171
1569719194
2600164927
1569922424
2592808848
1570010566
2592811507
1569761591
2786221572
2592986126
2786212872
1570015889
1569672808
2807162570
2812761722
1569740718
1569674628
2808804467
2806618793
2774335043
1569667203
2786219135
2592798155
2786254686
2070015735
2774393845
1569913618
2774386839
2592895428
1569869542
1570012063
2592799799
2593057191
2774391707
2786321083
1569705151
1569879311
1569848767
2070050415
2594262063
1569739931
1561170281
1569697166
2592803511
1569744257
1570009814
1569676996
1569750537
1560658388
2809213765
1569675262
1569656156
2070038947
1569825641
1556187017
1569715901
1569922703
1569735683
2792444493
1738267454
1570014640
2796913134
1569874810
2592806726
2774422720
2786331479
1655214873
1569659310
2807256078
1569749998
2786235644
1569734411
1569657972
1570024302
2786326183
2786212963
2593031233
2592939070
2812869684
2592839531
2600163782
2593022617
2593017951
1569694807
2774515470
1569675492
2786255960
1569668005
2774499954
1569756590
1570014907
1569712291
1570019312
1569820642
1569948092
1570031392
2792906047
1569664843
1569670022
2600231312
2792690746
2070031941
2786250458
1561447277
1569844087
2786284689
1569948563
2070044760
2774328177
1655469227
2070018186
2792836282
1569888844
2601481493
2070046402
1569715875
1569913064
1556814553
1569691279
1569828658
1570012317
1570022896
2592788797
2789951164
1569667728
2592803995
2594445734
2786301132
2592813642
2788684133
1558859047
1569929790
1569932000
1570029458
1569863063
1569808442
2788013945
1569945899
1569947372
2592793675
1569836998
2592867222
1569671439
2592795611
1569762337
2592819802
1569664344
1569658227
1557325115
2592789581
2070024956
1569658407
1556668097
2786281917
1569829841
1569746803
1569815033
1569906056
2786211577
2070022706
1570008899
2592799140
1558491880
1570026918
1569668378
2592799605
1569883615
1570006746
1569859017
1569762555
1569859625
1569913127
1569662340
1569948441
2787991517
1569910360
2774391255
2774447659
2593016639
2774349944
1569669807
2070037110
1569668901
1569904803
1569855598
1569944638
1569687535
2786331614
1569839828
1569872142
1569841120
1570017752
1569662019
2800732424
2070045959
2774388338
1569749702
2070027987
2593076739
1569842090
2774401572
1736877091
1569670966
2592787886
2774394012
1570016762
2593070077
2774359293
2600157081
1569830342
2070021397
2603830734
2592790669
1569847775
1569822510
1557840014
2593080954
2786245090
1569699005
1736416412
2593031518
2592838556
2592971586
2814035878
2774332233
1569883608
1569917243
1569680154
1570031598
1569738351
2786214719
2594195411
1569921164
2812421778
1569712720
2788221660
2786235705
1569683555
2593087891
1560562053
2795224357
2592823396
2790003397
2774342871
2070022224
1569918556
1560445414
2812508262
1569759270
2774389658
1569943835
1569867955
2592794810
1569671629
2594256959
1655568157
2592815417
1569885756
1569803158
2593054738
2774343488
2809047605
1569916509
2070021895
2786354524
1569730749
1569723286
1560274315
1570027239
1569680351
1569850246
2070038218
1569839563
1569944847
2774358881
2814374426
1569934352
2807252040
1655717569
1569731062
1559613128
2789660115
2592960738
1569865176
2592993528
2599692821
1559956780
1569667863
1569952241
1569718106
1569686417
2786253538
2592792492
1570015191
1569730375
1569944353
2786312797
1655510212
1569668028
2592798047
2786244748
1569735360
1569813421
1569663679
2593035839
2774388844
2788659495
2592795565
1569672432
1569917100
1570010232
2786249741
2786324954
1569716320
2786215548
2809002056
2812766784
2808786561
2593086004
2795418627
2786222100
2786221079
2792823762
2786295416
1569830284
1570016798
2592871883
2786238815
1557024074
1570018985
2774427547
1569660561
1569712828
1569907495
1569948338
2592959417
1569660624
1569838912
1569953832
2774508059
2070026481
2592814817
2792931398
2795384243
2592812085
2592799638
2593050753
2786301837
2786319868
1569864998
1569847392
2774359336
1569918064
1569758664
1569689550
1569950172
1569704270
1569952111
2774358374
2592962809
2786231641
1569737420
2070035781
2592802741
2806869541
2786321296
1569712880
1570040581
2070021698
1569812548
2793212296
2788120354
2795241639
1569857593
2592796369
2592868518
2774345786
2592795876
1569877305
1570035088
2808607431
1655527883
2602735883
2594273296
2774397138
2809042562
2774525017
1569676933
2594253274
1569676288
2593087016
1569762018
2774422703
2808986397
1569915605
1570011293
2070022481
2592791111
2774485662
2808609106
1569893175
1569671139
2786210865
2594290539
1569814292
2592807589
2807151892
1569746510
1558110505
1569758183
2592870055
1569946641
2774409375
2809034873
2603352283
2592792431
2774434603
2786234412
1569674206
2812451817
2600369771
2592839894
2592925179
1569743070
2592805594
1569938504
2790235628
2592965891
1569854971
2786319267
2070048251
2594334552
1570034197
1569839311
1569920959
2600266267
2789928698
2808846906
2786241765
1569667008
1569716113
2594122645
1569877046
2592857960
2592792063
1569752374
2678606012
2801762160
2070041661
2593054752
2601481522
1569674872
2592800755
2789670508
2813222304
1737777337
2070027712
2593032554
2795241736
2592791574
1569876028
1569850374
2807151961
2070031832
2786283266
2593094626
2774495005
2592791739
2601450215
1569696367
2786243051
1569663496
1569850739
1558982527
1569656900
2774495730
2774507252
1569666811
2593043999
2795904877
2786226043
1569758649
2593651059
2592805812
1557585631
1569757099
2786230447
1569913939
2774423158
1569936338
2786308447
2593035982
1569815670
2786297972
1569949556
2592938376
2774362944
1569825783
1654747295
1569748154
2786214755
2799200446
1558234651
1570001080
2813609252
1569902507
2592939050
1569930608
2774337929
1569697756
2786223027
2774420705
1569750374
1569657239
2809109777
2593038268
2592807483
1569717313
2809434570
2593073467
2600161196
1569685652
2592794148
2592945756
1569740251
2786311138
1569946310
1655710461
1569657197
1569668591
2807158734
1569840461
2603080457
1569736063
1569681451
1569930529
1569665491
1569750348
2601053342
2592959434
1556602163
2793084575
2593013467
1569702527
2786260051
2804652664
1569814874
1569904421
1570014695
2592875439
1570009636
2793171834
1569948627
1569734657
1570009130
1569678204
2774400428
1569891109
1569857473
2592802896
2786348688
1569920594
1569719016
1569808955
2789692626
2070032255
1569685659
2801616337
2793009766
2070018199
1569840695
2786390673
1655370133
2774461343
1738160107
2592994431
2592805665
2592851854
2713614475
1570038189
1570015037
2809013892
2786325893
1569739902
2593042386
1569698373
2592963556
1569724972
2792840084
2786332750
2774436848
1569759087
2774451569
1570010942
2592800522
2592801163
1569671049
1569830262
2592797861
1569820126
2070016615
2070041220
2592813553
1569675604
2600380022
2774501836
1570012683
2070069443
2788713914
1569946747
2592964210
2592821808
1569688675
2786435568
2592853688
2592819164
1569822376
1569923220
2593087123
1569660273
2786281439
2786338990
2808469278
2602013199
1558553530
1569672752
1569885664
2592813065
2070048727
2806662798
2814267579
2594310408
1569715403
2592813907
2070054950
1569939313
1569726117
2801476019
2786260691
2592838196
1569820680
1569870109
2592859869
2593091101
1569932322
2070021929
2774446583
2593468365
1569923470
1569906316
2808788179
1570038070
2594539403
2600216641
2774391611
2786222176
2806021366
2774423141
2786212127
1559244969
2786332628
2774402280
1569680083
2795307366
1737205163
1569669730
2592802328
2592974405
1569818866
1561800741
2788290052
2812541461
2598552058
2795206168
2593044046
1569759377
1569900236
1569910761
1569871403
2812679272
2774350664
1569738125
1569812212
2592800702
1569740942
1569918361
2592855356
1569815051
2774442009
2070048056
1569894129
1569715269
2592806474
1569753866
2592950213
2787739805
1569878772
1569834674
1569672400
2808260992
2800732333
1569889915
1569835354
1570038025
1569699231
2592837350
1570009849
2808783002
1557065664
1569831806
2786220324
1569736539
2592830983
1569695465
1570028318
1569682394
2592813892
1570017174
2774410563
2593039750
2786252561
2792775186
2774407466
2593027954
2774357195
1569896900
1569818374
1570029128
1738207469
2786242828
1570037739
2805429130
2812920532
2592961681
1570020631
2592795271
2786314086
1569726048
2786311640
1569838753
1569946865
2812454852
1569869495
1569711108
1569836012
1569945916
2774455555
1736867754
2774443981
2788289876
2786210999
1570037258
2812979931
1570015363
1569816619
1569879174
2792445987
1569927104
1569719117
2786241092
2070025553
2774425321
2593020748
2774370573
1737779078
1569742911
2593028637
2787809213
2774449569
1569742651
2788254393
1569665302
2809019989
1569675314
1570015601
1569666653
2070031731
2592993456
2812430499
1569835859
1569927703
1569913097
2592854316
2592788655
2790530592
1569723315
1655453481
2792914256
2786218847
2774423212
2592808470
2787739859
2809013779
2593101640
2593013449
1655636006
2757874445
1570010553
1569903974
2592948984
2592821674
1559648117
1570014848
2786314050
2592798595
2786313193
2592804699
2070068307
1569948645
2592803017
2593683403
1561226239
1569680643
2592804721
2786352000
1569922733
2809128566
2786218146
2774380458
2786324115
1569937511
2786244958
1569894498
1569660103
2592795206
1569815414
2774388512
2792954587
1570016468
2593063821
2592815269
1570035902
1556188082
2593073769
1569840031
1569734349
2592795999
1655657182
1569828383
2592977987
2592792015
2592841829
1569927243
1569878495
1570016861
1569951323
2786219537
2070078764
2809003638
1569932092
1569875108
2774462588
2676763674
2593059927
2812920451
2070030309
1569681318
2592866199
1569889243
1569822360
1569667758
2070028300
1570017465
1569736313
2774359158
2786323264
1569657811
2676760965
1570008577
2800740300
2594678835
2070016962
1569951278
2774443512
1569697564
2592851335
1569737536
1569889104
1569715914
1569919640
1569822954
1569666091
2789362048
2600600850
1737233122
1570024365
1570010657
2592800350
2786217214
2593994947
1569723258
2593094379
2070017296
2592904883
2592948535
2592824258
2813222840
2786255900
1569660533
1569942646
1569717912
1570033642
1569840156
2592865557
1569705563
1569669504
1569832978
1569871094
1569810355
1569754043
1569756704
1569675588
1569658578
1569709789
1569672679
2774475505
1570016392
1569951482
2801756834
1569938899
2592826098
2593011407
2788125828
1570014192
2677650796
2774441666
2786251135
1569671407
1570027198
2774406211
2774356740
1569687444
1569752550
1569664619
2806618773
2723635611
2774430437
2592973131
2592836933
1569666607
1569745614
2813036408
1569819132
1556100415
2786313619
1569709937
2786219951
2804629085
1569865277
1569918613
2593077990
1569882447
1737773953
2070040875
2592814993
2807256131
2815094874
2790235861
1569684498
2070026409
2786322529
1569663138
1569930360
2593058325
2786315992
1569897156
2786338558
2813018069
1569744819
1569873687
1737778575
1569756937
2808359455
2603703945
1737778196
2594256729
2786324001
1569844816
2774415765
1570011804
1569730734
2807154752
1569888985
2786263121
2788123848
2592922616
1569720353
1737777840
1570034283
1570018676
2786328135
2790929568
1569815966
1569848731
1569689218
2786365913
2786222252
1570035060
1569674557
2786229271
2592856560
1569919462
2774344872
1569875760
2592788596
2786239013
2814374290
2774393378
1569710719
1569732988
2592795054
1569827685
2070020102
1569912342
2070035585
2592793561
2729205189
1570006482
2070016670
2070022720
2592989096
2809015301
1569811218
2600354887
1569730349
1569757630
2774366832
2593496517
1569660578
1569686614
1569722481
2594580204
1569906362
1569719059
2789789204
1737777790
1569753852
2601435702
1569817563
2808789006
2070038774
2774336840
2807135464
1569921539
2592826012
2603162288
2592827640
2786242983
2592806285
2786273685
1569710378
2793197907
2786289241
2803424869
1569747940
1569933640
1570017859
2593054773
1569827382
2786231597
2592969648
2812453945
2808836306
2786219064
1569838734
1569876368
1569819529
2592814330
2790493463
2592869300
2787995298
2774316959
1569741067
2593017612
2774461493
1570027663
2594281465
1569755300
1569690983
1569844885
2788659594
1569940315
1569731821
2592831869
1569717019
1570013307
1570008816
2808995939
1737308326
1569836832
2774452774
1569667772
2808148881
1569700197
2738477910
2786241226
2792515198
1569857366
2789381555
2593080017
2786214737
2774344885
1569673314
1570008916
2592933942
2070044784
2786318025
2774411693
2786355808
2592812239
1655568987
2795438083
1569951459
1569693340
2788713942
1569697294
1736943032
2792906091
2593079801
1655518752
2774503816
2786318605
1569857785
2592807394
1569665057
1655555500
2793108245
2786333010
2788327865
2814015730
2808148991
2795396007
1569853730
1569753982
1569900252
2592825184
1569822337
1569897577
1569697551
1737194323
2788177964
2592795416
2807264551
2593062072
2814512032
2792954956
1570029080
2774375132
2593758472
1569881747
1557283934
2808984743
1569672323
2786261395
1569910412
2786295489
1569754224
2774445450
2812668121
2808771463
2774451155
2806720047
2786362358
1738207638
2774419699
1569673398
2803452194
1569904822
1570027830
2786324942
1655536534
2774393323
1569844071
1569944235
2809004665
1569913170
2786221804
1570041305
2070024128
1569665680
2774339582
1570035241
2774443473
1569827030
1569816697
1570009682
1569746604
1569945429
2814050302
2786386236
2806870045
1569825850
2813877896
1569722946
2786240685
1569929683
2813157415
1569837432
2793036469
2786296122
1569680689
1569686492
1569667037
1570016577
1570008737
1570017239
1569736213
2786255101
2786323841
2592795029
2774373688
1569905401
1569850156
1570012766
1570018094
1569753023
1569821158
2070046781
1737774514
1569818541
1738219585
1569817211
1560765828
2786261800
2676886359
2786313972
1561125279
2786218683
1569692532
1570025249
2592794635
1569860052
1569723355
1556911689
2592845740
1569759608
1569839511
2593067923
1569815578
1569815623
2593020249
2809001906
1570015640
2789954046
2786274551
2792913037
2786261340
2802158475
1569663037
2786316820
2592981650
1569930623
2592849096
1569859422
1569836947
1569934707
1569873329
1569913484
1569806061
2786254755
1738187809
1569915034
2599985461
1569675706
1570029405
2592934059
2774345830
2593109977
2808207109
1556141167
2592860125
2774396665
2798958961
2812437921
2786217415
1569819235
1570016562
2774364655
2786238953
2774344763
1569851794
2592807035
2813717361
1737779666
2592836440
2593065858
2592968665
1569835237
1569886414
1570030654
2774443298
1556826683
1569912237
1569656076
1570028255
1569749794
2592837238
1737779693
2794546564
1737774054
2786272430
2592953190
2070016683
2594514058
2809056290
1569849310
1569762541
1569831287
1569934907
2795186643
2681997681
1569877584
2774403447
1569665363
1569814424
1569697984
1569727627
1569812813
2592798310
2592790059
2808988765
2803191085
1569688118
1569666635
1569668308
1561658281
1570010824
2809419826
2786331423
2801634119
1738137270
2786246210
2600315244
2786256941
2786323360
1558684115
1570006711
1655654473
1569819826
2774351509
1569931239
2774391484
1561257006
2070046391
2774473527
2774335026
2814015204
1569851538
2795304052
1569744448
2786327876
2774442987
2774455631
1569687547
1569674194
1570016781
1569822606
2592801638
2774326734
2786306853
1569899354
1569699714
2593039764
1569804001
1569683107
2592829874
1569851522
1737308546
1558104873
1569913078
1569846636
1569902703
2786273193
1569879031
2070046712
2774402812
2592800684
2774362623
1569901082
1569750998
1569743375
2796913110
1570010091
1569813897
1570007958
1569725918
1569657984
2593103074
2070015795
2593050953
2786309967
1569762426
1655665255
2774426439
1569917582
2592789123
1569938443
2070025849
2808244997
2786235136
1569749011
1570015441
2592789351
1570032361
2803393622
2774392691
2592958441
1569657104
1570012197
1569686071
2793036841
2592796753
1569690632
1570007681
2786219811
2592852182
2814195653
2812732315
1569711464
1734043342
1569708501
1655516355
1569658946
2592848211
1570034269
2788684361
1570013401
2786323191
2592801207
1570024400
1570015812
2593050832
2786215224
2799094427
2806617000
2774340790
2786273238
1569674886
2803432807
2807061511
1569815178
1569951413
2774392523
2786313176
1737079871
1655671256
2808156527
2592929241
1569658549
2592802663
2592966512
2774354128
2594418801
1569688336
1570030104
1569687400
2774373353
1570000291
2592798615
1570008851
1569914680
2774458700
2786244882
2786216727
1569756378
2787809091
1569691628
2593027970
1569705577
1557838265
1569943535
1570020376
2787739886
1569927327
1569738561
2787925624
1569911896
2774413136
2774357437
2774436178
1569662309
2786295271
1569730317
1569939624
1569689974
2807163196
1737778994
1569663953
2793274336
2592863948
1738101226
2774504257
2592841889
2786358879
1557840616
2786238383
2787777853
1569679821
1569679979
2592865053
1569921147
1570016591
1569736296
2592844883
2592827348
2070030039
2786253157
1569816349
2594553537
1569933784
2786339326
1569922828
1569678593
1569851194
1569723272
2070071903
1569716921
2786238893
1569864241
2592834075
2070032036
1569935759
1569879186
1569672077
1569683782
2786319681
2809001493
1569725878
2786274378
1569675421
1569709971
1569939220
2593005343
2774360850
2594317039
1569671865
2774451626
1569754567
2592798133
2786313899
2786319309
2814034678
1570000978
2592836715
2070029526
1569711649
1570029203
1569758131
1569672262
2774398264
2592993558
2593095879
1569757350
1569892567
2592869434
2593110863
2786254369
2592841232
1569817530
1569865128
2774394638
2787755283
2786272339
2786317913
2070046300
1569842727
2592803878
1570011276
2808466999
1569709828
2592792690
2788684240
2592853411
1569815739
2600234791
2070031570
1569726778
1569946280
2070034028
2774390873
1569672339
2758082343
2786273474
1737779306
2774380156
2593390289
2787799496
2792852037
2774343226
2592792395
1569945666
2596861874
1569697603
2786366061
2809003461
1569667742
1662417225
2786322418
2592944778
2592944663
1569752807
1569841828
2787777720
1569906523
1569668425
2593060582
2786297906
2070020871
1569823467
1569816594
1569858785
1569734635
2593082172
1570022915
1569815157
2789875584
1570006420
2070027414
1569694834
1737778605
2774333341
2801768721
2070045259
2592827583
2070022427
1738137284
2787741497
1569948426
2809049655
2592822242
1569670376
2592801402
1570008622
1570031335
2592808889
1569940455
2592859892
2599685326
1570033878
2603291214
2774364680
1569945811
2786256908
2070055007
1569700789
1569711450
1570029786
1569829806
2600827773
1569825707
2787822643
2070067369
2592790341
2774337515
2774503462
1569735566
1569762667
2812761580
2593094534
2786323947
1569831213
1569736161
2812473173
1569688970
2601404813
2799529352
2592803528
2738583059
1569723471
2594488291
1569757690
1569673300
2801702156
2814047619
1569843479
2786292815
2592794691
2594430213
2786242005
2592793325
2786301357
2681096346
2786221503
2599682830
2774429806
2786244272
1569736681
1569676140
2593091655
1569906548
2786246941
1556591551
2810193856
2786257153
2592908819
1569906276
2787772181
1570010398
2599686383
1569725959
1738200286
2788261846
2592831111
2786226095
1569917697
1569818646
2786226111
2774373860
2786323829
1569665509
1570009159
1569678761
1556335926
2593037168
2774345064
2774502372
2593076295
2788961412
1569675914
1569874700
2774357572
2786307848
1569927611
2807128567
2592787270
2786322406
2786328012
2806627093
2814059784
2786271965
2792406277
2789542711
1738198505
2787718256
2807515341
1569850534
1737205063
1569890860
2799379217
2813057075
2774338708
1569916432
2800077990
1569805114
2786249924
2774406224
1569911395
1569664075
2593043968
1569748136
2592858363
2592792134
2593037412
1569899960
2592796477
1569940472
2592977699
1569726062
1569657326
2812795541
1737779719
2592806321
2805364405
2599701042
2774441905
1569948758
1569886601
2070035046
1569755402
2808989013
2809003968
1569753609
2592801433
1558369619
1569746841
1569685133
1570008592
2792922016
2774446463
2592801353
1734001541
1569710994
2070023055
1738176938
2786280320
1569889970
2592827752
1570006772
2786219991
2792909113
1569907295
2592830563
1569840500
2070047275
2788714192
1569664328
2786284269
1569713261
1569847953
1569656289
1569843041
2070030363
1734749912
2790493592
2774414959
1569823291
2594464253
2786284667
2593647813
1569889231
2593010516
1569888799
2793248906
2774411579
2786292942
2592831241
1569706759
2592799423
2593050437
2786300722
1569663595
2787719997
2592958397
2808986695
2786253681
1569952147
1569921367
1569940616
2774376962
2786272327
2774336090
1569670952
1570028781
1569698115
2786243796
2603085800
2788713634
1569947936
1569685719
1570017810
2592795651
2786285292
2786215602
2070068211
2592831000
2792928390
1569665184
2787818890
1569703681
2801617268
2774469487
1569696042
2786289794
2807128507
2792722190
2070045538
2812746216
2774386673
1569929154
2787903586
2603520318
1569749823
2774399538
1556845135
2593033311
1569812423
2593011375
1569750224
2592790742
2592796035
2774458515
2810270337
2592817696
2592917044
2812761704
1569808817
1569945390
1569747503
2774475644
2774387220
2786253983
1569710267
2786215369
2786283109
1569948327
2592979314
1569848789
2070027162
2786238532
1569870180
1569686521
1556820927
1569915377
2786218668
2786214487
1569951265
2808243642
1569681940
2592869315
1558481778
1559140817
1569809181
2812790157
2592793691
1569933509
2774428126
2070022297
1569733896
2792598297
2786300973
1570028910
2774437794
1569716567
1569874183
2809056344
1570009182
2592810116
2600212779
2786275634
2592792199
1569666372
2593079787
2795241987
1569698960
2070030296
2812670627
1569754262
1569812565
2787770560
2070046590
1569837238
2809003575
2788120378
2592992973
2806616983
2812750907
2801865985
1569836397
2786424013
1569692694
1569665265
1569906303
1569666697
2787772115
2592799294
2786219147
2812565754
1569889463
2594056700
1569892992
2814322537
2788713797
2786255641
1569665639
1570017190
1570037945
2786256501
2592827414
2796434976
2809118204
2070035231
1556397631
1569680822
2601426125
2593059460
2593072333
2592869736
1569869924
2786257325
2791082056
2774430205
2592811269
2593064067
1569868563
1569949525
1569713251
1569674317
1557908773
2594764543
1569690044
1569864363
1569848857
1569807949
2786313249
2774446300
1569885882
1569883636
1569665595
1569703033
2786222237
1569716379
2785385438
2070048809
2786322782
1569715597
1569750836
2774434764
1569670907
1570040806
2795438702
1569716333
2592801233
2786272351
2592842659
1569879018
2070031630
2070044667
2807128489
1570033735
1569888815
1569874518
1569710315
2594463664
1569947544
2592817110
1569893947
2786347291
2786328075
2774370963
2774457600
1570016515
2592932398
1569677068
2786313162
1569683393
1570008188
1569870441
2593012558
2786279247
2786307406
1569926917
2593098587
1569893979
2070017205
1556117166
1569878061
2593011521
1569850281
1569815703
1569865012
1559623830
1569806992
1569718338
2070038786
2774349226
1569825410
2786319337
2774438135
1569662480
1569665568
2808772127
2786272055
2592836663
1559223522
1569884104
2789201019
2799422772
1569715979
2600295154
1569752249
1570030264
2592820784
2807061580
1569658960
2594524539
1569913721
1569847747
2786216848
2786313875
1569685423
1569665101
2786351831
2786299835
2809019948
2774525120
1569918120
1569943242
1569662047
2774394827
1569946677
2592817975
1570011993
1569815310
2680036470
2592794269
1569656376
1569685363
2786220312
2787919483
1569728013
2592798026
1559745676
2799057864
1569868379
1569759363
1569820718
1569832333
2070045509
1569921443
2774499931
1569757840
1570031739
2592954525
2792599620
2812579496
2786323203
2808627671
1569687556
1569842599
1569920635
1570006890
1569817262
1569665251
2592815970
2788287304
1569906176
2600159394
2593044016
2592797123
2070027088
2774344807
2774367163
2786319770
2592882589
1569937640
2594261791
1569818913
1569826281
2812569541
2592806814
2812441815
2807161976
1569661306
2070022088
1569818947
1569831405
2786282468
1569915052
1569880576
1569848718
2592801368
2592820192
1737308308
1737777635
2774396639
2592973708
2592994537
1569872066
1569830161
2786342431
2592799277
2592791161
2774417328
1569903542
2592865547
2798965147
2809148336
1570040624
2070017878
1556527351
2593033283
2786301299
1569932109
1557777030
1569881565
2681906584
1570024004
1569743766
1569914813
2070021722
1570037811
1569835843
2786217587
2786237119
2786323421
2592831130
1570016258
2786322734
1569762071
2593093484
1655741498
2774424676
1570037792
2592796170
2592787992
1570011474
2786219105
2592792217
2070035742
1569830476
2807765042
2600256556
1556422339
1569675287
1569837671
1655741362
2786353827
1569832578
2592840911
2070022601
2592957624
2796634127
2813044535
2792931720
2592829635
1737779792
2592809431
1560292851
2809086092
2796634071
2786212079
2786300338
2593037200
1736876759
1570016950
1569693506
2786216820
1569667334
1569885486
2774373506
1569894411
2786219076
2774353014
1569661542
2594382884
1569755448
1569844217
1569943316
1569659641
2786328258
1738155279
1569869829
2788287282
2794573646
2592971405
2592806747
1569943565
1569949512
1737774386
2592806384
2592934183
1738122841
2789545823
1569900701
1569866639
2593054185
2792505345
2795396081
1570030830
2813221133
1559177727
2593083563
1570026121
2600484417
1655726608
1569859568
2795656303
2070067714
2592838289
2070069884
1569900714
2787732532
2592803975
2786234023
1569829133
2786326914
1737777228
2070031097
1569846092
2774351343
1569673717
2592802981
2592788168
1569876456
1569948610
2592821972
1559282991
2774447678
2789526302
1570030891
1569743018
1569679424
2786287202
1569803833
2806619427
2786295058
2809590550
1569696846
2594553936
1569802657
1557446060
1569675342
2786294982
2593005327
1569827994
2807282994
1569932268
2786348201
1569946912
2592956422
2592830538
2814139509
2786275016
2600158647
1569708316
1569928910
1569744002
2808995026
1569667831
2786274426
2593088588
1556083516
2592803196
1569938365
1569921254
2798966124
2593001993
2774341299
2804612639
1570027802
2592790021
1569946295
2789807881
2809109797
1569682705
1570017897
1569841084
2786287791
2786212330
2592813945
1569677118
2593046699
2601430474
2774462858
1569749416
2774422735
2795332244
1569679496
1569921523
1569663090
2592802045
2794802906
2786358597
1569829273
1569900584
1569736244
2787991397
1569816839
2786326902
1569910525
2070046159
1569803145
2774441821
2676757905
2786320120
2592795828
1570014950
2795306638
2797122404
2799629134
2774395658
2796434807
2593069818
1569877614
2786247574
1569938334
2774362883
1569872605
2788713993
2592989157
2774319268
2592838607
1570035850
1569729451
1569917807
2592822907
2603672976
2795193712
2070016990
2786275193
2774449698
2070028572
2786231917
1569828255
1569761790
1569919499
2592815529
2786319043
1569841203
2774519695
2593085914
2070031903
1569835887
2774515756
2809042518
1569945364
2683041528
1569666567
1569946553
2786240952
2592820421
1569930014
2786273555
2070047867
2592800663
2774452607
1655514452
2788153424
1569942577
1570017782
1561209691
2786218770
1570030003
2786319085
1569949080
2786323528
1737777206
1569868167
1569695104
1569710646
2809002260
1569830316
2774360385
2592796247
2786302264
1569676725
1569897197
1570013380
2593039724
2592821838
2786240672
1561220326
2786211702
2593005310
2786344203
2592805159
1569910833
2592793166
2774424814
1655567862
2677411824
2809307074
2774413831
2786291929
1655511579
1569679021
1569897244
1569921596
2592968979
2774502197
1569666044
1569808906
2786293032
2070035019
1569740657
1737779706
2592790711
1569902466
2786248272
1569923402
2592966102
2786221454
2593759771
2592796416
1569870874
1569871619
2809047645
1569688692
1570040847
1569890461
1737777249
2786319826
2678092308
2807462792
2592800379
2795332266
2592814002
1569666687
2592830553
2799174144
2599693018
1569868326
2774332281
2593064823
1569828475
1570031978
2796634024
1569727640
2786276574
1569943225
2593023381
2792839826
2786284581
2786329292
2786348600
2592982220
2774362237
2601483647
2786291881
1569872905
2600150294
2786225092
1569743696
2592808436
1569754661
2786352658
2592801908
2786310396
1569661075
2594253596
2799386810
1569672185
1569814506
2774455698
1569836211
2593069986
1557076218
1569842540
2070017218
2786325064
1569666262
2603416016
1570032241
1570010297
2786239805
2593046275
1569672137
2592828020
2787819059
2593032659
2592945959
2593044227
1569847211
2774329328
2592791687
1569734215
1569819077
2774350428
2774328476
2812451624
1569692703
2774341312
1569937629
2592808793
2810193822
2070077208
1569927770
1569912280
2774370217
2774359917
1556335588
1569892508
1569947842
2808145178
1569906072
2807264118
2592793467
2786312731
2601402755
1569947269
2593396576
1570010188
2774449588
1570017023
2592796146
1569715640
2793253181
2774445463
1569716346
2593018861
2786222194
1569882208
2592941401
1655117487
1569718200
2809001453
1736900566
1569736752
2593079815
2786286480
1569712483
1569730807
2792923906
2592789289
2774413117
2786317901
1569917708
2786237483
2593034683
1737114848
1736882932
1569951505
2592971222
1569906205
2786237780
2786218859
2794802884
2592865700
2593037357
2592941679
1569754176
2786218883
2809195326
2593061509
1569658191
2809071151
2774397121
2592806459
2592789618
1569755186
2786323179
1570009829
1569820983
1570038611
1569918295
2795502115
2592800740
2786364194
2814217930
2786299692
1569696960
2789946922
2593093079
1569803634
2070068673
1737237507
1569928276
1569815435
2592813155
1570026865
2814196628
1556527048
2592803960
1569668780
1569666785
2807302322
1556347528
1737775304
1569709322
2809049056
2600158610
1569918823
2678023429
2787822765
1569939397
2786259897
2813223665
2593052053
2786245498
2592798110
1559509860
2592826224
2592990494
1569762054
2807958378
1569814411
2796433939
2795428672
2787763186
2592980229
2809003060
2808628837
2070040823
1569932823
2774360943
2592958383
2774316978
1569892346
1570017845
1569930577
2592955997
1569835411
2601402985
2070048093
2800732381
2786256481
2786324551
2592822046
2786328693
2592812621
2787808815
1569879287
2682216835
2795302420
2812759013
1569949267
1569688322
2786313328
2070039442
2795218869
2808991240
1557837245
2592805397
1569911044
1569873802
2774523525
2774435566
2790493662
2592799679
2812746442
2592875812
1569861137
1560436095
2593005756
1569848959
2774324596
2603560320
1556283556
1569947044
2592812756
2786256972
2593044036
2601439256
2809049575
2592795548
2600238809
1570011020
2786239941
1569928994
1569669034
2808207224
1569701858
2592963045
1570027307
1570020444
2786320986
1569803396
1569874773
1570008081
2788177916
2809133883
2792954671
2793622269
1569910263
2592805013
1569665333
2592865244
2793654589
2592886821
1569916618
1570007932
2593094748
2786221623
1569918702
1569664792
2593005684
1570007719
1569753694
2600230716
2774441834
2592966045
2593039818
2813221096
2070024307
1569819678
2592802595
1569937991
2592800061
1738187587
2593648651
1569838132
2592810625
1569912396
2070070591
2593097427
1570020688
1569658564
2793544295
1570008173
2592824228
2774401498
2593041538
2070015780
2593010990
2808615641
2774400415
1569888576
1569832546
2813717326
1570007327
2786314098
1569938473
2809145625
2787996016
1569854312
1569912079
1569836593
1569898551
1569941852
2786319840
2592798369
1569754354
1569715134
1569942382
1569687673
2592801450
1569709837
1569753878
1570010865
2806869976
1569678155
1738273690
2789718746
1737007039
2592827089
2592805838
1570015763
2795430307
2593643940
2774431032
1569891636
2592851898
2809145607
1737213387
2788011256
2592805326
2593111733
2788659942
2807135324
1569816410
2592808153
1569913410
2592812682
1570017290
2070039821
2592842767
2592830369
2774319857
2603914984
2597799022
2789928777
2815037481
1569944017
2774328819
1569662588
2813740091
2808216901
2786316568
2807407468
2592813623
2603310344
1569852559
2788289957
2801871739
2593019505
2070021536
1558369715
1569804851
2592983336
2070022416
1569684110
1569839844
1570031122
1570014044
2592792775
1569665834
1570011204
1569892393
2774344436
1570015942
2774505439
2786258663
1569922751
2792997111
2789951099
2786324127
1569708328
2774321550
2786321095
1569677628
1570009311
2592803941
2801756337
1570017768
1569946194
2593620294
1569910742
1737774104
2594277868
2774372802
1569919435
1569950131
1569914927
1569671341
2786299382
2592815948
1569873919
1569917596
2807158716
1569949345
1570007901
2593069972
1570030737
2786252944
2593051670
2786239914
2774391799
2774465552
1569945323
1569836383
2809042626
2793072821
2602905453
2676757315
1569755312
2793109909
2593354160
1569675161
2786291187
1569670415
2807162634
1569677730
2592813841
2808991395
1569660819
1569934989
2592852420
1569692429
2808532309
1569913217
2070046695
2600235633
1738198537
2798999680
2774344559
2786243516
2813212602
1569737251
1569840577
1569716912
1569697540
1569664360
2070030322
1569846015
2593104722
2592854083
1569930660
2592799567
2070022541
1737778471
2593094788
2676758410
1569921003
1569803784
2809152336
1569899387
1569893913
2594255184
2592844164
2812831871
1569932126
1569666621
2808211004
2801617738
1570008876
2774324834
1569882042
1569847731
2807516580
1570028861
1569919300
1569845301
1569835957
2809398631
2070028708
1569906099
1569803918
2790490333
2786223011
2787730010
2592795138
1569803464
1569676386
2808616121
2592808453
1569897609
2807135514
1569845882
1569736111
2774334291
2813844089
1569859593
1738153348
1569913438
2786246649
2786330391
1569890367
2796438571
1570024245
2774458631
2677438497
2787819077
2786313593
2592796016
1569696832
1569838490
2678015329
2592843347
2794802928
1569926987
2786276853
1569662295
2812598419
2792835859
1569739280
2786254998
1569804105
2592796940
2774382447
2774359898
1569871336
1569889564
2592820216
1569683755
1569880883
2792494410
1736894852
2792897832
2812890275
2792818466
2070054961
2593096831
2786231715
2592804681
2774454580
2774363740
1569670613
2786284959
1569691659
2592811792
2774351372
2796433898
2592799105
2809138192
2070046311
2592800729
1556386811
2593014985
1569855965
2070048953
2787806245
1569716089
2793654565
1569849289
2594255593
1569655987
1569837351
1559149106
2070044973
1569719424
1569887150
1556092690
2070016899
2788974930
1570034513
1569692073
1569806979
1569900310
1569836539
2594283522
2593666048
2070046644
2808610479
2790456212
1569928214
1569657929
2786344006
1569684452
2786274835
2592875203
2070067986
1569930489
2787810984
1569831642
1736443296
2787737772
2804653116
2787872315
1569658485
1569715196
1569912969
2786216244
1569709647
1569916085
1569873605
2593090610
2593075878
1569742587
1569733969
2812832566
2786305301
2592863509
2593028857
2592845223
1569711422
2813036384
2602410065
1569677199
2592864244
1569736722
1569952282
2592788134
1570016483
2786328028
2592914403
2774407018
2603990448
1569928225
2592988138
2792836857
2808148663
2592840736
2774393207
1569902772
1737237433
1569912989
2594258607
1569745409
1569877288
1569822102
2601430670
2592805267
2594330396
2592815252
2774390982
2786212299
1570023243
1569753105
1569821363
1569756990
1569953479
2603159901
1569849274
2592803216
2790441674
2786317789
1559283039
1569661568
1570033482
2593037229
2593995497
2070048312
2812679249
1569907400
2786310420
2813223049
1569824369
2774450834
2788123901
1569742256
2592799334
1569903066
2786346070
1569820917
2809434552
1559385169
2738445906
2592794470
1569900603
2786296159
2788144951
2592869338
2774392014
2774402998
2593063801
2592894496
2592794490
1569672507
2070053603
2070015765
2592831567
1570040635
1569666222
2786309352
1569892056
2592866294
1569844960
1569891409
2774342101
2813036362
1569671819
2812433078
2603735731
2600155386
1569700095
2774342852
2809071437
1569849614
2592969227
2786238933
2788132296
1569730415
2805478756
1569932384
1569673743
1570032607
2799091542
1569890839
2774342814
2774503166
1569851336
1569713551
1569944161
1655717995
1570015925
2786273518
2809038520
1737777536
2805426288
2600235565
1569843509
1569661044
2789363521
2592990722
1737778040
2786340076
2592791426
2786276564
2774393418
1569829286
2793172948
1569814176
2786278055
2786256543
2808415651
1569864349
1569747062
2592815397
2809040512
2774408817
1569918104
2807154835
2786274591
2786313911
2793238066
2786223422
2600518824
2786240200
2592798693
2592811330
2070023467
2786282976
1655621152
2787799876
2786319695
2592793650
1569906219
2812758966
1569920314
1569932541
2787872234
1569905978
2774404212
2793059888
1569802672
2787811008
1569754057
1569905932
1569812172
2070044686
2808630232
1569938624
1570039536
1569869710
2592809160
1569729302
1569887751
1569743489
2070033582
1569715839
2786325921
1570011102
2592802996
1569853688
2592882016
1569880364
1569875302
2774420975
2774445001
2786323699
1569903987
1569888785
1569929740
1556972831
2812541687
2070044849
1569950830
1569948799
2809012693
1569852015
2786224965
1570028891
2786328123
2592794654
2593084225
2592839950
2595013514
1569915891
1569906782
2792840736
2594427388
1569715570
1569838245
1569906757
2786257165
2070029235
1569854843
1570032637
2809144021
1570024132
1569668062
1569879768
1655699847
1569691905
1570014537
1569715816
2801626134
2592946786
2807154283
2774386773
2774391453
2814047654
1569682277
2774441808
1570011363
1569902902
1569843202
1558824381
1570014711
2774345968
1569833673
1569850518
1570041252
1570011334
2593039796
2592890418
1569709923
2592994116
2786319071
1570025049
2070020148
1569747633
1569932142
2786293468
2786368117
2592796715
2070016088
2788961675
1569732013
2592856458
1569667394
2787850658
2790493210
1569949923
1738160403
1569922148
1569944182
2787771510
2796434887
2774443125
2791159868
1569920615
2774436045
1569757824
1569710427
2792877815
2808147243
2070048822
2592801338
1569949000
2808148730
1569825726
2786240795
2593013974
1570018564
2791055340
1569897029
2592840877
2774446315
1569666799
2786323059
1570006791
2812512630
2592799073
2070018264
2592787594
2799040182
2787724210
2592959213
1569668439
1569806736
2070045138
2774400006
1569850264
1569732971
1570016346
2601426301
2594253412
1559527596
1569699383
1569843162
1569820738
1569762088
1569900550
2592796901
2786235864
2786218871
1569897086
1569803536
2774405336
1561263926
2592805535
2774327232
2786322794
2809213838
2792818588
1569747019
1557106717
2593032669
1569743127
2774350545
1737188593
2774501161
1569728237
2774443486
1569738445
2774386864
1569942923
1569723142
2592918015
2592799157
2774373489
1569658610
2070029776
1569868577
2592867735
2785665014
2789361842
1569882345
2593050265
2594523148
2808359473
1655465432
1570015115
1569736341
2592851649
1569672053
2592976147
2793163300
1569900024
1569666593
1569848675
2806621128
1569896918
2774422555
1569901455
1569836969
2792985719
1569851030
2070022005
1569750866
2774373117
2592848274
2678017822
2786309203
2070016730
2070078140
1569817235
2812831896
2070016975
2774452671
2592978607
1569835669
2787809114
2592969164
2593014387
2070016912
2677391063
1569933888
2593048146
1569913550
2801635724
1569837402
1570011691
1570014592
1569757949
2786319057
1737779377
1569825802
2070027912
2593064639
1569708759
1569840742
2593485105
2808991222
1569715966
2809109675
1569706817
2786305357
1655471093
2592806895
2774446048
1569918533
1569756544
1569755931
2808152046
1569845828
2592965478
2774482338
2774508525
2786323853
2592792046
1569893005
2786282445
2774422798
1570032372
1569678398
1569682071
2786237768
2789532054
2786275151
1569937716
2786254596
1569838537
2597709096
1560017016
1556984236
1569891589
1737779526
1569810073
2786223402
2786312618
2786237954
2070031425
2786221466
2774403462
1569724444
1561205415
1569916770
2785663044
2786363957
1557084144
2592805443
2592790040
1569908019
2592801489
2786323816
1569741922
2774362413
2791257674
2786251103
2808144766
1569692342
2786309909
2592892050
1569819662
2592791644
2602683393
1737777596
1560284160
1569848135
2593051122
1569680281
1569660520
2774456200
1569893295
1557777284
2794578474
2774403881
1569673767
2813735340
1655467410
2070048606
1570011904
2593087411
1569809233
2721019628
1569816544
1570033720
2786336588
2592787440
2813738599
1569681543
1569837128
2601470896
1570037302
1569803251
1569894487
2592840041
2592791144
1569872020
2788961460
2592801285
2593029311
2791159924
1569862997
2786219461
1569951694
1569840622
1569831847
2592803145
1569695959
2774365913
2774351561
1736123815
2600510429
2807525726
1569660506
2787772564
1569696738
1570011124
1569657131
2806011889
2774423785
1569867668
2774455473
2774390598
1569681257
1569688707
1570018057
2809040407
1556668371
1569746813
2806011994
2592815161
1569703735
2786211081
2786221820
2805484286
1569658595
2793274542
1556283625
1569812731
1569668092
2774425348
2791111467
2592868047
2786322710
2593039782
2604019313
1559385239
2774436261
1569747972
2799238800
2787809171
1569754489
1569701579
2070070380
1569726417
2592868910
2592792928
2786235495
2809039392
2592796052
2774392957
2808811547
2592945407
2794584714
1569671980
2593061283
1570026938
2592805634
1569836450
2592806797
2786243015
2789118312
2774498940
1570016278
2070041342
2808613748
2786291897
1569942952
2592796992
2774437918
2600156427
1655494551
1569812044
2592845608
2594086561
1569678835
1569656704
1569713916
2790493308
2593068637
2601406390
1569659206
1655615268
1569839087
2787903099
2601471636
1569923260
1570023000
1569884543
2774451136
2807523228
2592865494
1569818110
2809021520
2787808047
1570027788
2592950445
2786260743
2774378447
1569850577
2803458343
2592795451
1569665972
2814036068
2592975776
2070045231
2774505192
1569685263
2592935954
1569820961
1569899233
1569818281
2786211412
2070045823
2735849094
1569679089
2786259562
2786323348
2795775485
2774441970
1569849321
1557284521
1569936222
2774389952
1569762037
1569723128
1569870616
1569685289
1569668872
2732359684
2786295236
2070033448
2070067729
2799316214
2774503936
2592977715
2592985411
2603015515
2806021838
1570039926
1570015002
2592864983
1560438479
2593022877
1570016647
2070044731
2592794363
2774399403
2593059395
2795238394
2774393598
1569663911
2786358947
2805488119
1569838835
2592848229
1569666250
1570015136
2786295381
1569914203
2792550655
1737227215
2594354881
1569838089
2592985367
1737779099
2070026861
2601421304
2774457630
2786272712
1569659518
2070016486
2774516851
2786299504
2799800386
2600213716
1570014933
2786364537
1569918499
2592826079
2786327004
1569680522
2774410995
2788659546
2592829435
2786322935
1569669093
1560466042
1569730045
2601511481
2792899546
1569843095
1569698909
1556084648
1734283228
1570015552
2787818435
1569727616
2786300198
2806021971
1569677688
2774371433
2774442691
2593054428
1569724500
1569868549
2774466546
2070050838
2774392205
2809032134
1569882963
2786263240
1569937947
1569875561
1569685747
1569947286
2786322770
2070024881
2786216649
2786275001
2592984124
2592788690
1569667668
2592813463
2592821857
2807163076
1570007014
2070017707
2786326979
2809006988
2774424825
1736577155
1570010669
1569826926
2786318039
1569850301
2593058365
2593041079
1570017665
1569753638
2774387577
1569741673
2786296344
1569670403
2809001786
2786222284
2070054903
1569683669
1569660433
1569853014
2774328148
2801596392
2592966166
2814126714
2592789393
1570015489
1737777291
2787809189
2786313947
2786212937
1570040912
2786225001
2812416217
1569679884
2593035941
2070044822
2592942128
2786219050
2593055858
1569720372
2593103427
1569914750
1570007661
2807124829
2070045524
1569834305
2809049971
1570028216
2592976175
1569832204
1569751899
1569906248
2601420594
2808991180
2592871807
1569848570
2592812553
1569674006
2592792793
2592802371
1569922526
1569862109
2774500362
2597705291
2786271750
1569802636
2814325975
1569686403
2592861843
1569691267
2592817827
1569891659
1569912472
1569672724
2593022289
1569808488
2793163322
2774349845
1569824232
1569667482
1569953597
1569750238
2792999227
2593094570
1569860584
1569665088
1569848997
2796766202
2592984834
2786364857
2774419714
1570009328
1569680264
2592813513
1569920576
1569659141
1569941609
1569845234
2787937780
1569722365
2786226079
2774367027
1569689165
1569712816
2787992575
2070047025
2600297097
1569674331
2774345805
1569841797
2594454947
2792404325
1569674600
2592803564
2787808722
1569697468
2594254849
2786212347
2592797450
2593064413
2070027533
2786326938
2787808364
2786216074
2807689245
2774326565
1569898853
2592968473
1569802869
2070019390
1570021804
2602894026
1569908084
2786282409
1569822322
1569803068
2812685328
2774444942
1570000243
2592965417
2815094925
1737775315
1737776202
2592805797
2594801893
1569837515
1569743752
2786256335
2593017640
2786234048
1569927634
2593059419
2592963062
1570009296
2812680293
2786312994
2592797682
2792835615
1569821245
2592797378
2592795686
2805487278
1569935740
2786299808
1559620874
2774352192
1569711663
2592801385
2801625170
2774409140
1569681833
2600502055
2592836820
1570028704
1655214727
1569667262
2786313237
2814232194
2070021739
2601437474
2601416785
1569679611
1569736624
2593092035
1569715262
2592922664
2593035373
1569884088
2774410921
2786275770
2592793872
1569746494
2593032572
1569806928
2793009743
1569859530
2786285807
2786211458
1569747954
2593061578
2774349417
1570015346
2593028957
1569694501
1569949803
1738194124
1569802994
2593036060
2786261142
1569663407
1570015830
1569727167
1569897541
2774398848
2592868148
1569832283
2601516953
1569900678
1556430265
2812761684
1569812981
2594583713
2774471097
1569749098
2787818414
1569945140
2809028382
2813740129
2774373370
2592790607
1737779819
1569857812
2787715659
1569906191
2795658295
2799002557
1569674672
2592858342
2786215297
2786321202
1569890788
2786331602
1569817423
1569882952
2774412140
1557333415
2592796678
2592829698
1569888918
2808221513
1569728250
1569672245
1569913957
1738187572
2592802838
1557023765
2774438817
2786323926
1736865935
2594272120
2786308365
2593091052
1569677857
2070021771
1569716934
2070029821
2070050822
2807216834
1570041152
2592975032
2786220517
1569913228
2809030080
2592814366
2592792865
1569667363
2592830334
2593037213
2793172971
2774406860
2774371110
1569754672
2774337948
2774500537
2592789709
2812808758
1570034539
2070015407
1569727896
1570038041
1569668571
1569750948
2592868950
2796435065
1569872709
2786276659
1569715927
2592958420
1737777367
1569942908
2600365549
1569825130
2592805925
1569668919
2793197926
2774373285
1570028765
1569885192
2592790760
2786253997
1570011628
1570032680
1569754768
2812990740
1738210938
2786241170
1569917628
2774373054
1570010624
2592831149
2786306795
2592829261
2593089769
1569930515
2815170096
2774431931
1556282108
1556829086
2592807415
1569700758
1569695639
1569657039
2803416567
2809035826
1569950930
1569948245
2793388098
1655605030
1569726499
2801844538
1570027343
1569848614
2592975614
2592788028
1569944733
2786240657
1569884731
2786261686
1569806245
1569752276
2592856631
1569682216
2592803252
1736441928
1569687950
2786219963
2774385951
1569841854
2774428041
1569853612
2593605058
2786300703
2786212904
2813284792
2787819143
1570021635
1569739220
2592984262
1569912318
2601427197
2786224981
2814036001
2792849187
2786313717
2793253257
2786221871
1569885056
1569759584
2808150537
1570028099
2786217427
2774368723
2800639098
2592796810
1569870453
2809006041
1569919247
2070039989
2592805882
1570014768
2787771436
1569751014
1570026747
2593022857
1569844176
2799408770
2786257125
2596049661
1570035265
2600590606
1569912768
1569676919
1569666673
2592797477
2812673033
1569675620
2796437974
2774523552
2788846613
1556343609
2070035393
1569819901
1655625469
1569950188
1570028472
1570034145
1559668381
2592793795
1569875463
1569673731
1569754475
2592803910
2786276321
2813781402
1736302321
1655673180
2774499497
2593023687
2809028859
1569886494
2792549959
2774331658
2070038755
1569673059
1569913046
2592959161
1569822916
2786309318
2070023343
1569753085
1570009279
1570007387
2070045033
2790631580
2774329996
1737774523
1569832694
2600375312
2786221888
2796437906
2786319323
1569879229
2808992299
1738211032
2787991493
1569874047
2592827463
2786252509
1569803958
1569836814
2592856541
2792913060
2792954656
1570034214
2786222954
1569919066
1569820040
1569746991
2593033196
1655614979
2603624485
1569937978
2774505469
1569660255
1570040569
2786315938
2774443501
2786241214
2593019858
1569939380
2809144038
1569826653
1569761656
2774441795
2594253365
1569892749
2774441918
2592860484
2786235164
2592810179
2774406821
1569941869
2592814750
1569688268
1570028543
2593623380
1569826875
1569951711
2592795316
1569811511
1569952194
1569903356
1569872771
2593087081
1560539807
2792432317
2786241728
2796458652
1569897522
1561406991
1556539544
2812782418
1569741050
1569738102
1569757404
2786336862
1569884122
1569727607
2786239686
1569803424
2593064489
2774428090
2814144782
1569752646
1570035290
2601600867
1569929705
1569703754
2592797597
2070047750
1569664748
1569703721
1569734026
1569916166
2592869274
1570026974
2793059841
2786321190
2592803097
1569864656
2774389820
1569840543
2786344958
2592843305
2786364776
2774367629
2814511974
2592839493
2787723446
1569883803
1569703977
1569807554
2774389983
1569887166
1569893964
2599683328
1569940603
2786294189
1737777130
2792837661
2786235876
2592821304
2792851670
1569948410
1569911206
1569931302
2805993537
2592813533
1569916781
2792866531
1569945720
1569675274
2786299678
2789376058
1569911018
2792843217
2812411434
2774365930
1738191778
1569697617
2786216795
2594553339
2801866771
1569749462
1569670054
1569943368
2592795934
2593035409
1569878036
2592789782
2774336575
1569753446
1569942690
2594261537
1737777014
2774441996
2600158438
2786295252
1570015331
2774436000
1569675943
2786443017
1569892012
2592944997
1569946451
1655540109
1569673364
2787741728
2808783060
2774472741
2788289930
2792501787
1569731613
1569858612
2593032608
1569686840
1736876776
1569693601
1569739954
1569953702
2774387195
1569871389
1569923328
2798998423
2592800122
1559852508
2786238993
2070071661
2774516292
1569818781
1570037540
2808145543
2774373336
1569677890
1569953880
1569911086
1569837113
1569906233
1569830421
2680348261
2070045080
1569865209
2774393995
2592796494
2593039738
2804957242
1569833961
1569834182
2603079216
1569738311
1569724226
2070039372
2786325967
2786234940
1569947723
2600316256
1570011235
1569704299
1569674858
2592853947
2592802351
2592908919
1569806409
1569681881
2786321310
1569885649
2774440849
2593032712
2786315280
1560341929
2592789726
2774503755
2807161827
1569947582
2070068660
1569734011
2774441892
1569683433
1569668527
2808986821
1569881870
2786318749
2774398296
2809030790
2600268575
2792923770
2774392548
1569803660
1569894399
2806627846
2593013129
2774435455
2774452637
1570041415
2070028559
2592801470
2593074031
2592854596
1569708112
1569948486
1569874982
2774419110
2592800498
1569891938
2788481471
1569951390
2592954172
1570017878
1655208169
1570009081
2070020297
1655711669
1569839751
2786334204
2592836426
2788123870
2814028946
1569935142
2593011753
2788120286
2786217820
2809059176
1655566609
1569759231
1569750934
1569756357
2774339735
2774359683
2592951974
2786231844
2792999428
2592799776
1569680877
2592891999
1569676943
2774396740
1569670294
2809028822
2070043604
1738124354
1569680410
2807151044
1570041048
2774388865
2592843473
2812476429
2592841867
2786227371
2786323075
2070035330
1569697431
1569928259
2786227957
2790530320
2786321133
2593033180
2808627712
2592810607
1655510911
2592824246
2786255558
2774427800
1569676315
2774492620
1569658748
2592801511
2592798237
2774482789
1569807271
2789178939
1569838340
2774349668
2593013938
1570009981
1570015269
1569709360
1570016531
1559161668
1569826739
2793191110
2793274488
1569828869
2786297009
1569861267
2786322722
2070033511
2593049286
2593022932
1557716021
1569948834
2774504393
2774507836
1569816576
2808806004
2787811099
2774443823
2774318279
1569744841
1570009965
2799002509
2787771597
2790493277
2592814978
2592801856
1570026884
2793274358
1569858130
1655724664
1569905952
1569711329
2774401602
1569670068
2774441944
1569805742
1570006201
1569694794
2786325336
1556192029
2809030844
1569692670
2593018107
1655501589
2592869679
1569953989
1569682085
1569705439
1569816244
1569850600
1569664270
1569944441
1569706017
1569922843
2592993693
1570018750
2774396795
2787777836
1569916195
2774504441
2797072214
2786315912
1558553377
2592971194
1655456113
2810241730
2070069660
1569671351
2786261628
1569746632
2738446649
1569937903
2786248226
1569890246
2592828170
2812478895
2790149014
1569668076
2774373194
2786259765
1569693544
2774443579
2592831267
2592832200
2774393395
1569660151
2070029760
1569858034
2774328104
2592819313
1569915706
1569927061
1569898040
2808148899
2786326950
2070026225
1569942190
2676665399
1569666579
1569695842
2786309291
2594553493
1557776894
2774406633
2786346888
1569671021
1570037903
2592943287
1569673027
2774338421
1737778246
2807765192
1569840708
1736441967
1570016329
2786294680
2594294844
2592794930
1570040776
2592796528
1569660756
1569753596
1570021073
1569871322
2788130726
2799174082
2592994990
2786288133
2594098849
2592867095
1569947956
2809005833
1736885009
2792931610
1569826236
2774484569
2808615222
1569852849
2786295079
1570034343
2070048591
1569736708
1569870927
2786300239
1569847973
2070077507
1569871487
2774420525
1569882741
2593085765
2795309537
2593027434
2774318068
1569905997
2786313863
1569676054
2592799744
2789361971
1569715487
1569950958
1569943850
2799316185
2786257139
1569674132
1569848336
1569890661
2593678608
2774364380
2070016644
1569857740
2787748934
2592976161
2593010356
1569671266
2786246118
2774401281
2592807929
1569675189
2592820250
2070019485
2809011445
1569949591
2070022926
1569934690
2815126754
1569943329
1559177176
2809000394
2786315268
1570014259
2786329304
1570024289
2786212316
2786307784
1569948978
1569743266
2593054717
2808244848
1556802822
2592862906
2593085467
2786213722
2600297801
1569843892
2774428103
1569920363
2774415794
2592793370
1738183995
2791159822
1569659952
2788055797
1569680602
2774402612
2774351739
