1468048543
1467865831
1174059419
2767657
1468041105
1467986632
1468122927
1468351029
1468050627
1468141313
1467885799
1467872033
1467920391
1468163322
1468046730
1174059463
1468007824
1468351044
1468220209
1469327340
1468141305
667046396
2604439664
1469376573
667046363
59937929
1468285036
1468373121
1467870680
1467904948
1567645188
1467887892
1469411255
1467887441
1467918521
1468096608
1468047422
1468007701
1468007787
5490989
1467866691
351223381
667034690
1468046716
1468041098
1469389359
1469425213
1468050008
1468373128
1469369283
1469389128
1468046694
1467902722
1468041038
1468270886
1468010840
2604439752
1468099331
1468116051
1468373114
1468024822
1468217942
1468217034
1469383229
1468047413
1467868118
1468373143
2604438717
