1468244802
1467975900
1469335069
154655146
1468043867
1467894952
1468086936
1467969511
1468075684
1469294107
1468018671
667042634
1469375324
1467966542
1467979305
1468451088
1468293590
1468160670
5485376
1468082160
5246079
1468010648
1467877141
1467890812
1467894065
1468047774
1468098057
1467872423
1467917752
191988592
1467920311
629228237
1468302789
1468374902
1469429917
1468300228
194058756
1467986477
1468011609
1467896427
1468374958
1467874654
1468118376
3004004
1467907537
1469288899
1468044620
1469333022
1157831129
1467898131
347375715
496099903
1467872625
1467878978
1468008763
1467883803
1469399184
667034408
1468313457
1467879445
1467917177
1467976152
1468002124
1569575885
630067963
1468008821
1469396875
377867937
1467908585
1467875858
1467871750
1467877411
510812848
1468025890
1467899424
1569593751
1467896591
1468324376
1467879018
667032006
1468007711
2647510955
103047057
1468285355
1567829573
1467917156
1467979959
1467886687
5465154
1468014159
383213448
1468047077
1468190412
1469334213
1467898364
787375939
1467903511
1468040259
1468374966
1157831107
1467911343
1467877604
1468714065
1467888594
1467915175
190967556
1469347702
1467979968
1467871630
1467881193
1467975262
1469286943
1467917966
1467918460
193808821
1467975816
1468300125
161304261
1467878871
1469300400
1467923888
1468300244
1468045657
1467877629
98371333
1467984489
1467878835
1468363743
190967545
146688921
1468077267
1467976048
1467971022
122587715
1467919787
45987930
292802
1468285371
63169727
1468346523
1467878555
1467876810
1468162623
1467887798
1468308506
1468288786
529547138
378938223
1467885566
1467878335
1467900620
54482363
337020305
1468002286
3005328
1468049783
179913543
1467972257
1468012296
1467977475
1468324992
1468134444
1467935311
1467877208
1468023720
790253278
3708936
1467877551
1467932396
1467932827
1467890981
785922314
1468200688
1467975826
191343811
1468346515
