1469335633
1468045856
1469355642
1469419953
1467873324
1468381235
1467896799
1467910959
1468098265
1468011893
1467887879
1467878199
1467898309
1468045229
1468046849
5448577
94890401
1467905391
124563508
146688767
1467920026
1467883030
1468672135
1467975209
2792575
1468306463
1468097930
378937033
1467913312
651611295
1467878601
1467897467
1468717808
1468046402
1467986365
1467938196
1467892046
1469395952
1467900133
1467873580
2756730
378704738
77321
1468118328
2998305
1468049344
1467885307
129319778
1467878268
1468054135
1468097922
1468042924
1467932954
1468308650
1467932442
1469430913
194077374
1468043984
29758512
1469402817
115215861
1469412359
1467994741
1469368745
1468218804
1467886730
1468011372
1467900456
687648
1468049164
1467913883
122138382
1468079396
1468040421
1469262794
122280467
1467883459
1467899206
2661980410
1467985050
1469309671
1468367588
1469300476
170982134
1467886466
1569772068
1468356295
1469292984
1467887550
1467928724
622050361
1468428976
1468278816
1467886980
1467910391
171498803
1468046822
1467885079
1468024573
106790437
1467922223
501141808
1467975778
1467919245
1468371833
1468260865
1467994873
1468040461
1468300173
1469364576
348277775
1468353658
1467923905
1468264751
1467910702
1467878188
636796945
1468330541
1467873313
1468046259
1467878225
1467877736
1467889928
1468170932
349313739
349731146
1468058347
1468308642
1467936701
1467924024
1467886125
1467876496
1467878458
1468063846
1468167515
1467897007
305747815
348882731
4407767
1467901632
172732233
1469388122
2604439219
1468011656
1168968566
1468308466
1468098297
1467975141
1469356970
66195470
1467876560
1467978187
1467892254
1469300322
1468045100
1469356027
1468370061
1467970934
1467875985
347135246
1467884369
299814479
1468174117
1467900262
1928145
1467986387
1469292932
1467982595
138018465
1468039577
1467994780
1090806234
1468020459
1467913598
1468181808
176441879
1468279798
1469347909
2369146
1468164454
190967567
1468045664
1467918943
1468300220
1468043903
1469422011
1569793065
1468163116
1467910339
1467875296
115445870
95572399
1468368381
1467868090
1468032369
1467874158
1467935532
1469318805
1469432051
168116841
1467919774
2644087936
1468017310
1468010692
2634725616
345948949
1468305337
1469253737
1468010861
1468135122
1468043971
1467894597
1467900858
1467994505
1467978271
1468010606
1467976035
1467983276
1469360789
1468048928
1468220201
1467886235
1467894490
1468707016
1468012588
411249412
1469370922
1468299981
1467876008
107614607
671553655
1467975230
110981745
1467975862
1468338188
1467915696
1468049952
503061554
1467895044
651247073
191142417
1468300212
1467916053
1467882096
1468012320
1467910461
1467869737
5461670
1467882503
2908595
1469341199
1469433695
