1468071357
1467975990
1467886607
1468348512
1031425153
1467873025
353317091
1468341784
1469396599
638484273
1468375887
1467884734
125065571
1469414215
1469391417
608573732
1467900927
1467895264
1467875846
1468034720
193558320
359591152
122926603
1468018124
1467893972
787598592
1467902587
486891108
1468019272
1467892965
1467900207
1468024260
1467880004
1467879524
1469380739
1467890574
1467913386
1467902576
1467871215
1468002051
1467881636
1467876613
1467887498
1467891611
1468012885
1468047240
1468098826
1468039784
7281120
1468015933
1467870496
1467916648
1467937279
1467877482
1569589874
1467904354
1467910810
1468165504
1467888390
187187929
1468213212
1468040079
1106261562
1157281366
1467883157
1467911591
1468359558
1467894816
1469382710
1468205472
1468159709
1467888318
1469349149
1468308074
1467922942
1469336069
1468409408
1467905923
1469334016
672343012
1467907362
1467911560
1467910471
1468034703
1468308114
1888927
2693937
1468046632
1467874207
1467917051
1467965407
1467898142
1468332750
1467879231
1468371122
1468013038
1467976306
1467866677
210356694
1469336121
1467907163
1468028533
1467878398
613170513
1467868692
1467917204
1467868450
5449136
511321613
1468308058
1467883851
1468047458
1468047860
1467910899
2211264
1467944747
1467875539
1469314627
1467906730
5345506
788044382
1467883243
1468007040
1467872213
1469377691
1467876067
636987713
1468024250
3529
1469415469
1468034711
1568576335
1468046813
1467876178
1467871406
1467910914
1468120684
1468055374
1467867736
1468010592
1468197202
1467910797
1467917663
278989958
1468370069
1467909362
1468014376
1467890527
1467892784
1467978336
1468044599
1467878676
1467887659
1467886510
1468011647
1467875006
1468022055
154912011
1467875034
1467902407
166412133
1467934672
1467870890
1467880519
