380592959
1467975242
1468277679
380042430
1467899053
282818792
1467976024
1468310831
346649386
1469387853
1467898557
1467986229
61103881
2702083
1467975944
96225376
1468117160
1467911611
1468307954
5489144
60530393
1469319879
166067123
346903694
1168580195
1468015586
1467917143
98897360
1468282331
637199775
1468278924
1468162361
1469381553
1467904723
121787785
644220474
347542167
690128
98905473
1468018145
1469362368
112820110
1468009477
1467925702
1467898083
1467932841
1467883737
1468039828
1467897293
1467903975
1467896405
1468008811
1467867255
794588607
1468048408
1468373202
1468039862
1467899889
630136731
1469336564
1468223891
1467917979
1467886536
1467877163
1467975836
1468011618
1467975849
5445305
1467975920
1469406469
2642238
1468030701
121555656
1569604393
1468009211
1467903042
1569780246
1468025741
1467912116
1467911171
1469312942
1468048803
1468267960
1569604268
1467879552
6257054
