2601414677
1655540109
2592830334
1569859823
2806721757
1569848055
1569849462
2787763186
2070031570
2593079815
2792905571
1569935740
2788120378
2792446012
1570013085
1569947842
1569939205
2592802595
2592802838
2602410065
2786252509
2787726641
1655743223
2592796660
1569877046
1569817563
2593046275
2593050690
2786275016
2774409356
2788123870
2774388512
1570028704
2786319057
2809019948
2793274293
2592868950
1569888799
2807282994
1569724325
1569738511
1736877091
2070054903
2774335043
2790455661
2592814330
2592948785
1570030264
1569679580
1655621152
2787903099
2601399855
2774388044
1569851336
2793212296
2070022541
1569837432
2592801385
1569698960
2786351831
1570016781
2788287260
2788254327
1569848503
1570014907
2592929241
1569929740
1569750387
2774502044
2774337720
1569692020
1569756544
1569678155
1737777673
1557585631
2592854316
2600216641
2786316568
2786263240
2592989157
2774461343
1569878772
2593022950
1569820961
1569706856
2774419699
2593086021
2592803097
2786309352
1569684498
1569743127
2592805159
2806784443
2786256543
2593011521
2600221136
1569727472
2592840911
2600156278
1569663090
2592984124
2603037428
2592836454
2592985928
2592798089
2774370527
2774408817
1734043342
1569704299
2786215353
2786313887
2592807633
1569742813
2592963669
1569899233
2812888507
2786325907
1569681436
2593103427
2603713959
1569838089
1556121788
2070027414
2807765192
1569932823
2786241226
2592899929
2786241728
1569848039
2774445450
1569665265
2814043925
2786241307
2602894026
1569828383
2774350014
1569875239
1569859568
2592787440
1569663380
2070048953
2786231844
1556335926
1569719117
2603085800
1569722481
2593010922
1569743696
2593032608
2786295058
2812780448
2600164927
1570017845
1569884122
1569911395
1569816505
1569913618
1569932229
1569750374
1569928910
1569918533
1569900465
2786296840
1570015095
2594334552
1569862718
2786326950
1569664314
2593023381
2070031832
2774395658
1569946061
1569753609
1569917100
2592987335
2592799485
2592793650
2070045823
1569907495
2815050271
1569657797
2808260992
1559287111
2774432400
2593076145
1569669748
2070017296
2070077208
1569666635
2787811099
2792944347
1569693845
1570017562
2593054717
2592975145
2594418801
1569947372
1569850739
2774443125
1569900151
2070029526
1569818281
2774326734
1569675161
2793172948
1569666372
2592788469
2592820784
2592807464
1569903637
2594255593
2599985461
2812732315
1569715134
1569661044
2774386513
2592803755
1570007387
1569710315
2592836189
1570014192
2786239393
1570014848
1569681451
2070018315
2786239914
1569816487
2592799692
1570008737
1569950930
1569857486
2774441944
1569894520
1569923532
2786215369
1569696832
2774451974
1570028875
1655476706
1569658079
1569670456
2792985719
2592973708
2792851670
2786216918
1737777840
1570034197
1569668062
2786313863
2774345204
1569832204
1569701430
2786212330
1570012620
2786214378
2592805646
1569710413
2795384243
2805982333
1569944310
2786299577
2592805812
1570016278
2786217820
1570015269
2786237119
1569692703
1569944881
2592855356
1569662588
1569659121
2594195411
2594553339
2592792793
2592796789
1570017990
1569730045
1569662295
2808806004
1569673899
1569848570
2792999181
1569747633
2602735883
2774509760
1569803068
1569803870
1569730317
2809059176
2070046725
1569683433
2786273967
2786319071
1570027830
2786367474
2774449030
1569700412
2786323059
2812670751
2592963556
1569919300
2774391707
1569911988
1569807949
1569942690
2799174082
2592977412
1569869939
2774332281
1569663247
1569893947
2812673033
2676864894
2804957242
2592977894
2592789726
2814740404
2786318247
1569758335
1569916464
1569680602
2592812682
1569731821
2787727663
2592958441
2593093484
1569921045
2786323075
1569869710
2786221723
2808985841
2786221572
2774324834
1569817630
1570010781
2787819143
1569723128
2774423212
2808991180
1570021105
2593059395
2789332720
1570027021
1569749385
2794584714
2592869679
2809013779
1570016682
1569842491
2786231641
1570028472
2774458700
1569736087
1557841422
2786347291
1557106717
2070024715
2812766784
1569880829
1570033685
2070015795
1569930058
2786211877
2592838556
1736894852
1569946128
2757874445
1570020116
1569863576
2800732424
2787812473
1569875617
2795304052
2774508059
2601446815
2806870045
2786312880
1570034283
1570007958
2786349550
2592959213
1569716868
2786310781
2808243642
2593065858
2592795611
2592810033
1569827030
2787737772
1736885009
1569868379
1556393152
1569882304
1569742587
2681096346
2786297972
2594254849
1569816167
1569918823
1569941704
1569688791
2807264551
2774396665
2809185090
2809419826
2592965478
1559625101
1557333415
1569917596
1737777790
1569692429
2790235628
1569684056
2593013938
1569693340
2600162216
1570006984
2812685328
1569846339
2803393622
1569666811
2812418306
2774424882
2814035929
2808773692
1569816544
2786323360
2786211925
1569688118
2070021345
2786294680
2601476312
2600158252
2592830538
2592807881
2592831000
2592814978
2807283051
2774360385
2812746442
2594427388
2786284701
2786282468
1569671687
1569878036
2786299382
2070031097
1569667334
2786284959
1570018094
1569891659
2807061580
2593013974
2793341208
1569750031
2592807326
1737778471
1570006439
2593022289
2786325967
1655741498
2809025610
1569668872
2812679249
1569715196
1569670415
1569715262
1569734202
2593109977
2738445906
2786274835
2601416785
1569674469
1569829273
2070026178
1569694711
2808989013
1559950702
2592804681
2070044879
1570028654
2070029562
1569881870
1569831213
2774436261
2774340790
2786324001
1569896900
2787799496
1569840156
1569657960
2594262063
1570015020
2786243015
1569839969
1569736189
2592795080
2786297873
2593027764
2774411693
1569682719
1738219585
1556826683
2592958383
1570027239
2787777720
2592789975
2601439256
1561406991
2786252561
1569724406
2593011753
1569686840
1569744803
1569918405
1569872033
2070077507
2592813270
2592787270
2592791056
2786255558
2774338421
2814034678
1569854349
2805426288
2592811792
1569944638
2592977745
2799387684
2592827089
1569722365
2592810834
2070030322
2592826079
2774473527
2786214737
2593033196
1570037540
1569750159
2593041538
1569807150
2592982220
2786289794
2786354524
2774418140
2592792085
2809012693
2592814062
2600510429
2774357572
2774391453
2593022800
1569666102
1569881845
2792818466
1556186189
2787724210
2592853269
1557326718
1569917962
2592796170
1569678593
2786323091
2070025553
1557065664
2774328132
2593061525
2809000486
2738446649
1569684006
2796438645
1570009081
2774392039
2791257674
1569680560
2677391063
1569690712
1569706839
1569704257
1569742911
2070048312
2808615641
1569888844
1569696960
1569852138
2786326979
2774410949
2786295252
2592805305
1569829477
2786274359
2786280872
1569921539
2809590550
1569877305
2593614476
2774397138
2592801450
1569808955
1569683523
2774373506
1559599712
2806618773
1569805114
2070070170
1569752249
1570018807
2774425348
1569882963
1569945255
2070054877
2592798133
1569672185
1556117355
1569659194
2786288334
2592826098
1569951694
1569705941
1556397631
2592963045
2593043968
1569948834
1569679952
2592945407
1569658595
2786322770
2593515833
2796230738
2786356073
2786260743
2774452774
1569857660
2593081702
1569838986
1738194124
1569910689
2593091101
1655739499
1655514452
1569815623
1569665539
1569921523
1569843095
1569684023
2786474334
2787808047
1569912668
1569948410
1569673587
2070028708
1737213387
1655680120
1569826875
1569906176
2786358597
1569667668
2592971222
1655745225
1569898729
2593089769
1569762337
2786220312
1569736341
1569698909
2786366061
2592869274
1569890839
1569678939
2592803528
2786234877
2592836440
1569940472
1569712720
2786231917
1569879311
1569743724
1569758977
1569715351
1570017859
1569812883
2809019282
1569874211
2592980229
2592983744
2788013945
2786316556
1569837555
2592803252
1570030029
1569806529
1569914680
1570035440
2774500404
2808148730
2774477750
2786257125
2592869434
2592921789
1559149155
2592790653
2774316978
2786328710
1569750850
2774435566
1569678218
1570037903
2592801856
1569717031
2788153370
1570011124
1569901455
1569746632
2593011407
1569938022
1569674916
1569917790
1569720372
2786240672
1737102571
2792823762
2786313193
2786221820
2786355604
2786323179
1569938624
1559668381
2790530592
1569672123
2593028637
1569759584
1569913397
1569666222
1569938504
2790456212
2808627732
2786234048
1569705172
2593042386
2592965891
2593666048
2593011335
2786313899
2592810116
2786302264
2814051647
1570038189
1569906056
2787726569
2592820192
2788221660
2787771510
1569750984
1569656900
2801596392
2592787992
1569659518
2774318279
2774373096
2786344203
2600361104
2786320986
2774403881
2792445987
2592848229
1569728013
2813036384
2807689245
2592801433
1569697756
1569674194
2786326938
1569753852
2774503936
1570014179
1569679061
1569947448
1569666579
2809302724
1569900550
2070023467
1570037931
2592819978
1569656827
1569912785
1569951679
2592821808
1570007990
2787809377
1569837498
2774373117
2592863509
2070046590
2786319337
2592802858
2786220324
2592790760
1569752374
1570006791
2786274378
2788974930
1737233920
1569688310
2812579496
1569917044
1570006746
2774419091
2070046391
2593618290
1570016966
1569951413
1569666417
1569760627
1569671819
2786348688
2592824246
1570009279
2787903586
2592807373
1570029786
2593059460
2774351739
1569666003
1570030003
2774442035
1569758131
2592803511
2593088970
1736943032
2070067714
1569825673
1569942937
2594281465
1569762037
1569715570
2801544195
1569662019
2592795999
2774352995
1569675189
2809134690
2787726658
2786358865
2592894496
1569762018
1569687444
1569815781
2801625170
1569757855
1569725918
1569919435
2592992973
2801828335
2801633026
2774373688
2676820692
2592802741
2592836426
2592805423
2786276676
2786352000
1569683782
2593456815
2593094423
1569839828
2812675286
1569919640
2681081432
2592854083
1570029519
1569938939
2774388338
2813201979
1570014537
2786226111
2774401602
2808466999
1570015471
2592808889
1569874528
2809035826
2799375256
2593085914
1569911031
1570040912
2600266102
1570013380
2787809189
2774367027
2070038218
1569755208
2786212079
1569730375
2774441847
1569682277
2774344559
2592801103
1738207638
1569680168
2786261340
1561209691
1569870401
1569746803
2786272327
1655590500
1557777284
2809004222
1570008899
1569666621
1569915823
2592870798
1570000978
1570011540
2809013892
2786238953
2815129390
1569853730
1569703977
2786211577
1737777536
2796634127
1569942908
2774425321
1569665491
2809213838
2592954726
2788714192
2678606012
1569709955
2593028193
2592792015
1559745676
1569754224
1569699714
2592868148
1569870874
1569871474
2774328819
2786261616
2070017707
2593069972
1569667262
1569926781
2774350664
1569802869
2774505454
2787729964
2786238383
1569657118
1569949556
2799002509
2601450215
2813156928
1569755300
1569759363
1556527351
1570017465
2786313717
2809042607
2676757905
2593075878
2786223382
1569837351
1569677363
2786296344
1560341929
2786365913
1569668901
2805513700
1569655907
2812761704
2788959647
2807082888
2808789006
2812433078
2788713993
1569933640
1569830316
2786295416
2786237966
2786310513
2070030793
2601430063
2592811345
2070023141
1569953832
2786220517
2786315268
2592796247
2738478176
2788846613
2592806474
2600484417
2593095055
1569892508
1569843892
2786248987
2593101402
2592990494
1569666731
2593055916
2774380946
2774391859
2786277467
1569738291
1569666785
1569951711
1569928225
2070078764
1556915804
2807152017
2070027712
2792909113
2809032134
2070040823
2592798693
2774392014
2812478895
1569912237
1570012475
2786254892
1569659471
2795186643
1569840438
2786235876
1569819678
2809039392
1569852298
1569825802
1569752680
2774392239
2807154283
2592796416
2774349417
2774388357
1570033720
2786244272
2774427800
2788144951
1569893849
2812804470
1737779526
2592838539
2593009940
1569750866
2592794470
1569739759
1559648117
1569666191
2774422735
2592954172
2774516108
1569675492
1569839902
2070024785
2592984173
1569902703
2786297009
2789692626
2792836857
1569834615
2593759771
1569931637
1569841084
1569716346
2070016912
2592842659
1569746991
1736882932
2603560320
2786283266
2594085360
1569752893
1569906233
2070069647
2774344900
2812473510
1569658549
2593044036
2786308952
2601493929
2592977111
2786276659
2592994990
1569756990
2592802803
2793274336
2774423609
2813075141
2592832200
2786257153
1570035241
1569897505
1570029299
2600164403
2592856560
2592789000
1569892749
2593055003
1569865277
2786238815
1737779377
2594255184
2774402940
1569841134
2787822748
2593043950
2592917044
1558982527
2774495730
2592815703
1569852015
1569908019
1569743571
1569688484
2593094570
1569683669
2070032255
2786300198
1569916509
1569872110
1569734215
1569803549
2809213856
2813717361
2070068660
1569882345
1569945502
1569698115
2070023055
2592815586
2787777836
2592977699
1569715148
1569890860
2813781402
2787730010
2786286716
1569892056
1569680083
2805478756
2809005833
2774391546
2592829235
1569696042
2786255960
1569935142
2592807858
1569917849
2592801368
1569906072
1556668097
2814036115
1569659627
1560539807
2593076517
2070021961
1569710572
2810193856
2592829698
2790450524
2593077990
2812667788
2774373353
2593014985
2070016657
2774373889
2786321083
2786292815
2808995939
2774354109
1738211032
1569848767
2070044784
2592848211
1569660433
1735762721
1569890461
1569838132
2593012558
2786323516
1570028987
2813222304
2592858899
2786317889
1569663496
1569679821
1569923328
1569679021
1559527596
2774503816
2788129597
2592801402
1569680822
2806993076
2786300338
1569904803
2070034084
1569945429
1569830148
2593645853
1736876759
1570009249
1569742651
2774349546
2787809091
1569824232
1570040581
2593104722
1569937991
1569820256
2786238893
2790494980
1569831847
1569696367
2592851994
2592831567
1569716912
2814512032
1569878495
2592792865
2774461493
1569953496
1569715162
2593022857
2774505520
2592796901
1569699005
2799002557
1569879768
1570008592
1569723517
2593080017
1737007017
2592800702
2798958937
2601437474
2602412633
2774385978
1569682705
1569710719
1569695842
1569871418
2793654589
1736857304
2786282428
1569817705
2592889030
2774509152
1569663679
2806616983
1569835994
1569948426
2593005370
1569937511
2592794654
1556100415
2592831111
1569891409
2593010990
1569943368
2786313947
2774393378
1569697551
1655724664
2786310420
2786273555
2592795500
1569754328
2788713914
2812764972
2786321310
2815094901
2793165032
2592827660
1569683539
1569880883
1569681940
1569848789
2593059927
2807523228
1569812172
1556911689
2803452194
1569853014
2793197926
2787741497
2808992281
2812750907
2786235864
1569715901
2807256078
1569672432
1569938365
2592799140
2592812876
2774359917
2807804423
1569666567
1569899306
1569725991
2812579458
1570035800
1569705151
2721019628
2592797123
2789178939
2801702247
1570030654
2774362944
1569825410
2774389820
1569737420
2592789372
2774505192
1569914854
1569948691
2799057813
2603079216
1569804105
2809020559
1569662699
2793109909
1569741037
1569679035
1569913517
2774362237
1569656226
1569754661
1569930623
2594283585
2592848274
2774458515
1569898337
1569906782
1569806245
1569741001
2786224965
1569709837
2786219524
2774414959
2808146254
1569894460
1569897086
1737777498
2774442009
2786318039
2786248226
2786316820
1570017117
2809191645
2774402263
2070033395
1569820680
1569667037
2593035441
2070022706
2796766202
2774435455
1569823906
1570034145
1569897197
2800754139
1570010721
2774427547
2594280097
1569815670
1570009814
1569716921
2592806633
1569685363
2592801233
2600158438
2593031203
1569737536
1569825783
2785665014
2592996177
1569883836
1570006363
1569676386
2774428126
2792931398
1569945140
2796433939
1569939787
2774324596
2593054428
2774507252
1569685747
2804612639
2774493031
2786240701
1569681196
2792840736
2800740300
2592867222
1655484817
2070071661
1569748136
2809006988
1569741084
1569947286
1569739917
2786216795
1569751899
2774446300
1569826221
1569913939
1569716031
1570010553
1569671439
2812421864
2774482789
1569717292
2592793675
1569815435
1569839087
1569680546
1570040765
1569740345
1570016329
2592838607
2796434807
2070029776
1738182178
2786324127
1569659575
2799200446
2786212610
1570016880
2805487278
2592974283
1570007719
1569657197
1569848395
1569662535
1559956780
2786323699
2799529352
2592800477
2592796035
1569695766
1569676302
2592800350
1569897891
2774341364
2788121409
1569739220
2787771597
2806869541
2806662767
1569845301
1569668132
1569818781
2786273779
1570014808
2786299692
1556826078
1569921147
1569870943
1655510911
1569953479
2070069660
2774345968
2592892050
1570041415
1556141167
2678473248
2601516953
2801634119
1569917582
1570016950
2788680520
1738155279
2809030844
2593095879
1569902466
2795265309
2593067923
1569946553
1737205063
2774359683
2787718256
2786275756
2801702156
1557076218
2600158610
2594556124
2807084570
1569868167
1569730401
1569850156
1569750444
2815170096
2786368117
2592808250
2786281439
2786243796
2774440258
1569911425
1655568987
2786218146
2786261686
2774498940
2786287202
1569715816
1569812548
2786312898
2070055007
1569674206
1570009981
1569944368
2070040875
2593496517
1570015346
1569724587
1569753446
2070021536
2789526302
2592858342
1570034214
1569823632
2604579143
2601406390
1559620874
1557022540
2592827348
2809000394
1569730362
1569749794
1569672262
1570021635
2594086239
2786211081
1569910574
2808811547
1569754043
1569678141
2070026481
1569845234
1569943720
2592814643
1738200286
1570007901
2786240739
1569937681
1655197234
2774502108
2786249741
2774486367
2786253983
1569848857
1570016762
1569756590
1569877288
2786301132
2787872234
1569826926
2789492008
2812437921
1737779693
2592806726
2806718825
1569756937
2593087891
1569673255
1569820126
2592800740
1569952241
2786275193
1569835609
1570023151
2799379217
2592803878
1569936222
1557478850
2809052819
1560292851
2774508701
1569897609
1569870306
1569672095
2592851335
1569695691
2774390598
2786211244
1569943242
1556238199
1569842974
2592976147
1569805055
2603147853
2592958355
2592802896
1569753584
2812675241
1556820927
1569688526
2592994431
1570035343
1569676288
1569674422
2592965434
2774359247
1569945475
1569682983
1569897522
1569752058
1570037302
2592808871
2794802884
2809002260
1569667742
2787809791
2592817110
2809071151
1570011628
2809434570
2593517336
2808207224
2808982921
2070039821
1569893979
2774431878
1570023000
2786215602
2594273296
2786273238
1570016468
2786220170
1569730749
1655741362
1569874061
2813717326
1569863589
2070016975
2808211021
1569674600
1570038025
1569697166
1569691267
2799408770
2808615222
1569854971
2795302525
1569715640
2070030363
2600161196
2786313162
2592984302
1569830476
1569954110
2788132296
1569921367
1569902668
2592800079
1569723678
1569878046
2070030039
2808777076
2812473224
1569755112
1559623830
1569906316
1569697590
2786288548
1570033613
1569947723
1569738445
2070068211
1560465902
1569666539
1569812981
2807690018
2786244958
2812790157
2774420975
1569742256
1569897171
2592845223
2592844164
2793274472
2070033582
2070045509
1569816994
2799040182
2592789289
1569884543
2774340561
2786273518
2814036092
1655518752
2786218847
2786319695
1569921173
1569673314
1569658735
1570017665
1569857061
1569666799
2774410995
2593005327
1560716656
2812454852
1569670054
2592827752
1738480150
2676980565
2788254349
1569951278
2604019313
2592794635
2808988765
1569927327
1569847953
1569879174
1569902397
2729205189
2592981044
2593076739
1569931239
2592875439
2793042047
2808986821
1569942112
2809086092
1569941869
2774412157
2592938392
1569819755
2592867095
2774336861
2787716236
2070016990
2786274257
2814322537
1569833808
1570009182
1569669034
1569723186
1569918556
1569923402
2812479058
2602749038
2790149056
1569693544
1569871619
2812761580
2592950445
2808611571
2603352283
2808988801
2070022664
1559385239
2774413846
1569940302
1569952194
1569664133
2593084225
2813036408
1569883060
2601481522
2786254596
1560466042
2592812791
2594488291
2786301357
1569917628
1569738561
1569754768
2787809213
1569717313
1569734231
1557798807
2786221503
1569717923
1569953341
1569953702
1569888627
2786322442
1570013401
2788239007
2774450864
1569900584
2788289876
2593087123
1569950334
2786223011
2809003968
2070043648
1569711422
2592992819
1570024004
2813844089
1570015191
2592819802
2786225092
2786313593
1569760935
1569946912
2795241736
1736900566
1569753161
1569850301
1569743752
2786253700
1569803158
1559177176
1569917837
2786315992
1556972831
2786363293
1570026831
2774344436
2786327876
1561800741
2070015847
2792922016
2592809178
1569679667
2592866294
2070029235
2592865053
2793388098
1569949573
2592798369
2799140006
2809013529
2809040512
2786325548
2593094379
2812668121
2799189590
2812758986
1569927061
2070035781
2592793200
2592824228
2593061509
1570008916
2593468365
1569951662
2812477513
1569932000
1569918777
1570000243
2789362021
1569946280
2070029339
2786221454
1570010297
2815037223
1569816285
1569940616
1569660227
1569835411
2786233274
2786235644
1655471093
2774441957
2786285583
2593019858
2593013129
2592807801
1569889956
1570017782
1569867668
1569733046
1569949610
2592944663
2786217337
1569850534
1569951390
2592842401
2786364194
1569828787
1569739902
2788049356
2774370705
1569673717
2774336090
1569804001
1570010232
2070047867
2070054426
1569687400
2594520347
2600256556
2786325064
2592813155
1569916770
2774428090
2774446500
1569953597
1569713261
2805487192
1569934690
2812575718
1556438923
2774377617
2070046402
2774476671
2809015301
1569667728
2774344885
2602739413
1570029080
2786309909
1569913078
1569826281
2593067021
1569727590
2593022617
2787809546
1569870109
2786249924
2593096831
2592865557
1569898143
2592941679
2799244017
2813735551
2070048822
1570016207
2786322722
2786240657
1569755905
1569822510
2774427673
2786328258
1569717899
1569675604
1569911018
1570026747
1559509860
1569841640
2774387761
2791055357
2786315280
2774389265
1557716021
1570014768
1569906290
1569944514
1569709360
1569952111
2593064489
2603892884
1569922526
2597818464
1569676315
1570041152
2786285753
2774401572
1569946641
1569663512
2809109777
2786238601
1569665057
1569929182
2789361948
1569688322
2592800043
1570025249
2070016088
1569724226
2788680428
2593018107
2807163196
1569842599
2774373302
1569713522
1569696846
2786238621
1569711408
1569669504
1569857740
1655508697
2601402755
2676665399
1569904115
2796436016
2787752524
2801768721
1569680522
2786218683
1569884731
2593094788
1570006122
2774442022
1570009296
1569948645
1738122841
1569672137
2808150686
2814380969
1569661659
2786212127
1569852849
2774505424
2592989096
2807128567
2592959387
2786299808
2809034873
2799110994
2774443564
2070019245
1559223522
2806021971
1569715614
1569705952
2774351647
2592861315
1569712880
1569933509
2786272712
2592843453
2786241945
1556187017
2592798751
2592797049
2774441821
1570008577
2786324551
1569685289
2592811313
2070039112
1569850807
2592899888
1569944479
1569697564
1569921678
2070067986
1569659745
1569930660
2774499931
1569943329
1569864970
2600368582
1557325115
1569922843
1569670966
1569762118
2592814172
2786319709
1569945720
1569736708
1569910742
2798966124
1569690632
1569682216
2812505356
2786223027
2592827463
1569934907
2603001815
1569689380
2786273829
1569842910
1569754799
1570028367
2808415651
2592795238
2774516851
2774342852
1569835957
2808211004
2812930441
1569700197
2792923748
2592796715
1569726062
1569840577
2774339582
2592800755
1569736296
1569853666
2774387195
2786219937
2786306991
1569811238
1569818541
1569725959
2592794930
2592802981
1569827562
1569672724
1569859422
2592802439
2805983442
1569880552
2592843305
1569694734
1569948384
1569837971
2786333010
1569742139
2786307013
1569748154
1556117166
1569711298
2592872495
1569828475
1570038622
2786261326
2786223422
1569683091
2799316214
1569882042
2808145178
1569931302
2592947022
2592805665
2774436674
2593648651
2070018186
1569662099
2592956422
1570010657
2070074454
1569885664
1569851356
1569944032
2592812640
2808147225
2603741898
2592791161
1569680891
2603781433
2592799157
2792954671
1569683810
1569759087
2594553822
2592849017
1569757690
2792550655
2592966512
2593094748
2774450834
2774326565
2786255236
2774415794
2592963153
2786215548
2592792046
1569870427
2786322196
1569667363
2801019689
1569744002
1569677316
2592791426
2592807415
2789118312
1569892794
2774399403
2070050838
2774339735
1570006697
2774451155
1569885122
2593089651
1569932259
2774392205
2786210865
2070031630
1569814292
1569670613
1655676156
1569685263
2592865494
1570000540
2592792395
1569930502
2592797739
2814239228
2593028957
2593031233
2786223402
2592974149
2774441892
1569666687
2774337316
2594405771
1570015925
2795337709
1655214727
1569675096
1737777206
1569841761
2592807589
2814195653
1569823811
1569839563
1569812526
2070031701
1569674872
1556422339
1569870180
1569836181
2592793561
2786256501
2070044973
1556527048
2680616534
1569950188
1569699333
1569804076
2786276564
2592976054
1569755374
2786362794
1570037945
2592805326
2594122645
1569665595
1569817235
1569893005
1569902078
1569923500
1569732937
2592797861
2786319840
2814015730
1569709937
2793298943
2799800386
1736441967
1569848731
2592809431
2592800910
1556397741
2592821398
1556814553
1569697294
2592792217
1570016174
1570041305
2070022601
2592799744
2786317999
2786321119
2070018169
2786319085
2774350428
1737774523
1570035850
2809001493
1569857606
2786312618
1737777396
2792931610
1569699903
1569803424
2792821040
2774441931
2774360943
1569945666
1569943109
2790148961
1569742425
2594253596
2814511974
1569902111
1570015249
1738160107
2792897832
2774409140
2593050953
1570034526
2793238066
2070045651
2786284689
2786217587
2801617268
1569911253
2793140182
2809279475
2600282638
2070016683
1569719059
1570016591
2070046532
1570015037
2792913037
1738153348
2809109797
2786239686
1569870453
2592801638
2593620294
2592799776
1569816053
1569856672
2070046300
1569720445
1569682820
2807163076
2592796734
1561226239
2796434887
2774455631
2592840736
2786213722
2786255101
2795438702
1569737921
1569679993
2592830563
1569853688
2593074031
2814374290
1738187572
2592839894
2774406237
1569945323
1569672339
2788130960
2599692821
2677973095
2592864244
1569849274
1569681103
2786297906
2812680312
2592843263
1570007681
2774328177
1569864998
2592801552
2789659521
1737778220
2774342831
1569659952
2799174144
1569679007
2792954633
2774359898
2795193712
2070048056
1655717995
1569926987
2070026409
1570025049
2592790607
2593010516
2774357437
1569868326
1569658564
2592840877
1569816725
1569665680
1570033482
1569755918
2594553936
2600600850
2774392691
2735775098
2774402095
2593060582
2786319099
2593033311
2786282409
1569913025
2592812756
1569911460
2788289957
2592787283
2786261395
1569736161
2807764367
1557367349
1569900621
1569803536
2786236386
2592799073
1569953328
1569693601
2592895473
2774451115
2809003638
1569929683
1655214873
1569657386
2774425239
2787819121
2801019667
1569716452
2774418165
2592790341
2786434048
1569816619
2592788690
2774444942
2807154179
2735849094
1569689299
1569660520
2592954525
2592942880
2813735340
1569828869
1738183995
2774403447
2792818807
1569838537
2592788797
2592794398
2808840110
2594524490
2593086273
2774516292
2593033540
1570013101
2792598297
2676926644
2774406633
2070028737
1556310065
1569873828
2786219923
1570018657
2787777995
2774380458
2808610437
2603054080
1570013065
2788684361
1570028099
2774508525
2592828388
1569819879
1737778040
1569658774
1569868591
2814232194
1569892393
2774415765
1569919499
2774391255
1569673167
2789381555
2592870055
1569934352
2070047275
2774390999
1569912342
2786272947
1569761790
1569891109
2600161556
1569832283
2774372802
2592955997
1557188554
1569864798
1569869679
2070035665
1737777291
1569814688
1569755312
2592802552
2774393598
1569756043
2774390982
1569675287
1570010669
1569814506
1569669093
2594553848
1569825939
2786277840
2070029403
2786307784
2792881170
2786313619
1569883615
2774424814
2070021698
2789532078
2774359336
2592828020
1569945273
1569902772
1569840500
1569664792
1570028891
1569756951
1569681599
1569718338
2601600867
2774426439
2790441674
1569760917
1570015812
2593011734
1655646047
1569719194
1569846357
1569851558
2070045959
2808216901
2593064067
1570022932
2799316185
2592798729
2774365913
1569664270
2592815529
2787739886
1569681318
1569668378
1569825726
2786221804
2070021739
1569747062
2592813463
2592844883
1569657972
1569876502
1569713121
2592956735
1570020376
1556187993
2592858363
2592853688
2774476498
2070067975
1569670907
2592797435
1569672077
2796437974
1570008851
2812990740
2592813513
1738267454
1570012683
1569932384
2592863145
2786316832
2774319857
2787937715
2786216649
2786212872
2786329373
1570011235
2789807881
2786255641
2774395363
2594317125
1569716379
2594764543
2805386092
2806619427
1569759211
1569947544
2593043999
2786239793
1569722946
2592792928
1569863039
1569913902
2593037185
2788120238
2592934059
2592795565
1556667161
1569850827
2814047654
1569677199
2786306853
2592838289
1569810355
2795904877
1569735086
1569829303
1569662309
2593031518
2792837661
2774447678
1569741922
2592830553
1569951605
1570017810
2790493662
2793253181
2592799679
1569701150
1569726417
2592802663
2774366563
2786239817
1569826739
2786260521
2807060831
1569743473
2786215297
2592798155
2070015780
1557062154
2070031903
1569816410
2070040497
1569742411
2593022932
1569839311
1569953880
2808876386
2786303917
2774443332
1569951459
1570019698
1570032288
1569746604
1569669772
1569829841
2774433976
2592802371
2774406860
2592788832
1569857757
2774388865
2774343488
2728683825
2807162309
2070017205
2774443501
1569692342
1570023738
2592803975
1570040847
2808995959
2592882016
1569829133
2793538282
2774380156
1569665667
2787812383
2774523673
1569676996
1569858042
1569750948
2801635724
2774318440
1569822102
1569700758
1569842540
2070071918
1569889231
1569743489
2600518824
1569688336
1569803145
2774390738
1569870927
1569691304
2070053603
2786308447
2808148684
2814050302
2808772127
2787809435
1569837128
1569812190
2592968473
1570015830
2791159924
2786274551
2786211908
2676971639
1569670068
1570024245
1569700095
1569870073
2807154835
1570031598
1569834466
2774421508
2734904211
1569872709
1569757113
2802898339
2070019390
2070048875
1569687810
1569923220
2812473137
2805364405
1569657947
1569899255
1569877912
2594274002
1737775789
1569819529
1570040776
2774423919
2786322734
1569658227
1556983113
2795206058
2593064823
1569826653
1569715428
2786239053
2786294982
1569943264
2592803688
2786235495
2801699197
2593003970
1557284521
1569951953
1569673731
2592809160
2786291881
2786227305
2807084587
1569892763
2786217709
2796913134
1569917208
1569879329
2808986397
2592801760
2787818435
1569918361
2593086004
2792906091
2774318068
1569858034
2592839531
2592794490
1569906112
1569814411
2600157081
2677411824
2795656303
1569811915
2786216848
2774415135
1569836012
2600590606
2603274946
1569761221
1569946451
1570020444
2070015735
1570008816
2593062754
1569953729
1569951505
1569664778
1569883608
2786300722
2792925513
2592797682
1569917949
1560274315
1569900024
2787919483
1569906362
2792923770
1569660624
2592863948
1569837238
2070032175
1570034343
1569723610
2786329292
2600156850
2593086834
2807152470
2786255170
1569895164
2786355808
2774389658
2774419110
2592796369
1569716320
1569657811
2786296159
2593683403
2812569500
2592829261
1570008318
2593087016
1570010566
2787799876
2070046759
1561676449
1569814874
1569943535
1569913228
2812598786
2786221442
2807264118
2774519695
2592834075
1569756392
2592838234
2592837238
1569921410
2603552041
2786364776
2600164453
1569716898
2593516810
2592811330
1556141301
2592797026
2801544268
2788472548
2593028857
2774523525
1569927611
1569656704
2592987196
2070016962
1569893913
1569672808
1569834305
2808469278
1569692682
1569667482
2070018264
1569944182
2592807307
2594539403
1569750934
2070045562
2786299835
2786313851
2792444493
1569922828
2592799969
1569744841
2809310342
1569743000
1569741024
2593458309
1569809844
1569847940
1569827871
1570027663
2774412794
1570013016
2680348261
2774435436
2774402998
1737779099
1569667654
2809030808
1569843399
1569904379
2592994116
1569812565
2786242995
2786216677
2676886359
1569938443
2806869991
1569748691
1569708328
2592813945
1569667772
1570011293
1569664814
2786322377
1569680264
2786311138
1569950131
2070020102
2592788168
2786214719
1569838490
1569875108
2786255152
1569932268
1570015331
2592793223
1569846938
2774341299
1569746510
2592853411
2809003873
1569677890
2774411579
2594262396
2602905453
2592795436
2070071876
1737777278
2786216244
2070045138
1559899742
2070027088
1569850264
2799391677
1559161668
1569668726
2592805797
2792818588
2592806285
2792527511
2774376389
1569675914
2808783002
2594514058
1655214799
2592797378
2592856458
2592813642
1570023298
1569915377
1569730734
1569947936
1569930476
1569736553
1569882208
2787759906
2794802928
2774338843
1569711108
2070027162
2788961675
1569932109
2070045302
2598552058
2592886821
2592801050
2786287639
2812529559
1569837515
2593678608
2788153424
1569851194
1655530525
2786316114
2786245090
2786274989
1569754940
2592828406
2774504257
2806627093
2788122819
1569822376
2786320120
1569815310
2795255393
2786254998
1569841828
2592945959
2603416016
1569715927
1569664697
1569673222
1569712991
1569850246
1570028255
2786320504
2593103074
1569683080
2786256908
2070022088
2774446924
2592821857
2795430307
1569886414
2774387577
2593027970
2070024956
2786346070
1569949923
1569673284
1557906023
1556092690
1569942190
1569658485
1569665088
2592859869
1569927305
2592864983
2792874857
1569757575
1569658578
1569668028
2787850658
1569703735
1569869829
2786325078
2594553537
1737775315
2786234310
2593063264
2794578528
1569876981
2786256566
2592800498
2774368723
1569882741
1569918120
2786234382
1737777555
1569760875
2592800729
1569680246
2787730037
2790149014
2592806913
2795307686
2592836468
2812508262
1569697540
1569846636
2774350513
2809195362
2592891999
2774441905
1569827685
1569844087
2774333362
2807154752
2070046695
2807256131
1737778980
1569937947
2812473155
1570015672
2787720049
2592793467
2795438038
2786364857
2592806384
1569918378
2597758641
2593995497
2786294189
1736926650
1569856707
1570010252
2786323276
2813740091
1569673059
1569809075
1569841797
2774434603
2592805838
1569916618
2786300239
1569667008
2070032141
1569918499
1569912472
1569712816
2786305357
1570029018
2603310344
2795302436
2799040446
2809133883
1569804225
2774466546
2592983336
2793274488
2592946786
2792514715
2813075283
2592848250
2070067729
1569823919
1570007144
2592812740
2774443648
2807152727
1569715269
2814139482
1569657885
2786260051
1569802657
2808459274
2787937763
2592794381
1655605030
2592788655
1569716333
2592961681
2592806592
1736885335
2774366659
1737774054
2786260691
2070015765
1569749011
2813149492
2788261846
1569804851
1569711594
2592803564
2807128489
2592806895
2774336237
2790209016
2592837219
2809047645
1569723471
1569835859
2601481493
1569694323
1569892346
2774373438
1569840479
2592820169
2594256729
2786336321
2600266267
2807302281
2774443298
2592792492
1569744448
2592821838
1569814595
1569694762
2774375132
1569670640
2592814993
2592858229
2809049056
2774482338
1559510263
2789362048
2792501787
2786257165
2815037481
1569808705
1569817262
1569735061
2801473955
2592816849
1569743375
1736867754
1569752646
1569666250
2774504408
2592889727
1569888985
2786317801
2809525615
1569662604
2813223026
1569753866
1569711261
2594354881
1569828255
2592876127
2786312994
2814035953
1569932142
2807158734
1569735247
1569881604
1560445414
1570026563
2809049971
2793009766
1569747922
1569762555
2592890418
2786309318
1569913410
2793274358
1569928550
1569736111
1570027788
2786309203
2786321202
2788260825
2592831149
2774361362
1569872142
2592966222
1569868898
2774422141
1569848290
1569930182
2593050935
2810193822
2786322430
2802158475
1569698373
2774427861
1655511579
2786218668
1737308143
1570019312
2070048965
2787811008
1569881747
1569912318
1569941631
2787772115
1569710427
1558859047
1561447277
1569755448
2601426125
2592796344
2774364380
2801626134
2070046311
1569911206
1569730349
2602734554
2592805553
2786221888
1655652014
1737202870
1569686521
2813284792
1569945364
2592795828
1569900714
2592869338
1570009568
1569662340
1569938334
2593478290
2792842157
2774382659
1570038687
1569816839
2592812942
2070019485
2799204626
2786254352
2786285292
1569660273
1569675706
2790152038
1655657182
1655645359
1569703754
2813036362
1569732911
2592994537
2786230447
1570011804
2593023687
1569840031
1569803102
2786256294
2809023732
1569697468
1569805742
1569915491
1569677904
2592862719
1570011413
1569815966
1569951436
1738273690
2774428103
2800742682
1569915891
2774393995
1569816244
1570014667
1570010188
1569674886
1557064850
2592836217
1570011020
1569728289
2790493592
1655516094
1569851522
2774501161
2789363450
1569899096
2592831202
1569917807
2786332628
2786326902
2786309405
2774319215
2812598419
2786272842
1569669730
1569659310
2592803287
2774436000
1570011204
2697077887
2787777812
1569658946
2807689967
2593079572
2790929568
2592939070
1569736681
1569950958
2774342101
2070048543
2793544295
2809042658
2774387075
2070040184
2070044268
1569735566
1569743018
2601406233
1569865209
1569947706
2795238394
1569894487
2592820250
1570011431
2812680293
1737774386
2594253274
2774373171
1655285299
2814036068
2786237131
1569753596
1569943316
2593085765
2592800379
1569749462
2806720047
2786331423
1655208169
2592875812
1569682394
2070025444
2813609252
2681906584
1569697603
2786300973
2774394827
2812920451
2592797597
2592849264
2806021366
1569753231
1569848336
1569870441
1569660547
2786305301
2592836743
1569666909
2786313176
2812746166
1569688284
2592953205
1569811511
1569906303
2774445463
2786319281
1569673364
1569698387
2592814002
1569887150
1570009432
1569667682
2593019973
1569754588
2593069986
1569673687
2593085467
2774373319
2786222954
2592805013
2592812553
1569922493
1569708759
2795775485
2592800270
1570029458
1569670294
2593002539
2070036022
2786221430
1569674006
1569883005
1569851794
2594553493
1569690881
2808783521
2774411046
1559101701
2786319826
1570016547
1569871308
1570035402
1569737229
2592851741
1569928338
2815094925
1737777191
2786320260
1558481778
1569727736
1569885329
2592830983
1569678370
1569897577
1569702980
1559600688
1570015136
1569937903
1569913064
2786211458
2788961360
2774441970
1570009682
1569749823
2600257439
1569689974
2774400428
1570015115
1569840896
2593051670
2812474029
2600157914
2774329996
1569747517
1737777130
2786274156
2592831267
1569710706
1569734368
2594463694
1569905997
2592821304
2594254865
1569739931
1569881764
1569757840
1737777367
2774446613
2070050822
2810270337
1569676054
1569912079
1569892012
2774441983
2801540569
1569818332
1569923470
2774341074
2786307291
2808836306
1570014640
2592798978
1569828658
1569754176
1570026884
1569688707
1569868549
2774495005
2796435065
1569903974
2812565754
1569724500
2787755283
1569754164
2786334204
1569683555
2786219064
2774380929
1569672446
1570028318
2787762736
1569755388
2070068307
1569833596
1569703721
1570014759
1570031000
2593037213
2809407416
1569680877
2812512614
2786239888
2592788960
2602683393
2786274515
2806615739
1570008218
2787772564
1737779113
1569679089
2808804515
2774333341
2592863107
2600163782
2070035330
2070041342
1569843479
1569803634
2592849096
2808847221
2786318261
1569685423
1569917243
1570001080
1569660163
2786244748
2603129375
1556122598
1569802672
1569665101
2592795934
2806618793
2601483647
2603340167
2812430499
1569672245
2804653116
2603672976
2774437918
1569840708
1569907295
1569942382
2592793778
1569668591
1569675421
1569859625
2813157415
1569807861
1570027307
1556309712
2793191110
1569736752
2786319027
2793212477
2786339326
2774396639
1570030737
1556872017
2792954610
1569663407
1737775593
2774443981
2594678835
2808846906
1570016392
2070044897
2070022720
1737777249
1569899387
1569736334
1569690044
2793059841
2792869975
2792549959
2807515341
2786272339
2592918015
2592800684
2070024881
1569657312
2070046781
2788254393
2787903518
1569839381
2070031670
2786313237
2593063875
2786242983
1569913721
1569885486
1569818866
1569690861
2786219991
1737776202
2070037110
2792997111
2593050437
1569676919
2592815161
2592945756
2774328476
1569803464
2738476068
2592901500
2593620632
2070048727
1570026938
1569678761
1662418041
2592941401
2774422454
1569816349
2592984834
2070054950
2597705291
2791159868
1569845882
1569945390
1737611609
2774342814
2795193134
2600485251
2774471097
1569666593
2800723228
2774388844
2786322393
2592866199
2592810965
1569865128
2592931802
2786296122
2809109675
1569820753
2070017257
1569673300
1655370133
2786323947
2788177964
1569830161
2774443512
1569741050
2592859983
1569736722
2600150294
2592957163
1655568157
2774480607
2795332266
1569846092
2592813553
2786309967
1569737251
1569671714
1737308308
1569816594
1570014869
2786299504
1569936078
2593113597
1569679342
1569762451
1569869495
2593066682
1569656289
2786361222
1569848675
1570016515
2592959705
1569846040
2592808436
1569928276
2774349668
1569835237
2592935954
1569928243
1569833464
2774321343
2592794240
1569736213
2807061511
1569672618
2601426301
1569850518
2792840084
1569823147
2774437270
2601422453
2592831869
2592822046
2592831241
2809001786
1569839070
2592803545
2786235251
2774525120
1570015054
2592841829
2592813533
2070054961
2807302302
1569751014
2786244142
1569850398
1570015363
2592788778
1569840461
1569927573
2785385438
1569910263
2599686383
1569913097
1569754781
2070072006
2795656352
1569665319
1569847211
2070033448
1569816073
1570015854
2788120286
1569875477
1569806736
2787762839
2592794453
2603520318
2593055574
2786257325
2792599620
2592792775
2786220982
1569664328
1569665972
2592796940
2806662798
1569732971
2794802906
1569809581
1561257376
1569927747
1569834182
2786218112
2793072821
2795658295
2808783060
2774357520
2788144995
2593051413
1570024302
1569658808
2786284971
2774319268
2070026225
1569741673
2786321190
2786232480
2592815269
2787812411
2592794269
1569710378
2678017822
2070030057
1569927225
2592836762
2786334461
1570029273
2594801893
2592793582
1569740729
1569915706
2809145607
2593390289
1569663595
1569876456
2813222840
1734145115
1569918295
2601404813
2593064413
2774373578
1570009829
2786310476
2786332750
2070022297
2070036409
2786255900
2786238853
2774484569
1569759622
1569947324
1569681257
1569815051
2786217365
1569671049
1570028781
2594463664
2793078812
2592800604
2803424869
1569658836
2594294844
2786259765
2808147351
2801572877
1570020631
1569705577
1569675314
1569829286
2806021838
2592795316
2786340076
2793206361
2787812361
2592796494
1569697984
1570034539
1570028216
2786241202
1569953648
1569665523
1570014950
1569668076
2786313935
2787808815
2788145017
2594454947
2592975776
1569715403
2789363521
2600238809
1569668005
2809001453
2677779414
1569676140
2592855523
1569927634
1558420837
1569850600
2807125511
1569889564
2600296209
1570031739
2786311640
2592868910
1569893175
2592793325
2789375291
2793108245
2774417328
1569803706
1569932126
1569885192
1569727896
2786246941
2593036060
1570010624
1569821819
2592790711
2774447640
1569708112
1569814424
2592796678
1569815178
2812476429
2786276451
2786276574
1569838835
1569936393
1569918702
2786424013
2070022193
1569687535
1569950172
2593080954
2070045538
1569750836
1569660255
2786254755
2593032572
2774442987
1569716567
1569677035
2774365055
2792867381
1569883690
2786364537
2592985367
2788125828
2786322794
2774400415
1570017239
1569663911
2808985956
1569839936
2592968665
2774500537
2774373194
2070020871
1569674689
2592852182
2774359230
1569722278
2812703620
1569852093
1569723355
1654746487
2774437794
1569933784
1569891688
1570031335
1570031939
2808148881
2809195326
1569827962
1569930489
2786222995
1737776734
2774373238
1569718994
2774391799
2787822765
1737777635
2594553795
1569936380
1559140817
2600419907
1569804751
1569715839
2786274317
1569902902
2786212438
1570011347
1569687673
1569832978
2774431931
1570016312
2774500320
1569884088
2814512097
2592853285
2796436061
2808995026
1570016501
2790493308
2807151892
1556589617
2070037067
2592805380
2786279247
1569843041
1570030830
2592796191
1655117487
2792444880
2070031731
1570006201
2813738599
1569849310
2812565175
1569715487
2593019505
1569804937
2786245469
1569665554
2592791111
2592792134
2786324954
2815126754
2593035839
1569720353
1557636153
1569753982
1569676933
1569660833
1737237433
1569723258
1569916432
2774436178
2070016279
2787808905
2786319267
2592808153
2792999204
1569734096
2789670508
2592827393
2593094708
2594290539
2787739859
2593103837
2788177916
2786246210
1569889858
2808992299
2786358879
1569946295
2790148985
2786214755
1569908084
1570020879
2593049086
1570021073
1569899960
1570037792
2795306638
1569749241
2592977715
1570031926
2813223049
2070035934
2593058325
2786219975
2774445001
1569937716
2592813065
2774458631
1569836947
1569736244
2774329328
1570038055
2774407466
1569949591
1570024132
1569938606
2070024307
1569657039
2807161827
1570015002
2070068673
2795580162
2808836767
1569733896
1569851030
2793274523
1570011614
1570016577
2070017218
1569858960
2070045231
2786313911
2788122108
2593058408
1569673398
1569838226
2786221014
2809044032
2774504393
2812473299
2592971471
2593083563
1734001541
2592808848
1569674948
1569898174
2808770637
2593035395
1655711669
1570009696
1569940455
1557023765
2600213716
2774357412
1569906606
1569922751
2600827773
1569852075
1570025362
2592829635
2809302266
1569694807
2593485105
2592908819
1570034513
2786295489
1569835177
2786256335
2070025849
1569923349
1569820040
2070071903
1569672460
1569688692
1556668023
2786276461
1569731062
2774393418
1569907580
1738479717
1559283039
2593026086
2813221133
2786215136
2592882574
1569922733
1569906191
1569711464
2786276853
1569886494
2592943287
2592829670
1569802636
2790530320
1569940777
2070031941
2806614175
2070068178
2807135446
1569662480
1655688587
2070035742
1557818636
1569669079
2797072214
2601421104
2800077990
1569879478
2592981098
1569731401
2798963659
1569906757
1569916005
2812579414
2592794810
2812607771
1569659154
2601466705
1569757000
1569678993
2786235150
2812451817
1569726003
1569826236
2594317039
2774409375
2594310408
2787773569
2774345805
1569665609
1569762071
1569948583
2593062072
2594283522
1569758359
1556984236
1569833615
2793172971
1569677688
1557364456
2774425310
1569952282
2774424676
2814512055
1569950830
2774505469
1569674706
1569679424
1569887299
1569761820
2774420316
1569872066
1569915052
2788659546
2809003461
2809004665
2786222237
2807253220
1569953354
1569734411
2592789618
1569892688
2786313249
1570013307
2593103855
1569662047
1569817056
1569747689
2593044016
2786231597
1561658281
2787777792
2809001906
2774436848
1736123815
1570018676
1570031978
2070019787
2593017640
1570012317
2786217262
2592813806
2592807394
2592839950
2774343226
2786443017
2774429806
2806993042
2593013467
2808627712
1570024400
2786321095
2786331479
1569888815
2774336632
2786319043
1569716018
2593035409
2601487711
2786249496
2786281417
2593027434
1569939380
1569951579
1654747295
1569723315
2592865547
2592959417
2786261481
2774403462
1569872905
2787995478
2774373285
2592797173
2786219461
2592791032
2806722230
1569726499
2592960738
2603914984
1569673238
1569900603
2801762160
2786317913
2070047025
2787903608
2774484535
1569723142
2774376962
2593101640
1569902553
2774446315
1569948627
2070027533
1569871025
1569831405
2809144021
2786237483
2792928390
1569806409
1569819826
1569750537
1569722310
2787872315
1569666986
1569847401
1569879254
2786271965
2600212779
2774342547
2592792199
2793197907
2600259125
1569736076
2597785628
1569667831
1569674672
1569872619
1569704408
1569857366
2794720941
2592829874
1569658748
1569948441
2592812979
2793163322
2809030790
1569919247
1569913170
1569689165
1569810730
1570021980
2786235229
1569683107
1569674777
1569946865
1569840130
2592799038
1569936262
2592796146
1569873802
1569883722
2789660115
1569839460
2808990289
2786254145
2593052053
2070041149
2788713634
1569884003
1569705563
2786386236
1570026865
1569897244
2070077567
2592948535
2790493210
2774363740
1569731769
1569929092
1569882952
2786319113
2812608715
2070031967
2786292962
2786273685
2592795451
2812418286
1737774514
1569667907
2774397121
1655536534
2592996521
1557283934
1556430111
2812685371
2787777853
1570000513
2592978607
1569943705
1569836539
1569681038
2807135324
2786272351
2786324115
1569832504
2774520341
1569813132
1557211877
2070032156
2791058890
2814015204
2592851291
2814374426
1655747541
2786327888
1569810110
2808244997
1569835432
2792836282
1570027278
2774406250
1570011276
1569663449
1655658743
2593063821
2592843282
1569926917
1569658651
2774451569
1737777097
2786253927
2774359700
1569830069
2070036011
2787723446
1569882447
2601049754
2592797295
2774359293
1570041438
2070042658
2799093125
1570016798
1569657104
1570017388
2786331602
2807252040
2809118245
1655465432
2786296147
2789951164
2809049575
2592794363
1569871336
2774406211
1569839751
2801596113
2593010145
1569696738
2601678808
2601402985
1569944733
1561125279
2786339491
1569753119
1569922424
1569848870
1557840014
2809048609
1569898853
2592811709
1736857569
1569736063
1570024289
1569689076
2594464253
1569841811
2592964636
2070045033
1569858130
2592826523
2786242005
2786217415
2787819077
2070067369
2774451626
2774510532
1569736560
1556091276
1569921576
2592798181
1569733969
1735762685
2786319854
1556591551
1569949068
2786239805
1569655959
1569810073
2070033511
1569727167
2774394012
2812413828
2787755142
2774422555
2592828170
2786234023
1569815157
1569918613
2789789204
1569938473
1569842249
1569819235
1570014711
1569692694
2786237780
1569836342
2592947295
2786222268
2808150424
1569832694
1569675480
1569879229
1569754489
2809398631
2600230716
2800677372
2809057729
1569888785
1655646117
2593004879
1569687556
1569885756
1569753105
1655515135
2806627059
1569659851
2786324942
1569946194
2774390019
2600156427
1569686403
1556283556
1569933496
1569894498
1569671341
1570010433
2774438817
2786251135
2592962809
2592797188
2806784426
2601474790
1570019765
2808434006
2814186921
2807161976
2774364655
2598546663
1569687547
2592967976
2601435702
2592803017
2813222970
1569690997
2592986304
2796438571
2786287391
2774391484
2593005343
1569662464
2592993456
2786344958
1561263926
2799057864
2592971194
2592803813
2787992575
2774353014
1569821158
2808610479
1570026493
2786299987
2774410548
2592871807
2603638749
1569832776
1569852980
2812451624
2593035982
2788961412
2774396795
1569747954
2809055046
1569905808
2593086974
2787799656
2786301299
1569686772
2592869300
2787809452
2786256941
2592937663
1569718888
1569944353
1569657239
2793298897
1569812731
1569941852
2592799638
1569893295
2789659586
1569878061
2812831822
2774446583
2592959434
2594086561
1569892992
1569686430
1569730669
2774455359
1570040602
2592805569
2799089235
1569845355
2592957624
1734749912
2593011423
2774331441
2808984897
2774358374
1569674763
2808156527
2774399874
1569906276
2774389952
2600268575
1737242896
1569818913
1569948599
1569710111
2592976161
2786328905
2786315938
1569675519
2774337583
1569678859
1569944090
1569886601
1559852508
1569936338
2774445502
2683111319
1569673767
2808148991
2774360332
2774370963
2786226005
2592797718
2786328135
1569708294
2592799334
2786435568
2070022926
2774393395
2738480127
1569899973
2812489714
2774412140
2594296000
1558110505
1569841120
1556430171
1569881565
1570014556
2786216236
2788123848
1569912989
1736441928
2786318735
2807211783
2807525709
2592895428
1556815648
2593001993
1569715337
1569938396
2593044026
2786234412
1569943225
2774422603
1569912280
1655745266
1569658610
1569717246
2774423195
1570033006
1569665071
1558665944
1569664452
2593110863
1569679149
2774378447
1569822954
2592813963
1569753969
2774373370
2774396150
1569680351
1569828427
2786217214
2812441792
2738477910
2774452530
2789718746
2792913060
2592808470
2788659571
1737777337
1569862109
2592795548
1569672679
2788713797
2786328028
2593089428
2809000311
2592875041
2593064837
1569761591
2774394638
2786220134
1569750238
1569913984
1569762541
2070035019
2593035941
2070047750
1569691905
2592815252
2774344360
2592971586
2070044667
1736864731
2786223469
1569734026
2592805535
2795418041
2786222252
2786251151
2593046699
1569750348
2786246719
2812416217
2795396081
1570010329
2786336588
1570035088
2713614475
1569941721
1569860052
2809006041
1569658762
1736416359
2786321133
2809071437
2774362413
2786251103
2594445734
2795332244
2786284667
1569660496
1569682085
2786328813
1569947956
1569912396
2592803910
2592951974
2787808722
2738583059
1569820738
2774338708
2593051122
2786212963
2809042643
2601509162
2792404325
1569664748
1569712828
1569864656
2070035393
1562252072
2592788452
1570033283
1569724972
2805988517
2593020249
1569854312
1569948338
2774499916
1569682071
1569749702
1569681881
1569859530
2594261791
2774437291
1570010942
1569814197
2592790021
1569856984
1569704382
2592920710
1570028765
2593057191
2592803216
2808613748
1570038674
2792781776
2809307074
1569697617
1569864849
1556083516
2786212347
2786254116
2786283109
2592870779
2786299706
1737779706
1569715979
2786399897
2600260941
1569843162
2774345951
1569680643
2774476010
1570031024
1569717912
2592789581
2603624485
1569713916
1569927592
2786300703
2796691120
2592958420
1569952074
1569890788
2795428672
1569661075
2808991395
1569848614
2808244848
2774400006
2774500362
2592803145
2592868518
1570033878
2808150537
1737778891
2592798310
1569917708
1570040569
2593049286
2801756834
2786292942
1569675220
1569673824
2592799582
2592979314
1569836578
2592944997
2788659942
2808609106
2592790992
2786261142
2592990508
1569658904
2592801338
1569661568
1655699847
2593091052
2774402812
1569928498
2070016730
1569675588
2793274542
2801856890
2812512630
2786211702
2809003060
2774506427
1556918734
2786242828
2070027987
1570015942
2592875830
1569828835
1736876776
1569757350
2786217274
1569660533
1569736135
2593032712
2594273759
1570017897
2592979289
2603080457
2592841232
1569849654
1569667758
1569929154
2786326992
1569711450
1569679441
1737775029
2786319681
2786342431
2796458652
1569943509
1569883803
2593050753
1569890178
2790235861
1569899409
1558263438
1569838734
1569821363
1737777596
1569815296
1569685620
1655673180
1569716418
1569927104
1569945338
2592981650
1570037459
2592796753
2774385951
2592801285
2593099818
1569716089
2803839792
2786237106
1569948092
1569920635
1569832561
1570033764
1570021090
1736865935
2592842878
2812832566
1569668527
1569938306
2800732261
2774335026
1569953946
1569661243
1569683772
2808627671
1570018985
1569885056
2812680936
2603703945
1570030763
1569857593
2813877896
2799386810
1569725031
1570017023
2600417855
2788475750
1569680298
1569821245
2786222314
2807151961
1569661542
2592821465
1569656076
2774370544
2600051367
2786321296
1569666607
2774396283
2592800122
2809397891
2774386673
1570032680
1569901082
1570032361
2812831871
2594524539
2593072333
1569818718
2600485331
1569747940
1569808585
2788011256
2594330396
1562252147
2791082056
2592789393
2787808953
1737205163
1570010091
2602566551
2594430213
1569945630
1569869460
2592796920
2788129738
1569677132
1570014967
1569848959
1569739874
2807462792
1569656376
2774435177
2593678896
2786319868
1569811427
2592802328
2788290052
2774443473
2603735731
2592857960
1569951293
2788684133
1569729451
2786313508
2070043056
2592808081
2592920690
2786323203
1569838711
2600164313
2592869315
2592853803
1569815414
2774360421
2774441879
2592871086
2786328087
1570028543
2592867735
2774342871
2807061529
1569914203
1570007932
1569755186
1569749053
2807158716
2795502115
2592793370
2682216835
2593044007
2786246649
2789179075
2786255783
1569677068
1569865176
2786320518
2786336862
1569758649
2774410307
1569944619
1570010011
1569670952
1570027738
1569921443
2796437906
1569920594
2787727867
2070055196
1569844287
2789046180
2593037200
2792527538
1569918064
2809587268
2592806797
1569937640
2774345064
2787937780
1556335588
1569736539
2592801470
2786293468
1569685719
2800732357
1569813421
1569808488
1569905401
1569836832
2786272887
2809042626
1738198537
2786325336
1569730004
2593094612
2787991517
1570029203
1737778605
2787992634
1569683393
2600235565
1655625469
2592976175
1569674182
1569740657
1569840695
2786286398
1569757870
1569677857
1558684115
2592852404
1569681833
2774502480
1569667863
2592788028
2593033283
2792432317
2774344872
2592803995
1570012063
2786341866
1569664619
2814196628
2592838251
1569700789
2807765023
2786252944
2807162570
1569874195
2774515756
1569809233
2799629172
1570011707
2774484665
2799094427
1569675274
2593033180
1570011363
1569916195
1569917684
1569931224
1569933605
1569835887
2592791557
1569711329
2592884167
2774371433
2787995208
1569711663
2593073769
2592796269
2774342439
2592959691
1569820572
1570021804
1569889243
2809213723
1569948903
1569678204
1569824695
1556343609
2786355870
1569726554
2810241730
1569906248
2786222176
1569758687
2601421304
1737007039
2807135256
1569905480
2801871739
1569854843
2792899546
2806614749
2807516580
1569663925
1738198505
2070048606
2592807035
2774337929
2594523148
2806617000
1569915429
2793009743
1569838753
1569929705
2786336562
2786218871
2592797354
1737774045
2774449607
1569694794
1569656144
1569927243
2601658161
2774499497
1569914750
1569762054
2593643940
2786328693
2600244398
2786272430
2601430474
1569849289
2787721940
1569679884
1569873919
1569952349
1569915034
1655527883
2807152744
2592788575
1569755402
2774492620
1569871064
1570014493
2070022169
2592791946
2070029821
1569682509
1569877614
2786295015
1569728250
2678591237
1738124354
2812541461
2593011319
2592804721
2070021941
2774413136
2808774754
1561220326
1569894399
2592796528
2786244882
2786322418
2792877815
2788287304
1569674858
1738207469
2594256959
2791058812
2786323853
2792469177
1569836211
2774455555
2592843152
2786323191
2070020956
1737070890
2699594832
2786328075
2592993558
2070016899
2807128507
2812758966
2774404212
1569694834
1569913046
2592813190
2593099422
1570029405
2786222194
2592882561
1557084144
2813003850
1569942095
1569757018
1569953961
1569822322
2786338990
1570029702
2808628837
2774447659
1569844885
2789928777
2801476019
2603159901
1569666262
2801597718
1569660103
1569951265
2592984262
1737114848
2793109563
2787732532
1570016725
2786322935
2070016644
1569897558
2786237459
2798998423
2592803196
2592959778
1569817211
1569906205
1570029128
2592969227
1559557362
1737079871
2593093079
1569870616
2592968979
2592816862
1569717259
1569746618
2600234791
1569859177
1569844721
1569944161
1569897627
1569946080
1556084648
1570038070
1569949080
1569806061
2593061283
2774346247
2592793166
2592853301
1569687283
1556668371
2786327997
2592858170
2592802996
1569736122
2677650796
2788120354
2774423141
2592821674
1569690983
1569680410
2593048146
2788289930
1569822337
2592886189
1569903066
1569818374
2786211967
1569882663
1569684856
1655710461
1569939397
1655566609
2601414396
2774389537
2070030296
1569734635
2592803130
1569657131
1569723531
2592889976
2790490333
1736896130
2774422720
1570015552
1556358356
1738205114
1569707858
2593087927
1569673753
1569948563
2774352592
2792947447
1569685133
2592796511
2786313328
1569871389
2786278055
1557912587
2774392957
2593064429
1570040806
2070045080
2592799315
2807407468
2809049655
2786220392
1569658960
1570032310
2812763916
2070019462
1569937699
2774503831
2789946922
2592800663
2788130726
1570008768
2790631691
2786241170
2812759013
2603425467
2774360926
2592795876
2808991222
2601420594
1569942646
1569702527
1570006711
2812761684
2592984553
2597799022
2594350871
1569750998
1569745599
2808774698
1558824381
2774442691
2786346888
1569906409
2593994947
1569879186
2786348600
2812505199
2593678806
2592820421
2812869684
2070026861
1569807447
1569880576
2814012508
1570000272
1570024052
1569819077
1570037811
2593028943
2792999227
2593092035
2592934183
2592799623
2814047619
2786259562
1570016295
1569705439
2786240795
2792549736
2774386864
2812411434
1737308326
1556949989
2070035046
1569673027
2680036470
2787721594
2809118204
1570016647
1569672323
1569943400
1569890661
2593037229
1558491880
1569758109
1569846428
2774440849
1559284281
1569666673
2786359708
2774439084
2786214908
2592795686
2793276171
1570010824
2592798578
2592791739
2786245498
1569938878
1569920670
2600231312
2070045117
2592990534
1655725719
1569844816
2593088954
1569836814
1569755322
1570021306
2774349845
2787724236
1569816697
1570038041
2786313150
2774328148
1569709322
1569677844
1569817423
1569750101
1569743530
2790441985
2593094626
2601427197
2774407018
2787771436
2592789123
2786322529
2070054732
2795418627
1570011993
2788680657
2593005756
1569888860
2592942902
1569837113
1569893964
2787991397
1569664843
2594430183
2592791707
2592977987
2788123972
2592795054
1569689673
1570017752
2592838215
1655642585
1570018644
2812605358
2807135514
1569830262
1570032626
1558553377
1569844217
1736443296
2774462858
1569739847
2592813841
2592798615
2791111467
2787995230
2592963062
1569754057
2774350545
1569762667
2787995298
2592797140
1569705591
2593050832
1569944235
1569665653
2774501836
1737188593
1569868577
2600236392
1569911086
2592792414
1570032372
1570010398
2593063801
2786330167
1569684452
2593005310
1738187809
2592830116
1569932092
1569827994
2774441795
2786244417
1569673743
2808771463
1569740803
1570012594
2786241214
2786328012
2786291913
2792839826
2774446364
2774396833
1569865100
1570009328
1569755743
2786226095
2813221096
1569847830
2774422798
1556304104
2786275634
2803191085
2774373215
2592807929
1570035290
1569907400
1569953397
1569922703
2774435550
2813057075
2592807352
1569877505
2812746216
2592836663
1570008081
1569875819
2592831320
1569910360
2070022481
2592841867
1569839006
1569876368
1569944325
2787822643
1569885882
2786252535
1569723300
1569848518
2592986685
1569888918
2774406428
1569737236
2070021929
1569747972
2774351343
1569929790
2786219537
1569823525
2600159394
2070048982
1569849881
2786487837
2070046644
1569752262
1569715875
2808467052
2786299678
2786358947
2592814718
1569743333
1569911619
1569674747
2774386773
1570014400
1558848184
1569838340
1569921254
2792840758
2795241942
2786307406
2792988725
2786220840
1569913585
2070045259
2788680797
2774443486
2070044849
2592798237
2593446336
1569830342
1570007402
1569828545
1569927703
2774509171
1569704270
2795307366
2070015981
1570018857
2792954587
1569743070
1569686071
1569695465
2070033137
2774393567
2592817975
1569888828
2592813907
2809040407
2793036841
1569889463
2593022877
2774396082
1569724266
1569691222
1569704395
1556244252
1737308546
2786285807
2800645495
1556802822
1569703699
1569886932
2592800061
1569943565
2798952486
1569686614
1569951323
2787919240
1569827382
1569945403
2812922884
1569658407
2787903250
2070032212
1569948501
1570016109
1569890322
2592796081
1569674557
2592821877
2592823396
2592861739
2809128566
1569691279
2592791644
1569762426
1569726117
2592845608
2774451136
2774410921
2601426258
2593050265
1569822606
1570017190
2814126714
1569818110
1569848410
1569871993
1569732924
2792515198
2787808364
2070028572
2592939050
2812678703
1570017451
1655516250
2070044731
1570017549
2786216904
2786219951
2774373054
1569898054
1569812212
2805489300
2592824258
1569664075
2592791574
1569898040
2786274426
1569889612
2592807698
2592787594
1569676329
1737779792
2774428041
1569916982
1570000291
1570012766
1569897541
1737777321
1737233122
2786288530
1569920576
1569948610
1569906523
1569684110
1569756378
1570015763
2592860125
2592959161
1570027265
1569949818
2592795206
2812670627
2788121522
2774462892
2792494410
2807525726
1569660819
1569683509
2793622269
1557908773
2786256612
2787809355
1569706017
1569813658
2592831130
2593061299
2786214701
1569815657
2592790742
1569693506
1569928214
1569678516
1570031392
2592815948
2788287282
1560562053
1655615268
1570016531
2786301837
2070030893
1569749098
2786254222
1569901733
2812920532
2592798026
1570016346
2813018069
2592803960
1569874700
2791159822
2799093085
1569689218
2786326914
1662417225
2787770560
2592801266
2786323421
1569802746
2600420654
1737778994
2592795368
2786218859
2774371110
2592825184
2786349086
1569839844
1569916781
1569839393
2592796992
2774390848
2774396740
1655501589
2786273474
2812890275
2774331658
1569835029
1570039465
2809138226
1569949267
1569907483
2676758410
2812454832
2592853947
2808147243
2592789351
2682382583
1569918394
2592803162
2592816559
1569919066
1569841347
2592794829
2789361889
2798999680
2801609318
2786322782
1569678412
2594093366
1655567862
1738176938
1569716113
2070067833
1569846542
2592805267
1560563275
2592827583
2815094874
2786240952
1570015889
1569675234
2788713942
1569743266
2070043515
2774418068
2592810607
1569711649
2787748934
2070070261
2814036201
1570019779
2592807018
2809002056
2592808453
2732359684
2593094399
2786235584
1655654473
2678092308
2792931720
1569675620
2786295271
2592996055
2774413250
2774406821
1570035060
2788959673
2774398264
1569659503
1569921003
2592814750
1569944711
1557367734
1569913550
2786271750
2786321420
1569839511
1570014695
1569758183
1569844757
1569723559
2593076295
1737775174
2799091542
1569912768
2592806747
1569806928
1569681151
1569850281
2786226043
2814217930
1736577155
1569832546
2786210999
1569675262
1569675823
2592830347
2070030309
1557838265
2786218883
2601430670
2070044760
1569850577
1569757404
1570006840
1569739954
1570014002
2792549771
2786290706
2593066696
1561573876
2592865036
2812766757
2799238800
1569740251
2786235705
1570008622
2070048859
2774343243
2792849187
1570025137
1569827702
2592845411
1569920559
1560438479
2786221079
2599683328
1569674628
1569670022
2814714132
2786254718
1569688675
1738210938
1570032637
2592796477
2593005539
2787721439
2786261628
1569715597
1556430265
2592984028
1569902507
1569660756
1569668196
2592963305
2594689799
1569945916
1570010267
2786323829
2774406224
2786354797
1569667376
1569669472
2592810179
2809001942
1569953675
2774393968
1569820983
2788959751
2593020748
1569685652
2592819164
2787925624
1569850650
2592856541
1557446060
1569758664
2814144782
1570010865
1569860584
1570009159
1569948486
2774389803
2592851854
1570027447
2070016670
2792954570
2774359272
2786248272
2592947587
2774445878
2786296246
2786259897
2592790059
2592805397
2592790242
2786307937
2600297097
1569944216
1569726048
2597709096
2592827640
2592789709
2798965147
1569709828
2814325975
1569953989
1569818646
1569803833
1560017016
2786313960
1569710322
2786329304
1569857676
1569671235
1559282991
2774326717
1570015423
2795438083
1569874518
2786275770
2806869976
1569808906
2592811906
1569857473
2774344915
2592944778
1569720491
2070048809
2593013449
1569906219
2795241987
2593027699
2592836933
1569753221
1569916304
1569906263
2809052881
1569849321
1569756704
2808207109
2592800140
2786235164
2070027912
2774359158
2594253412
2592803941
1569717299
1569858785
2786390673
1569675066
2774350626
2592788596
2792866531
2774410563
1569948327
2592838196
2789928698
2808783041
1569684531
2774425299
2592933942
1569802834
2593034225
2774506051
1569949803
2592791869
1569682004
2809028859
2592791687
2806867137
1569819486
1737779666
1569743105
2801015362
2774430159
2786330391
1569824369
1569660506
2800732333
1569844176
1569949512
2786291187
1569736624
1569944776
1569949148
2758082343
2774471308
1569949000
2070024149
2786219135
2592796052
2809138192
1570009311
2592841268
1569680281
1569666697
2786226079
1569710609
2774503755
2789376058
1734043326
2592948984
1569807481
2786259751
1569873605
2592793282
2600162728
1737778575
1569916166
2593038268
2787818414
1569692670
1569822360
2070022224
2593758472
2799909295
2593033416
1569663233
1569666871
2601053342
1569952265
2592925179
2595013514
2787991493
2786345200
2806011889
2808616121
2598560614
1570006890
2814028946
2592799277
1569715365
2812679272
1569681066
1569911954
2774431032
2774373421
1569920363
1569901034
1569945831
1569914908
1569930608
1569675466
2792505345
1569709923
1570028555
2786217427
1569830421
1737775304
2792835615
2786234366
2812831896
2603162288
2592803830
1570026974
1737773953
2786323528
1570040624
1569906922
2592964210
1570011334
1569687765
2592843491
2070044542
1569741067
2774507836
1569657424
2592867116
2600295664
2774504441
2786240200
2774326757
1569731613
1737227215
2592795029
1569904822
1569934707
1569891740
2774462418
1569842727
2592862404
2810428386
2789545823
2594098849
1556829086
1570032407
2774436777
1569753892
1569927770
2592813623
2789364520
1570015381
1569678398
2070038774
1569862997
1569836450
1569803784
1569731048
1570015228
1569813404
2774523552
1569861137
1557776894
1569835669
1570016483
2592865700
1569672974
2793171834
2592836728
2774436045
1569715914
1569887484
2070046712
2808997047
1569659296
1569748041
1569677730
1569836850
2774407660
1570037258
1569871487
1560793432
2790003397
2812869121
2774373860
1569668571
1569935155
1569849614
1569949934
1569755931
1570016146
2594595903
1570028016
2786254210
2786238993
2787729687
2774395621
2774350532
2592942128
1569930529
2070041015
2774427409
1570032607
2799105762
1569736050
2786280320
2593079542
2774344181
1569727627
2593001977
2594553469
2592845740
1655456113
1569843202
2774386731
2786223322
2599701042
1737777014
1570018075
1569875302
1570008158
1655726608
1569746841
1570015489
1558848907
1569820642
2774446628
2774319750
2789361842
1569823467
1570032711
2592963349
1569897904
2814035878
1736302321
1569668425
1569662324
2592964925
1570019120
1655516355
2813735295
1569904258
2774525017
2592836322
1569715793
2594258607
2593051726
1569663138
2788196867
2786237954
2774390921
2807282249
2070029760
2809391885
2774405336
2592788407
1569754262
1654843425
1736865983
1569755052
2809145625
1570023243
1569825130
1569942923
2592808547
1569900236
1569660343
1569733827
1569830767
1569668780
2592805284
1569869542
2592830369
2786323264
1570031318
2592796462
2806627846
2594382884
2786322406
2774349529
2788168743
1569680364
2786241092
2593082172
1569676725
1569669807
2808152046
2786319323
2592906929
2786289241
2070031425
1569752276
2807124829
1569678835
2774400854
2786239013
1569823291
2592836820
1570006482
1569824559
1570009369
1736864123
1569656156
2592860241
1569948922
2774403074
2774452671
2785663044
1569889104
2592994621
2592838268
2592795651
1570011308
2599685326
1569757099
2807765042
1569947919
2788123901
2592793795
2809152336
2774337948
1570006420
2070044686
2808788179
1569671629
2793248906
2593035425
2786253538
2788659594
2813044535
1570011904
1569887751
1569897211
1569905932
2774519710
2592871883
2593029311
1655514954
2070039989
1569732988
2788411554
2593037357
1738137284
2592801163
2812782418
2786227371
1569688268
1569747503
2814267579
1559385169
2600369771
1570032241
2593054738
1569807075
2786317987
1569952147
2812761562
2795206168
1569671266
1569666017
1569752532
2774502372
1569859861
2812675259
2774475505
2774443579
2592808571
1569905952
1569882187
1557839580
1738216252
2592803893
1569871403
2774396196
1570009880
2792843217
1570011474
2789697760
1569710994
2774485662
1569939624
1569706817
2794573646
1569891621
1569683755
2786280411
2793084575
2592858579
1569730807
2795302420
1569946310
1569844326
1569946792
2809028382
1570009965
2787818890
1570017290
2790090564
2592787205
2796434976
1569891589
1569665251
1569939313
1569692329
1569836998
2592810625
2592805882
2790486982
2793298920
1570014259
2794573623
2786216820
2774502197
2600235633
2592842767
2774384951
2805993537
2774445476
2786366502
1569660561
2592914403
2602659167
2593623380
2774316959
2786317789
1569843537
2774457630
2593087081
1569930360
2786219811
2789542711
1569737596
2592795416
2786243051
1569864363
1569871322
2774451550
2774449698
2786214487
2592944329
1569915193
2592803625
2070022005
1570027802
2594253365
1569879018
1570040635
1570008876
2813212602
1569672507
1569668092
2786340444
1569738351
1570017878
1655214836
2786308365
2592840894
2774356164
1569663438
1556508133
1569911005
1569813897
2793042070
2808147582
2592990722
1569920959
2774515470
1570035265
1569876307
2774364680
2813652883
2593036041
2789951099
2807161016
2786219050
1569659141
2774321550
1569732954
2592827414
2070069884
2786217250
1569688298
1569859593
2774373743
2788327865
2592843473
2786212299
2070021895
2774337515
1569728237
1569819132
2774387220
2592790109
2774465552
2592799655
2592803774
2787715659
2070070380
1569680689
2593010356
2594261537
2809021520
1569680198
1569830175
1569759377
2070021397
2786313345
1569845204
1569841076
1569803918
1569900486
1561264152
1569666358
1569932541
1570015640
1559527671
2786295841
1569757127
1569921164
1736864530
1570008188
2592875203
2786298188
2774354128
2786318025
2593097427
2786280398
2592809311
2809019989
2774503462
1569739280
2812808758
1569916317
2787800708
1569752409
2790493277
2788241169
2592938376
2812685394
1569914813
2786236071
1569665184
2592958397
2774345786
2593489826
2592811890
1569932322
1569930577
1569688104
2807162592
2600375312
2786272997
2593052036
2786237768
2786275001
2678023429
2070022427
1569725804
2805429130
1559602396
1569852636
1569701858
2774351509
1570006218
2070044245
2593091885
2786310396
1569825850
2593050676
2070024128
1569754073
1569916085
1569942971
2804652664
1570039489
1569731459
2601509048
2786234510
1569695104
2790631580
2788659495
1570030104
1570010745
1569910412
1569876028
1569908036
1569874183
1559149106
2774413117
1569759231
1569817073
2786231715
1569852559
1569757643
2592935936
1569943629
1569852059
1569808442
2799409982
1558104873
2592817203
2592866492
1569697728
1569715253
2799238828
2790493463
2683109801
2786284634
1569722346
1570015211
1569843570
1569937978
1569871035
2601511481
2774420175
2792931633
1569811218
2774433455
2774457600
2786319013
2592821750
2793036469
2592817827
2774345830
1570018750
2786222100
2814139509
2774424863
2786291929
2681997681
1569680457
2805484286
2807135464
2774430437
1569848997
2809140172
2592800522
1569755766
2786224981
1569916705
2593014558
1569698131
2593069818
2792914256
2774370878
1569738253
1569897156
1569753085
2593647813
1570016084
2070053562
1570022915
1570024365
2603708420
1569813304
2774398296
2592966166
2814036001
1569809356
2594056700
1569862081
1569699231
2786212511
2809042518
2806621128
2592795401
2592817696
1569811526
1655617014
1569686492
2786296072
2786218655
2774441918
2786215029
2786239941
1569663635
2786293032
1569752944
2592908919
1569913217
1569923260
1569899354
2795309537
1569720335
1569904592
1557818707
2592986126
1569657929
1569730415
2786257139
1734283228
1569802994
1738101226
1569930014
2592804268
1569665027
2602963298
2592793872
2600163505
2774328104
2786212937
2070038786
1737237507
2774455473
2786254686
2786263290
2803416567
2602923815
2792849286
2774336575
2786295381
1569727640
2800732381
1569805141
2592790040
2070070591
2786353827
1569843509
2774394903
1559732252
1570011691
1569917568
1569848889
2070032036
2070016486
2070016615
1557777030
1569754567
1570007433
1569855598
2786313972
2592851898
2799218908
2786325893
1570027343
2792826354
1569681543
2602715357
2774441782
1557837245
1569677775
2774401498
1569709789
2592843326
1569810263
1570011102
2806011994
1569655987
1569659603
2774475644
2593087105
1569812813
2774367629
2592868047
2795302481
1569853514
1569809181
1569891938
1569753694
2593091655
2592798047
2786309291
2774344807
1569659641
1569840543
2813781317
2789532054
2786247574
2786238933
2804629085
1569667394
1569668308
2788481471
1570012353
1569899043
2774434764
2808986695
2774430205
1569663540
2592992837
2788959696
2808774736
1569666653
2774506262
1569939173
1569749416
2676760965
2774499954
1569841203
1569848213
2774386839
2786219036
1570033642
2593027954
1569945811
1737778196
1570033027
2594311286
1570029257
2793163300
2808148927
2592787362
1738137270
2592843347
2786321352
1569862805
2801757148
2774392548
1556282108
2796433898
2787937846
1569689550
1569672752
2593396576
2809213765
2593017951
1569753878
2592859892
2596049661
1557840616
1569660151
1569828567
1556845152
2786281917
1569751726
2593090610
1569674102
2809047605
2786260567
1569835474
1655494551
2786273193
2799629134
2774483769
1569919420
1569683363
1569948473
2592860484
1569687950
1569712291
1569677118
2723635611
2070022416
1569942952
1570033735
2070029351
2070050415
1570017506
2600374244
1570006772
1569845828
2592787307
1569753023
2070023343
2593088588
2070020148
2592791127
2070021722
2795224357
2774365783
1569715386
2592802512
2592826012
2774392523
2786214769
1569928779
2808532309
2592966045
1569903339
2786325921
2786221623
1569902832
2786219105
1569943835
2592792063
2808434097
2807158674
1569817530
1569742601
1569734657
1569695639
1569752807
2774413831
2774472741
2786244402
1569843630
2070039442
2774449588
2070022114
2774336840
2793654565
2774402612
1569665834
1569709971
2774392880
1569666044
2592789782
2593037412
1569679979
2602013199
2786253681
1655467410
2594277868
2807151044
1569734349
2774423785
1569837671
1569665926
2592798595
2786348201
1737777228
1569936810
1556899426
2788153221
1569745614
2788961460
1569915809
2786243680
1569657326
2786232954
2786310192
2796634024
1569723272
2786225001
1569894929
2787772209
2593111733
2592797556
2801921024
1569933569
2592802351
2786250032
1569686417
2592861843
1569937629
2592806676
1569811931
1569903026
2809006952
1569680680
2603417840
2595215566
2592799906
1569667203
1569910781
1569942577
2774373489
2792690746
1569930097
1569852030
2812761542
2774352192
1556188082
2786221418
1569920750
1569875760
1569878298
2592811269
2774382447
2786282445
2593084179
2774441834
1569657455
2786260035
1569675342
1559956523
2812453945
1569713251
1569690927
1569890246
1570034269
2809003575
2070035585
2786238532
2070071175
2592799056
1569869924
2774349944
2786331614
1569738271
1570007974
2786251189
1559613128
1558234651
2592812222
2774390873
1569846378
2592796810
1569715770
1569687475
1570015441
2603743617
2814322561
1569927208
1569815739
2593070077
2809042562
1569836397
2774359177
1569758102
2786288577
1569947582
2803432807
1569758850
2809148336
2793253257
2593070211
1569755784
2070046159
2787772181
1569949501
1558553530
2787808178
2796634071
2805488119
2592843112
2774402280
2592841889
2603291214
1569744257
2593032554
2592851649
2070022561
2070069443
2592838837
2786221871
1569920615
2593034683
1569900310
1569660578
2594357442
1569861267
2600158647
1569758679
1569670980
2774356740
1737779719
1569832578
2786221466
2792954656
2592950213
1569905978
2801844538
1569947359
2808607431
2792852037
1569762088
1569888576
1569677871
2593058365
2794546564
1569913127
2786323816
1569671139
2592804699
2592805910
1569880364
2070029437
2787741728
2600380022
2677438497
2603782091
1569842007
1570006188
1570000488
2070018199
1569806900
1569866639
2592812621
2070048251
2070048093
2787810984
2592825335
1569734011
2807302322
1655671256
2594355297
2786216727
1569684084
1569674331
1569913957
2593076053
1569814334
1569698496
2795302503
2593054773
1569844960
1570016048
2786291897
2593052516
2774366832
1570013973
2786331320
1569665568
1569900935
1569904561
2600315244
2601400534
1569665509
2592797450
2788684240
2593110095
1569818947
1569879299
1569686057
2070027397
1569949525
2774367163
2786234940
2592856631
2070047038
2592821972
2593037168
2593055026
2593098587
1655555500
2791058874
2592806814
1569674132
1569838912
1569695479
2786222284
1570041252
1569758222
2592812085
1569744819
2795396007
1569672067
1569671407
1570017082
2738582428
1569948799
2070034028
2070021771
1569697935
1570034157
1569868563
2070038947
1569657984
2786263121
2600156863
1569663392
2786243465
2799901032
2812477553
2774505439
1569828977
2787719997
1569668919
2786218770
1569917697
2794578474
1569703681
2592819313
2592807182
2786258619
1569754672
2593005684
1569831806
2592807483
2786323841
1569870416
2786274591
2809144038
1569833961
1655626709
2807082905
2808789676
2593094343
1569668439
1569726778
2594583713
2786219089
2592801353
1569841854
2592975032
2786256481
2812795541
1569663665
2774351561
1569949345
1569746494
1569947269
2592811507
1569675882
2774373336
1570016861
2592813892
2070078140
1570010456
2813740129
2792406277
2786235982
1655647788
2787739805
2593028220
1570016562
2592974405
2603990448
1569692995
1569712483
1569933011
1569831642
2774359535
1569938589
1569910761
1569761656
1569825641
1569820192
1569664121
2070020297
1655687888
2774327232
2592800822
1569852123
1569933888
2592799955
2789954046
1569847747
1570015312
1569727616
1569884019
1569672053
2592965417
1556283625
2774441666
1569743766
2786243702
1561257006
1569690430
2592969210
2786295079
2774351372
2070045446
2786338558
1569900252
2070031954
1736896269
1570014044
2786286480
2594577310
2592795138
2601484557
2592792690
1569680006
2799091721
2786219147
1569664360
1569840622
1569928259
1569938344
1655453481
2787819059
1569677628
2592814817
2796913110
1569889915
2774456200
1569715888
1569942830
1569715862
1560658388
2592794292
2808792833
2592808793
2786251071
1569872605
1569745409
2774480891
1570031122
2600155386
1569716127
1569952207
2592804995
1558369619
1556342803
1569758697
1569708501
1569713691
1569930515
1569841659
1569836593
1569663037
1569850954
1738075305
1569912969
2774414195
1569702240
2592814366
2786212904
1569708316
2592799605
2786241238
2798958961
2592799423
1569664344
2592966385
1569887166
2774477857
2774362623
2070035635
2070035231
1569897029
1569935759
2592994391
2592822242
1569842809
1569951482
2789542687
2774341312
2786275151
2786313923
1737779819
2593054752
1569696892
2592792967
2070028300
1569676905
2070029450
2789381609
1569842090
1570027198
2795241639
2599682830
2070078282
1569940603
1569803251
1569687358
2787925571
1569808817
1569934989
2070043604
2070044822
2786254667
1569719424
1655665255
1569830284
1570030891
1569885649
2809038520
2070070183
1569837805
2594580204
2592793818
1569847973
2786276321
2774396906
2786321107
1569715966
2807135400
2786313875
2786295504
2803458343
2592798199
2592868131
1570034256
1569833362
2786213291
1570016898
2774416122
1569810387
1569855965
2592795271
1569820718
1569942369
2808984743
2592862906
2812441815
2774349226
1569675435
1569870630
2786222300
1569826326
2786272055
1569889970
2603830734
1569873329
1569723286
2593016639
1570014933
1569848250
1569753666
2592796966
1569879287
1569865012
2799094400
2774475968
2786282976
2792821719
2786258663
2786288133
2593061578
2593041556
2808804467
1569944847
1569710267
1569736100
1556386811
1570015690
1570028861
2592985411
1569934859
2593031217
2070045524
2786253810
1570026918
1569945899
2814059784
2592801511
2592795704
1569673431
2774509591
1655469227
1570014166
2786216832
2808527876
2774419714
2592837350
1569896918
2600365549
1569680315
1738191778
1569875561
1569718595
2803442710
2593059229
1569890367
2786306795
2592984353
2774424180
1569921596
1569840742
2774421638
2786281145
2593094534
1737779306
2592975614
2593011375
2809429167
1569863327
2786328123
2592799012
2792906047
2592788134
1556602163
2791055340
1569820797
1569803958
2592796016
2070035185
1569756357
2807216834
1569687316
1570041048
1737779078
2599693018
2795218869
1655717569
2774455698
2787809171
2592840041
1569883636
2592971405
1569943660
1570009849
2593044227
1569803660
1737779147
1570007734
1569894411
2774405520
2774444795
1569816576
2786318749
2592797477
1570018057
1569815703
1569670498
1569822391
1569759270
1570026953
1569820624
2593050485
2774370217
2812489732
1569820917
1569703033
2807162634
2808148663
2812473173
2799409339
1569858612
2070033096
2718820267
2070039372
1570015601
1569864349
2803405240
2070019573
2774420705
1569752695
2786211412
2774442972
1569736313
2592830723
2601433471
2592805443
1569900039
2592799294
2774449569
1569696920
1569812423
1569823874
2592794865
1569710646
2774422703
1569710596
2809434552
2793059888
2786219963
1560632456
2593014387
2812569541
2592883078
2774410781
1570035902
1569658191
1569691659
1569911044
2592791144
1570009636
1569903542
1570016193
2812541687
1569948245
1569754194
2592802045
1570007914
1569832333
2774319234
2808148899
2809044549
2787791539
1736416412
1569735360
2786318605
1570002059
1569746813
1569941609
1569673151
2594256712
2774441808
2800639098
1570038611
2592789042
1655670415
1569659206
2808991240
1569940315
2799410029
1569864241
2792923352
1569686549
1569911896
2592799799
1569731782
1569879031
1569685659
1570006954
1737194323
1569719180
1569661306
2787996016
2787822813
2070015407
2070048591
1569838245
2070031485
2774520324
2592973131
2592805347
1569922148
1569919462
2813843916
1569921506
2809004688
1569947044
2774344857
1569946677
1569835354
1569837402
1569761001
2592799567
1569829806
2592829435
2774373640
1655510212
2786243516
2774344763
1569944441
1569750224
2774373039
2592830144
2786317901
1569836969
1569893246
1569847392
1569709647
1569884104
1569724573
1569676943
2758082001
1569688970
1569679611
2593055858
2786319882
2809008384
2774389983
2808786561
1558369715
1569946747
2774392299
1570038965
1569806979
1570012117
2594323259
2592981879
1569759608
1569920697
2593035373
2592993693
2592839493
1569877629
2786284581
2786287791
1569836383
2592993528
1569819730
1569873687
1556121752
1570017739
2592960686
1569815033
2789788540
1569910833
2070030530
2593651059
1569815578
1569674317
2593041079
1569693802
2592798110
1569666091
1569757630
2789361971
2601510678
2070071329
1569749998
1569870385
1569753638
2774393787
1569853749
1569806024
1557024074
2789044583
1559177727
2793622231
2786354016
2774358881
1569661528
1570039536
1570017174
2786327004
2592799105
2801617738
1655614979
2809044566
2812421778
1569928994
2788249669
2592988138
1569662395
2603783870
2786307848
2808221513
1560765828
1569735683
2070045177
2788261894
1738192785
1570000434
1556845135
1738187587
1569906099
1570029102
2593018861
1569833673
2809056290
2592953190
2600354887
1569683571
1569675943
2786326183
1569806992
2593994651
1569943850
1569920314
1569754475
2786241765
2070038755
2809028822
2592792431
1569894129
2592815970
2786323348
1738192910
2592854221
2809434651
2806614600
2774365930
2774337650
2786235136
1569919486
2774399538
2786322710
1561205415
1570028910
2600502055
2809011445
1569665363
1569940865
2593087411
2792835859
2593044046
2813223665
1569670376
2795188410
2787822717
2809004088
1569927286
1570018564
2593077473
1569903987
2070038200
1569807554
1569671980
2814149233
2592799759
2592862481
1569671865
1570007661
1569751685
2592806459
1569865223
2774424825
1569671351
1570007014
2592801489
1569834674
2774332233
2592882589
2798963607
1569948299
2774362883
2600157977
2070040756
1569670212
1569752550
2774393207
2592861683
2774440830
2774410898
2812541669
1569918104
1569732013
1569685147
2801866771
2600316256
2786249530
1570039926
2676757315
1570015534
2774423158
2593061447
1738160403
2592807650
1569672400
2774379208
2792722190
2774401281
2787809114
1569724444
1569944017
1569948817
2774414155
2774370573
1559244969
1569898551
1655636006
2774393845
1569665333
2786250458
2774441866
2809011579
2793212397
1569951089
2797122404
2592793691
2789875584
1569848718
1569948978
1569679496
1569727607
2813781299
1569675128
2809478722
1569942729
1569717019
1569900701
2774411010
1569910525
2592805634
1569738311
2592787886
