1467918521
1468050627
1468041098
1468047413
1467868118
1469376573
667034690
1468007701
1468041038
1469369283
1174059463
1468351029
1468041105
1467872033
1468373128
667046363
1174059419
1468220209
1468046694
1468373114
1468007824
1467917940
1468163322
1468122927
1467885799
2767657
5490989
1468099331
59937929
1469411255
1469389359
1468007787
1468351044
1467986632
1468096608
1468048293
1468116051
351223381
1468217942
1468010840
1467872119
1469383229
1468141305
1468048543
1469327340
1468046716
1468046730
1467866691
1468373121
1468141313
667046396
2604438717
1468340838
1469425213
1467904948
1467887892
1467870680
1468050008
2604439664
2604439752
1468373143
1468285036
1567645188
1468047422
1468217034
1467865831
1467887441
1468024822
1467920391
1468270886
1467914162
