1467918460
1467886466
2756730
378938223
1467876008
1468097922
1467875539
1468278855
2661980410
1468012588
1468043984
1467883030
790253278
1467889928
1467878225
2693937
1469253737
278989958
345948949
172732233
1467886687
1467878199
1467879445
1468324376
529547138
1468134444
1468008763
1468098057
1468015933
1468049214
1468007711
1467902576
411249412
1467910339
1467935311
348882731
127203322
1468285371
1467898309
1467915696
1467877482
110981745
622050361
1468367588
1467915685
1467910959
1468374902
1468279846
347135246
1469433695
1468011609
1467932442
1467970934
1467909362
1467894065
1468011656
1468045856
1468313457
1468135122
1468095317
1467871215
1467923888
1467871394
2644087936
2908595
98371333
1467878835
1467985050
1468025890
1467983276
1469364576
1469262794
168116841
1467872984
1467869652
1469333022
1468374966
1469430913
1467891611
1468010606
1467936701
1468048928
61103881
523575329
2634725616
1468040461
5448577
193808821
1467932827
1467877736
378704738
95572399
1469364473
1469432051
54482363
1469370922
2636590395
1468086936
348185166
1468218804
1468118376
3708936
1467897467
1468043971
1469356027
1467970157
1468042924
1467877604
1467910391
1467874654
1468097930
1468672135
1468410195
1468356295
112820110
1468046849
122587715
1469380739
1468058347
1467920311
1469300476
1467924024
1468004540
1468232135
1468011372
1469300322
1467938196
1468010692
1888927
1468098265
129319778
1468368381
1467978293
1467868090
1468370061
385865946
1467898131
1467885307
1467876613
1467886980
510812848
1467874888
154655146
1468071357
1468045664
1468220201
1468299981
2900032
377758815
10368
1469341199
1467901632
1468348512
1469356970
1468279798
1468330541
5461670
1467925179
5465154
1468164454
1467975862
636796945
1469347702
1467907163
1467878188
651247073
1467913386
1467899424
1468338188
1468300212
496099903
1468001902
1468264751
1467975230
1469351167
1467902457
1468075684
1469422011
2792575
1467917966
1467966542
503061554
1467895264
1467919774
115215861
1469368745
1468300173
1467916053
191142417
1467879018
1467986387
3004004
1469309671
501141808
184774526
1467986365
1467876496
2647510955
1467975209
1468040421
1467885927
1468285355
305747815
1468049783
1467899206
1467934672
1468714065
1467935189
1468260865
1468011893
1467976035
1467876810
1469292932
1468717808
1468047774
1468015873
1467902587
1467882503
1469412359
2604439219
5246079
1468374958
1467975778
378937033
536238034
1468018671
381193721
94890401
1468300220
2998305
1467911611
1467893972
106790437
1467928724
1467886730
351278824
377821045
