1467911560
1568576335
1467869667
1468010861
1467911223
1469314627
1468303938
1467887158
1467870596
1468177979
1467883243
1467888318
1467976306
189283180
1468034731
1468283215
1467887659
1467870508
383213448
2526911
628654738
1468284152
1469391417
1468023669
608573732
1467944747
60533728
1468163116
1468079396
98897360
1468308114
1468039828
1468292683
1467884734
411704427
166605299
45987930
380505015
1468318208
1469419953
146690318
1467967445
166412133
1469332591
1468332750
337020305
788044382
1468034711
347542167
1469347784
1467881636
1467876684
1469417050
1469332737
1468197202
1468208822
