1467976152
1157831129
1467904723
1467979305
1468300125
639939342
1467888594
1467877411
1468324992
1467897293
1467867255
190967556
190967545
105970871
1468288786
1467878871
667032006
1469347909
1468300244
1467903042
1468023758
1469303060
1468223891
1469326113
1468160670
1467917177
1467898364
1468293590
292802
191343811
1173934105
6117764
1468012296
1467986477
346649386
1102620528
1467872423
52908417
667042634
1468346515
1467911343
1468082160
1469312942
1469288899
1467890981
1468363743
785922314
1467871642
166067123
128840573
1468054135
1467905391
1467894490
96225376
1468023720
1468010648
1467877141
1467915175
1467979959
1468011618
1468023777
1467917143
630067963
1469294107
1467975816
1468008821
1468244802
1157831107
1468285530
1467976048
1467900262
63169727
383197859
667034408
1569575885
1467873639
1467917858
637199775
1467896427
1468045657
629228237
1569604268
1467917156
5485376
1467925702
1467972257
347375715
191988592
1468117160
1468306463
1468001961
1467975900
1467919787
1467975826
1467877629
1469399184
1468312604
1467903511
670376080
1469286943
1467969511
1468049228
1468300109
1468039577
1467975702
1467977475
1467913598
1468081077
1468039862
1567829573
1468200688
1467869473
1467883737
1468174117
1468707016
1467871750
1469334213
1468451088
1468162623
1468002124
1468037889
165236853
2903019
1468300228
1469319879
1468278816
1467877551
1467979968
282818792
194077374
146688921
1469319858
1467877208
1569604393
1468120908
124563508
1467917752
1467932396
5489144
1469300400
1569593751
1467975627
1467975262
1468012320
1467971022
1468346523
1467975164
1467868045
348277775
1469335069
1467878555
1467900620
1468097914
1468009477
