1467909303
210356694
1469415469
1469336069
1469381553
1467916648
1467891304
1031425153
1468044599
1467877057
1467878239
1467884369
1468371833
1467896405
187187929
1467911171
486891108
1468046813
1467873324
1467880519
176441879
1467910914
1468050067
1467910471
1467890239
1469360789
1467994741
1468423210
122138382
1467868692
1467920026
1467870496
1467897007
1467900207
1467872008
1468020371
1467878398
1467876560
1467882096
1467902407
1468308074
1467910797
1467875296
672343012
1467869160
1467872529
1467984489
1467913883
671553655
1468159709
1469388122
1467901893
1467917204
1468308058
121787785
1467923905
154912011
171498803
299814479
1467994873
1467874158
1468034703
1468013038
1468074483
1468370069
1469362368
1468063846
1469405027
787375939
122280467
1469375324
1467878978
380592959
690128
1467917041
1468308466
1467892254
103047057
1469335633
1467894597
1467879004
1469377691
359591152
1468045100
1467878676
1468049344
1468012885
613170513
1469303350
1467876067
1467886536
1468013295
1468043903
1467873025
1467937279
1467880624
1467885079
1468428976
1468167515
787598592
1467868204
349313739
1928145
1467908585
1468313655
349731146
1468019272
1467886607
1468046632
1467994780
1467911591
1467895044
1467877077
1469349149
4407767
1468165504
1467892784
1467886125
687648
1468117328
29758512
1467892046
1467917051
170982541
1467890527
3529
1469337813
1468028533
1467994505
1467881417
1468341784
1468014376
1467876178
1469318805
1467932954
2642238
1467982595
1467907362
1468032369
1468098826
1467883803
1467875985
1467866677
1468380865
1467900858
1467890379
1467883157
1468039784
1168968566
1468353658
1469382710
1467910810
1467910899
1467932841
1467870890
152232793
1468205472
1469414215
1468305337
6257054
353317091
1168580195
1467913312
377867937
1467868131
1467905923
193558320
1467879231
1469334016
1467920725
1467904354
1468213212
638484273
661960156
1468025741
1468049164
1467871481
1468047077
1467898142
1469395952
1467896799
1468048001
170982134
1467918943
1467886510
1569583482
1467975990
1467900456
1467919245
1468047458
511321613
107614607
161304261
1468040079
651611295
1468002286
1090806234
1467890994
1468018124
1467922942
1467877530
1468018184
115445870
1467879524
1467873313
1467871406
1468024250
1468045229
1467874207
2211264
1469402861
1467868804
1467911492
5345506
7281120
1468010592
1468046760
1157281366
636987713
1468043867
1468019889
1467978271
1467910702
1467894952
1468371733
1468011647
122926603
1468046402
1467978336
1468055374
1467877163
1468022055
1467893136
1467875006
1467874972
1468044620
1469299661
1469403003
1468024573
1468047240
1469355642
138018465
3005328
794588607
1467900133
1467922223
1468018300
1468024260
1468047860
1468049518
2369146
1468371122
1467965407
1468014159
1467878601
125065571
194058756
1467885566
1468308650
1467894816
146688767
1468308642
1468046259
1469406469
1468002051
1469292984
1467888390
