1468015586
1467899889
1467896591
1468013456
1468310831
1467975920
119899954
1469347582
1467899053
2615793689
5445305
1468002135
679743817
1467910461
346903694
1467898557
1468023788
1467975680
1467975242
1468008811
121555656
1468048408
1569780246
1468163131
1467975737
1468009211
1468099030
305267042
2702083
1468030701
1468267960
176174397
1468277679
630136731
1467975849
179913543
1467975836
1468373202
1467871630
670483424
1468304511
1467903975
1467975944
1467917929
380169175
1468223899
60530393
1469336564
644220474
1468231761
1468278924
1467976142
1467898083
1468002921
2361519
1467917979
1469387853
1467976024
151743055
1469353161
