1467876008
1468010254
1468285371
1468305337
2634725616
195348108
1467872423
1467904354
1468013038
1468013295
661960156
1468080436
630136731
1468349860
1468353658
1569768544
1468011656
1468043820
1468176841
1467900456
1468003327
347058570
1467915045
1468046253
1467876810
1468094942
1468218804
523575329
1468035508
129087816
1468045100
152232793
509142810
1467874744
1468377652
1467911591
190967556
1469303350
127203322
3708936
1468060140
621353277
1468370061
193808821
782139173
1467885399
1468009681
1468368381
1467875539
1467866677
670483424
1467955129
1467899369
1467890527
630067963
670307465
1468063846
527968781
1467977461
1467978271
667952426
1468170932
52615785
1468285355
1468009670
529547138
1469334816
185688890
1467983276
1467877057
1467905923
1096292542
1467875248
1467913138
1468032369
147648931
1468278110
344251495
1467907251
7292255
1467899222
6330087
1467913437
5449136
1469309671
165236853
1467932779
1468026292
1467977475
1468213971
1468444194
1467876178
351278824
1467874654
1469292932
2998305
1467920877
1468178694
1467878199
1467924024
1569768601
1469292984
501141808
1569586535
1467875985
2903019
1467902466
191173440
1468037440
388027159
1467919084
1467880189
2639605
5599665
349944409
1467878978
1468015873
1467886980
29746929
189305238
1468001902
348277775
694605
5443990
1467895044
107659791
1467917282
1467880291
385532774
1467873324
1467869737
383197859
1467890379
165081896
1468046476
1469351094
187901129
510812848
10368
1468009629
112820110
1469367494
1467970934
1467913196
632894380
1467913103
111722917
1467887918
631993941
165015868
