529314623
5448577
1468285163
632411205
123004463
194077374
1467911581
1468039784
128840573
1467964445
4283577
1467891968
1468017310
629228237
52158191
120020541
1467983144
1468837148
1468260865
113052142
1468011893
1467917966
173366100
1468012588
169100335
40483917
1468338188
3701278
1467895495
1467967445
8647719
1468141313
2361519
383458935
125706750
285779269
324314116
677182402
187187929
679475034
1468151004
345775989
160813960
1468040296
59937812
345188784
1468098826
377821045
1467885079
1468046275
213388133
383624657
1469419953
277471893
633946175
348483114
45987930
1469294107
671301583
784398228
787375939
101774929
652782274
1467900858
679749317
1467922020
349264420
1468154968
279057822
123720177
1468150508
103047057
1467880104
380169175
634982228
1468135122
1468356295
1468027170
1469318805
1468244802
1031425153
1469326408
1569604393
1467982595
1468165504
128840482
1467869297
1467878790
1468023777
379890469
1468007040
1468123223
1467882380
1467871703
1468672135
1468163131
2604447786
2996775
1467932827
1469432051
12970
1468044599
1468308058
1468141305
1467932954
169082458
1468029905
1467872529
1467877077
1469307933
6150126
1467867255
52908417
2088584
1468023758
107261982
3365428
1467897007
685579
1468046069
1467899053
1468155503
1104947014
191343811
1468096473
1468018124
1569604268
188292845
1468028533
