1468050280
1096292553
511202685
2359232
1467923630
1469297681
1467879445
1468023720
1467917156
679682613
1467899233
380816252
629076506
1897213
679727905
2008532
631408987
642686498
1469343726
1467892353
1467895879
635724596
1468182149
171635955
350366085
1468002286
1467890716
504864996
1467890812
1467908585
1467882503
76809307
121555656
1467923315
1467919245
379929305
679678505
1469360789
1467892211
1468162686
1467884734
1468023788
1569589874
2667500
1468011863
1467922223
638553475
121532613
1467980629
1469424153
1469335069
673834827
779267060
647645730
2900032
1143270059
6257054
1467976306
1468277522
108561266
1469251492
97385413
1467920311
1467877163
1467911492
2546213
1468356343
1467881589
127204178
1468146337
