1467890994
1468308650
1467871664
1468002051
115215861
1467919774
1468063146
1468117328
122280467
1468048001
1467870335
1467878601
1468308642
1469364859
631153179
621497975
1467884457
1467871778
5345506
1468308074
1467975209
1467899206
1469371178
640518889
1467888528
1469334016
1468163553
1467966634
1467892254
1467868131
1467975230
1467872213
1467877005
278989958
1467880789
1467871215
124563508
187292779
503061554
347135246
1469351275
1467909349
785601437
94890401
183487308
147362163
36798137
1468049952
377867937
1467887730
122587715
1468077267
1468116051
