1468047130
60530960
1467892552
1467908701
1467886125
147176019
1469420804
2667110796
2644087936
1467890183
385865946
1467880678
165933064
1467893972
1467884181
1467866276
1467870508
2521742
337020305
1467907362
2655681145
2155193
1468047860
1467975990
3004004
1468213212
1468375887
1467902381
486598462
377758815
1469415469
380505015
1467901893
1468034731
146808660
1469362448
2628646255
383213448
1467867163
1106261562
496099903
44226923
1888927
284036273
1467871797
1468359558
1467868718
1467975164
1467913386
127925670
344500975
1469334364
1467878398
392312547
6517164
1469250114
2625177
1469424776
1467878835
1467918943
111964027
185511205
1468065130
1468055374
1468043903
124025458
1468092237
1467991233
2616207951
381193721
379111
1467927317
1467897335
1468012320
1468409408
2615793689
