1467917940
1468096608
1468007711
278779335
1468046716
1467978336
1174059419
1468819130
1468300173
1467986387
1468050008
1468010840
1467888594
199379646
1467903948
1467903511
1467870680
1468048543
3013114
1468046694
1467904948
1469389359
1467889952
1469341199
788044382
1569575332
1468220209
1467901440
1468279846
410901636
5450080
1567829573
1468270886
1467979968
2604438717
1157281366
2604439752
1467975702
1467919787
1468097922
1468299981
1468288786
1469262794
1467975862
1467975778
1468407417
1468307954
1468054720
1469336121
1468279798
59937929
1467976152
1467918521
1567645188
1467975627
1468212019
1468300149
1468770323
1468300212
211394327
2661980410
1467979959
1468217942
1469369283
1468330541
1468291257
1467902576
1468041038
1469370922
2604438704
1468098297
1468050627
1468266440
1468300117
1569583482
1467903462
1467872119
789765659
1467984169
1467871630
1468007701
