1467889952
1467917940
1467902576
1468041038
788044382
1468096608
1468007711
1569575332
1469370922
1468407417
1467975778
1467975862
278779335
1468046716
1468220209
1468307954
1467978336
1468054720
1467901440
1469336121
1468279798
59937929
1467976152
1467918521
1468050627
5450080
1174059419
1468266440
1567645188
1567829573
1467975627
1468270886
1467979968
1468819130
1569583482
2604438717
1157281366
1468050008
1467903462
1468010840
1468770323
1467888594
1467872119
789765659
1467984169
199379646
2604439752
1467975702
1467871630
1467903948
1467919787
1467903511
211394327
2661980410
1467870680
1467979959
1468217942
1469369283
1468330541
1468288786
3013114
1468007701
1468046694
1469389359
1469262794
