1467889952
1467902576
1468096608
1569575332
1468407417
278779335
1468046716
1468220209
1467978336
1468054720
1467901440
1469336121
1468279798
1467976152
1467918521
1468050627
1174059419
1468266440
1467975627
1467979968
1468819130
1569583482
2604438717
1157281366
1468050008
1467903462
1468010840
1468770323
1467888594
789765659
1467984169
199379646
2604439752
1467975702
1467919787
1467903948
1467871630
211394327
2661980410
1467870680
1467979959
1468217942
1469369283
1468330541
1468288786
3013114
1468046694
1469389359
1469262794
