353449934
218590835
1469422011
794588607
1467886607
1467868313
1467878253
2630316
1569772068
1469375324
787058725
1468046402
1468042924
1168968566
191142417
1467910914
1467868692
1467876560
1468196579
1467871406
1467875020
196082807
129829655
1468014159
1468011647
98897360
166605299
1467875006
108337682
1468208822
1467917204
1467887158
1467897467
1467869144
1467872140
2756730
283988925
1468197202
1468019272
1168580195
1468034703
1467872853
1467883665
1467985050
1467875296
115446781
1467954035
1468047458
347877328
1467873155
1467910702
1467881156
1468264751
2661066250
1467870640
1467917051
1467910899
1467873794
651611295
1468047240
1467878225
29758512
127584008
1468220201
1469382710
1468024260
1154191386
1468163322
1468040079
1469416065
1469336069
1468045664
94804673
1469430213
1467868118
1467871750
349313739
1467877450
1467936701
1467888390
96225376
1469349149
1467935532
1468049344
1467877141
1469351167
48374528
1467911560
106211447
347143598
45902361
1467870496
1468167515
1468290898
5485376
1468205472
1467883851
1468049959
180858434
171498803
54387275
1468079396
790975112
126984908
1468285530
1468273791
380592959
1468367588
347542167
639205144
633476700
1467892784
1467880463
347375715
1468024250
1467889928
1468002169
1468283215
1468170940
