1569922526
1569879478
1569678141
2070069647
1569742601
2774384951
1557716021
2774402612
1569912237
2786282428
1569900714
2677411824
1558481778
1736926650
1569937978
2774415794
2799238800
2792550655
1570014192
2813044535
2786276564
1569928910
2808774698
1569757099
2592820169
2813149492
2592813945
1569921539
2774370527
1569817705
1569858612
1569943690
1569719194
2604019313
2593683403
2593022289
2809185090
1569919640
1569831287
1569675342
1569835177
2786249496
2774430205
2593064067
1655621152
2593019973
1569892688
1569672245
1570013401
2593013467
1569917100
2792999227
1569734635
2070041220
2600234791
1569678761
2774336575
1570029203
1569701430
1569947582
2592984028
1569834615
1569715262
2592882589
2601426301
2786240701
1737779666
2786211577
2592989157
1569719424
2592790059
1570039489
1737774045
1737774054
2593087123
1569871064
2786260051
1569715253
1734749912
1569868898
2792954587
2592922616
2774447678
1569884717
2789697760
2070074454
2800077990
2774492620
2070040497
2774391707
2786214769
2594254849
1570016109
1569685620
2593032712
1556393152
2795206058
2592836762
1569661659
1569722365
2070017296
1569760875
2809118204
1569691905
2813717326
1556845152
1569870416
2787808815
2787903250
2813075283
2787919483
2774499497
1569677132
2786222995
1569677118
2592799759
2803452194
2793036469
2809006041
1569710315
1569857740
2809042658
1569953989
1569922424
2592853411
2774401572
1569848997
1569717299
2786344958
1569915377
2592795206
2794720941
2594427388
2774525120
1569669093
2786314978
1569750866
2592836958
2786313717
2592981044
2774441957
2600485251
1569762451
1569918823
2789545823
1557326718
2593995497
2593089428
1569910689
1569879031
2808615641
1569713916
1569899354
1569939237
1737779147
2593063801
2813717361
1569906233
2786324001
2593039764
2600164403
1569657797
2786263240
2774480607
2592842878
1570024245
1569727736
2592800379
1569676996
2593049286
2786217250
2592906929
1569917582
1569803549
2601400534
1569943720
2786219975
2799189590
1569949610
1569856707
2593022617
2592955332
1569753596
1569685133
2592875439
1569752058
1569753023
1569723355
2795304052
1736857569
1569921410
2604579143
2592803813
1569809356
2592849264
1569803464
1569839828
2593084179
2795306638
1570000243
1569665088
2774392039
1569739902
2801844538
1569823874
2070039989
2592853803
2774319268
2593087081
2603159901
2774443347
1569892749
2592806726
2592790341
1569749053
1556238199
1569750101
2592882016
2593057191
2801633026
1569680534
2774439064
1570028765
2594553795
2593087016
2600158610
1737777130
2602963298
1569708501
1569826326
2592884167
1569947706
1570010669
2807162309
1570033283
1570016682
2070054426
2800022717
1569667376
1569669034
1569663438
2592805159
2786261340
1569660520
1556668097
1569818332
1569685423
2793109909
1569720372
1569737236
1569923260
1569851622
1569874047
1569730669
1655657182
1569739931
2791082056
2595215566
1569945475
1569753119
1569676919
2786216677
1569758359
2592806814
2774422735
1569675314
1569722346
2774462892
2599686383
1569861137
1569934989
2070048965
2786256501
1569730415
1569672432
1569692342
1558028037
1569716031
2592793818
2806011889
2812675241
2799002509
2786211967
1569806928
2787819143
2786245469
2814239228
1569899960
2774391799
1569748691
2594296000
2600256556
2592899888
2603129375
2774434764
2786318735
2593011734
2070069660
1569674858
2786219937
2774449588
1569839969
1569736244
1569841203
2594317039
2786324115
1569822954
2807154835
1569941704
2790493592
1569666986
2786273967
2812667788
2812437921
2070039442
2070044879
2592838289
2593035395
2786238532
2794825534
2070054877
1569859593
1569848870
1569683509
1569715966
1569718888
1569715196
1570032372
1737777014
1569715614
2592801266
1569939397
2806618773
1569889956
1569857473
1569672808
1570033878
2594277809
1569874810
2592868131
2592806797
1569694734
2809590550
2592803755
1736577155
1569845234
2070031941
1569816839
2592799277
1569914908
1570010865
2594382884
1569862691
2787772181
1569851558
1569668378
1569679952
2592793778
1569728250
1569943225
2774439084
2592797739
2603085800
2809019282
1569674206
2786313923
2809047645
2790455661
1556188082
2809042607
1738137270
1556084648
1569750948
2812489714
2592958355
1569758679
2592831320
1570017782
2602683393
2813223049
2592860484
1570010188
1569803251
2796913134
2774388865
2592807929
1569824369
1569852015
2070070261
1569696960
1570017578
1557062154
2592864983
1570018075
1569870073
2774406237
2070078282
2603037428
2793072821
2070022427
1570006420
2809006952
1570012620
2592794829
2070045538
2592825335
1569659503
1557084144
2592788134
1569904379
2787777836
2786363293
2592798199
2774352995
2786310476
1569816053
2592789726
2593485105
2801871739
1570039536
2070041342
2592807858
2807135400
2786231597
1569920670
1569699005
2786221466
2804629085
1569840708
2786322393
2786234382
1569743000
2808144766
2786260567
2786261628
1569815051
1569942830
2774370705
2808770637
2786340444
2787739805
2070067833
1569944325
1569678859
2070045138
1560017016
1569731048
1569730004
2786253700
2593994947
2774425239
2787808722
2774338708
2774407018
1569717923
1569803706
2774413846
2592812640
2774400595
2597756425
2774422555
1570026493
2774405520
2721019628
1569844176
2786219963
2774395658
1569685007
2786328905
1569747282
2786328028
2774396639
2592819802
2592992973
2805426288
1569701858
2592798026
1569927104
1569942908
2787991517
1569680643
1738187587
2792997111
2592792015
2774367629
2592823396
1569913618
1570038965
2592951974
2786254145
2592966166
2597758641
1556092690
2787777812
2774462858
1569937903
2790149014
1569750348
2787737772
1569872033
1569875108
2594556124
1569661243
1569657972
1569916304
2774341312
2774366659
2795265309
1569939173
2806721757
1570010566
1569698960
2788153221
2070045509
1569868591
2592945407
2592821465
2592795416
2813212602
2592851994
2593044227
2814059784
2070037110
2594553339
1569806992
1569688791
1569850534
2793084575
1569884311
1569745614
1569943316
1569677857
2786231844
2812930441
2774364680
2070015735
1569679884
2812541461
2774334291
1569755766
1570026918
2786254596
2678017822
2795418041
2774443579
1569922751
1569677775
2787809452
1569841797
2592787886
1569666044
2070071876
1569688484
1569662535
1569659518
2809398631
2592795080
2786272327
2592908919
1569902078
2787739886
1570027343
2813036384
1569832204
2070035046
1570040624
1569681038
2786331479
2786299692
2601509162
1570031598
2592799623
1655471093
1569890788
2070070183
2786316556
2786321352
2792928390
2774345805
2774391255
2592807035
2070048591
1569882447
1569806409
2593064823
2774351372
1569906362
2809525615
2808989013
1569666653
2593109977
2601487711
2774410898
1569898337
2788221660
2786297906
2786219076
2774389537
1569687547
1569749702
1569746632
2792954570
2787819077
1569885486
2774411046
1655647788
2793059888
2774386513
1569709971
1569938473
2592857960
2799094427
2786245090
2593091052
2786289794
1738160107
2774373039
2787777853
2601600867
1569802657
2786328075
1737233920
2795430307
1561257376
1569686417
2786311138
2592817827
2592787205
1569806979
1569755402
1569903339
1569843095
1569917684
1569854843
2774393323
2801625170
2592789289
1570024132
2786319337
2790490333
1570021306
1569713261
1569930660
1736416359
2592791426
2799629134
2774335043
1569681257
2600163782
1569868549
2774411010
1569947359
2592814718
1570015363
1569920697
2809434651
1569888844
2592788797
1737775174
1569738311
1569690632
1569677199
2786295015
1569743333
2774445476
2792931720
2593027970
2786291187
1570010824
1569663233
2786229271
1569927634
2774462418
2603783870
1556335588
1569826653
2774341074
2774357412
2807135514
2787770560
1569927703
1569882345
1569906782
1655637818
2786241765
1655476706
1557840616
1569911253
1570034197
1569668919
1569831642
2774346247
2599985461
1570015115
1570034145
2070025444
2787808905
2592836426
2801617738
1569681066
2801828335
1569762088
1569756544
2808415651
1569665926
2593016639
2592851649
2592840736
2774451626
2790148961
1569704408
2592793166
1569726499
2592828020
1569897086
1569755918
2594255593
1569723186
2593055026
1569820256
2792881170
2786237966
2600158438
2592854316
1569877505
1569713691
1569857660
1569730045
2787925571
2774441970
2801015522
1569753969
2592829635
1569666635
2786328258
2602734554
2796434807
2786234940
2070041149
2788411554
1569898054
1570032030
2070021698
2786283109
2592796146
2592795934
2786261142
1569911425
2592977894
2813740129
2593092035
1570032680
2593446336
1569912768
2795302503
1569683571
1569722707
2592798978
2070022297
2809040407
2795186643
2786294680
2786313875
2786327888
2786273474
2809025610
1569715839
1569676329
1569711108
2786295489
2592796715
1570033735
2806619427
2786241214
2814512097
1569664792
2790441674
1569854312
1734043342
2786226095
2774380946
1569859017
1569666731
2592875812
2814047654
2070031701
1569735360
2592792928
1569811931
1569658191
1569715386
2774414959
2592826098
1569756357
1569918295
2806615739
2800732357
1569841084
1569847211
1569806736
1569670022
1569949818
1569947044
1569758109
2805513700
2774443564
1737778605
1569704395
2594317125
1558684115
2592805553
1569812172
1569753609
1569821158
2774344900
2592810116
2809001906
2603310344
1569668076
2790494980
1569754262
2676665399
2786255783
1569678939
2790493308
2774441879
1570037903
1569814874
1569815310
2786243680
2814036201
1569874700
1569859307
1569889231
1569837671
2594689799
2592811345
2592792414
1570031000
2592962809
2815094874
1569665653
1569752409
2603560320
2809028859
2799204626
2592830983
1569920635
1569935142
2774392299
2787729964
1569747517
2592806592
1569892992
2592803252
1569872605
1569668062
1569952241
1570013016
2808609106
1569836450
2592811906
1569659627
1569893947
2786234023
1569730375
2796433939
1569718595
1570018985
2593094570
2792826354
2774373336
2799057864
2774390598
2592801908
1570016781
2592982066
1569664121
1569731782
1570011308
2814012508
1570007734
2809044549
2787809355
2774435550
1569948338
2774412794
1570040569
1569923349
1737308546
2786356073
1655453481
2809004088
1569916195
1738198537
2593499516
2786295079
1569666222
1570021980
2070025553
1569666593
2812679272
2786313237
2592788575
1569844326
2601433471
1569744448
1569818110
1570023000
2788287304
2786221572
1569749998
2774419699
1570033720
1569876368
1559557362
2774337515
2601053342
1569708294
2592795828
2070031731
2808774754
2786311640
1569846835
2786226079
1569835029
2774443648
1569726778
2592829670
2592849096
2774441983
1569802746
1570017174
2786235982
1738211032
2592797861
2809001453
1570017117
2787730037
1570027211
1569755388
2593066696
2593028857
1556141167
1570030654
1569945390
2786281145
2592852404
1569942971
1570034283
2807082905
1569736334
2774475505
1569948978
1569709937
2774472741
1569897029
2786334204
1569758031
2774520341
2592889727
2593079815
2786222954
1569710111
1569832504
1569656289
2592886189
2788659495
2807515341
2774345830
1569665595
1569936338
2808147243
1569757000
1569838711
1569947919
2805988517
2786364776
2592787992
1570034343
2807152470
2786313863
2812473299
2807523228
2594553822
2592855356
2786299382
2601420594
2807958378
2808145178
1569669748
2793078812
2592958383
2808148899
1569859861
1569928225
2803442710
2677438497
1569922703
2592813270
1569836969
1570034513
1569852849
2592800822
1655636006
1736865983
2600213716
1556122598
2809055046
1569862081
1737778891
2786216074
2774349668
2806662767
1570011293
2594283522
1738216252
2809012693
1569857486
2809144038
1570010252
1570009636
2774389265
2600161556
1569822510
1569873591
2786319882
1569900024
2593022877
1569748041
2807061511
2786273685
2592790742
2603352283
1569897541
2774396082
2592795029
2070043604
1569739874
2593085467
1560465902
2774446300
2600150294
2070035185
1569932322
2774422720
1569894498
2592976161
2774400428
2788290052
2592941401
2792931633
1569901034
2774484569
1569666250
2592839531
1737194323
2786255170
1569665523
1569885056
2774452607
1569848718
2070019462
2786243015
1569715901
2592825184
1569953729
2593048146
1570007914
2786315396
1569911619
2801476019
1570017451
2774452637
2813740091
1558491880
1655741362
2592851912
2593054428
1569665319
2774441892
2592801368
2786331614
2786312994
1569822376
1736857304
1569832561
2786241202
2600161196
2809071437
2600282638
1569830148
1570038025
2808610479
1569663392
1569698387
2804652664
1569738291
2593050690
1569822360
1569848336
2774457630
1569689165
2788680520
2786328087
1570015854
1569944368
2807162592
1569709789
2592858607
2592812239
2808148684
2592843453
1570030264
2812418286
2793163300
1560341929
1569687444
2676864894
1570040602
2786212872
1558859047
2592803688
2774324834
2594354881
2592800477
2593034225
2592994391
2812421864
2774351343
1570009369
1570014537
2795218869
2774419110
1569816576
1569670907
2592792690
1569948426
1569923470
2592963556
1557818707
2592805634
2070050838
2070045231
2786257325
2070033582
1569724226
2774504257
2786312880
1655510911
1569953702
2790456212
1569838132
2070032141
2774336632
2812685371
2786252561
2814036115
1569820753
2788129738
1569757630
2807152744
2786241092
2786224965
2789361842
2592792395
1569754781
2786313345
1569948092
2593083563
2600260941
2807163196
2787720049
1569872709
2594262396
2592787594
2786235229
1570009279
2808150424
1569683080
2592815948
1569656144
2070047750
2592795686
2808150537
1569656900
2070018186
2787937780
1655673180
2774422798
2592789372
1569749011
2774429806
1569679441
1570011431
1569871322
1569806245
2774437794
1569885329
1559509860
2594122645
2592908819
1569723678
2786242828
2774449569
2793253257
1570009981
2592812979
1569858130
2070022416
2070053562
2592941679
2774338421
1737774386
2812890275
1557188554
2593018861
2600158252
1569672185
2786244142
2592805326
1569821363
1569679021
2793009766
2070016975
2786230447
1569812190
2808995026
2592810179
1569917708
2594454947
1569880552
1569687535
2774399403
2592799485
1569935155
1570018807
2786216236
2070039372
2793277593
2592796678
2787991397
2592868910
2774390738
1569829303
2593055517
1569723531
2592839894
1737776202
1569755448
2774373370
2774508110
2807161016
2593087105
2592807352
1569756990
2774392957
2812421778
1569752276
2808985956
2807161827
2774359230
2593058325
2786284667
2070030309
2602659167
1569655959
1569899233
2787812383
2788120378
1569681543
2786260691
2592836217
2592959434
2592861315
1569750444
2786299835
1569902466
1569923095
2786219064
1570026747
2593011521
2592871807
2592812791
2592816849
2786213291
1569754588
1569938589
2592939050
2813652883
2592792063
2788974930
2070020956
2786236071
1569681881
2592796477
1569849289
1569870385
2592813623
1569727896
2070048727
1569943368
2809019989
2786239013
2593648651
2786242995
2809049971
2786296122
1569734026
1738075305
1569680457
1569702240
2593094748
2593037412
1558824381
2774321343
2592826012
2070048875
2786215548
2809003575
2592844164
1569926955
2774357572
2814267579
2804653116
2799316214
1569902668
2592977715
1569928338
1569944032
1569705563
1569711329
1569882963
1569660227
2592868047
1569877629
1569665554
2786299808
2592875203
2592795500
2799040182
1570041048
2774391546
1569660533
1569938396
2795224357
2592795368
2070024956
2592803910
2786323829
2796766202
2786315924
2774373860
2592799334
2786297009
2593111733
1569910263
2807282249
2600238809
2786274317
2774423158
2812888507
2602905453
2787822765
2787809189
2070045524
2786258663
2814380969
2795656303
1570038070
2786215353
2592796344
2601483647
2808532309
2593022932
2774443332
1569952265
2594801893
1570034157
2592792199
1569708328
2786217587
2774371433
1569664778
2808216901
1569745599
2593069986
2774365913
1569676905
1570008768
1569847953
1570009159
2774349226
1737774514
2676760965
1569838734
1569821245
1569850398
2809302724
1738192785
1569733969
1737779377
2070031832
1569690712
1569713251
2794584714
2796434976
2070044268
1569939313
1570033613
1569902703
2592827393
2786330391
1569879329
2786307784
2786216832
2809052881
1737114848
1559101701
2813156928
2593065858
1569839902
1736416412
2070017257
2786221820
1569906276
2774404212
2592813190
1559177727
2774402095
1569880829
2594272120
2593079542
2774398264
2599685326
1569753892
2789542687
1569674102
2799140006
2592821750
2593079787
1736882932
2774352192
1569715337
2594281465
1569667758
2592788028
2603672976
1569944711
1569871389
2793212477
2070023055
2603291214
1557325115
2792469177
1655725719
2803405240
1569760935
1569863063
2774403881
2808434097
1570019120
2774425321
2593005310
2808806004
1569710994
2592986304
1569820797
2813609252
1557839580
1569751014
2814714132
2592788469
2593044046
2592848274
2070035330
2812832566
1569877288
2786214378
1569808906
1569816619
2786254998
1569693601
1569849462
2592934059
2815050271
1569853014
2786272055
2786241226
2789951164
2792781776
1569827871
2603735731
1569823525
2592958441
1569694762
2809030080
1558110505
2774406250
1569683755
2786313851
1569946747
2774373054
1570000291
1569944017
2808146254
1569840438
1569682085
1569666909
2786220312
2786314038
1569658549
2592803774
1570006772
2789376058
2592811890
2602724689
1557024074
1737779526
2774525017
2812413828
2786214701
2603990448
2786323075
2774442987
2592971586
1569661306
2796634071
1569952207
1569938606
2592803545
2789364520
2786314050
2593050676
1559852508
1569832776
2774360385
2809039392
2774366563
1569726117
1569875617
2793253181
1569816285
2787809114
2592801233
2593014558
2592993693
2592792967
1569944182
1569672095
2787771597
2786254222
2596861874
1569660255
2592963153
2786319071
2786324127
1569838089
2594294844
2786244417
1570032361
1570016547
1570037646
1569881830
2070068660
1569672137
2592869338
2786240739
2809307074
1569839393
1569671687
2592811792
2592843491
1569906757
1569837113
2809434552
2592981650
1569910742
1569938344
2592965038
1570002059
2600266102
1569825641
2774503166
1569757113
2593101402
1569916464
2774440849
1569829477
2597799022
1569841761
2592826523
2774458515
2812473224
1570031926
1569878046
1569840156
1570011204
1570023243
2774466546
1569716333
2788961460
1569691659
1569662395
1569659296
1736867754
1569900935
2774372802
1655688587
2774461343
2592814366
1569677730
2808985841
2795302481
1569672618
2796437906
2786217274
1570034269
1569835994
2593390289
2774435177
2070021739
1736885335
2786239914
2774318440
1569697984
1569666003
2786222284
1569862997
2592801470
2601427197
1569809844
1570022915
1569743530
1569949525
1569748136
2601450215
1569674872
2774388338
2593054717
1559287111
1570000488
1570035290
1569671439
1570010091
1655515135
2786331423
2594553936
1569917697
1569688284
2592803564
1569663665
1569889104
2593054773
2786324954
2070039821
2786214737
1569662309
1569869924
1570029458
1569656827
1569921003
2812451817
1569946865
1569903542
1569691279
1570015441
2592869274
1569675588
1570035850
2070053603
2774359635
1570007990
2786261616
2592866294
2812441792
2786323528
2592813065
2593758472
1559527596
1569892056
2786258619
2788049356
2801597718
1570012683
1570015889
1569871035
1738122841
1569671049
2592815269
1556972831
1655654473
2592871086
1569907580
2786218655
1569804001
1569817056
2787730010
2592848229
2592858579
1569670294
2774435455
2593063821
1569949556
2786223382
1569675914
1570007719
2790493662
2774373238
2592805812
1569756937
2808467052
2592798369
2786255152
2682216835
1569921367
2592856631
1569739917
1569936393
2774410995
2593099422
1569675066
1569850827
1737778196
1569750224
2809000486
2070030296
1569915491
2809021520
1569853612
2592796901
2799093085
1569742425
1569677890
1570026220
2592807801
1569841828
2592982220
2593110095
2793108245
2592797477
1569892763
2592803960
2592820421
2786306795
2812473173
1569668308
2602412633
1570041438
2592791687
2812579496
2787872234
1569758222
2594056700
1569686071
1569918104
2592798133
1569947269
2592798310
2592805882
1570035902
2774414155
2593011319
1569952111
2808991222
2814511974
1570035402
1570016898
2070029339
1569830284
2593028957
2786217820
1569723142
1570015269
1569874183
2592814062
2813877896
2786292942
2592808793
2808148881
2786289241
2807282994
2593095055
2592813806
1569753982
2070046532
2593033311
2789788540
1569873605
2774329328
1569752249
2594539403
2786259023
1569673431
2786240672
1569815781
1569893005
2774506051
2790493210
2799200446
2812920532
2592787440
1559648117
1569690927
1569948817
2795775485
2774341299
2593062754
1569810730
1738183995
2812804470
2801626134
1570034539
1559732252
2774336840
1569668092
2774430437
2592800930
2592831149
1736441928
1560562053
1569671341
2786246118
1570017290
1569668005
2600316256
1569951711
1569694501
1569658904
2806869976
2813223665
2593002539
1570009965
1569803068
1569670068
2070023467
2814149233
2792840758
1569742651
2593035982
1569659952
1569697935
1570021122
1569870109
1569920959
1569724406
2786253927
2789363521
2592862481
1570019698
2592796052
2790493463
2812541669
1569754176
2808771463
1570009568
1569749241
2592824246
1569951605
1569803396
1569884104
2592797295
2592944997
2789692626
1569935740
2774389820
1569715403
2800677372
1569913078
1569666621
2593079572
1556187017
2786238953
2774413136
2774345968
2807154752
2786326992
2592790992
2786325893
2786322442
1569845204
1569934907
2812759013
2800732261
2792906047
2774318279
1569940616
2070067729
1569692329
2774509152
2774406633
2808207109
1569888985
2790486982
1569664133
2592801450
1569726003
2774351647
2787810984
1570017549
2786239817
2592959387
1569911018
1570009880
1569746991
2593059395
2774412140
1569754354
2786221723
1569813658
2801702156
2594334552
2786307848
1569940455
2599692821
1570021073
1570016562
2774423195
2601421104
2594253365
1569808488
2793298920
2808260992
1569852093
2070035635
2592790021
2774441944
1569736553
2786235251
2592803017
2786234510
1569660561
2786319784
2786319365
1569839511
2788680428
1570029405
1569717899
2594085360
2785665014
1569663449
1569879287
1569951482
1569841811
1569669472
2801596392
2812569500
2789362021
2070045562
2592795054
2799375256
1570014933
2592814002
1569802834
2786321119
1570009311
2808840110
2789532054
1569729451
2809042562
1570038622
1569943660
1570017897
2603147853
1570029080
1569687673
2812512614
2795656352
2070015795
2789789204
1558420837
1569681436
1570015763
1570008218
2774359177
1569677904
1569857366
1569917807
1569812731
2774446628
2593005756
2600236392
1569743724
2592789042
2812703620
2592842767
2774437918
2814196628
2786222176
2774327232
1560445414
1569913517
2593084225
2774451550
1569878830
2812808758
2593067923
2788120286
2774399538
2592793223
2594086239
1569736708
1570019765
2786276676
2792913037
2793238066
1569673238
2728683825
2786332628
2786321095
1570024004
2601402755
2600159394
1570037862
2786272947
1569835411
2592839493
2676757905
2593496517
1569828545
1569910525
1655518752
1736876776
2593051122
1569732013
1569683363
2794826119
2594523148
1569685263
2592814643
1569932259
2800639098
2593062072
2786218683
1569805055
1570033027
2812761704
1569706839
1569848250
1569902397
2786243051
1570033900
2808804467
2734904211
2592862345
1569943705
1569820192
2809049575
2809023732
1569932384
1569756951
1569681451
1569752532
1569662588
1559244969
1569945140
2774411579
2786287791
2594405771
2592953205
2070055007
1570017845
2786300338
1570015381
1569657312
1569802672
2805488119
2774373688
2787812411
2788130726
2809005833
1569854971
1655214836
2774506262
1570017990
1570017665
2070022169
2809310342
1569941631
2592796753
2070035585
1556397631
2603274946
1559620874
1559625101
2678473248
2774454580
2592812085
1570029702
1569676302
1569723559
1569665539
1557367349
1569715914
1569663911
1570018676
2070047867
2593039750
1569696892
2592812740
1569657039
2593076295
1569904822
1569673167
2799800386
1569667772
1570007402
2593067021
1569666811
1569814292
1569731401
1569688310
2774344807
1569952194
2070045959
2788011256
2600156427
2592792085
2593013129
1557064850
1569715640
1569862109
2774331658
1569716346
2594261537
1737773713
2592943287
2774402998
2786296344
1569667334
2594256959
1569889243
1569841347
1569667863
1569858785
2786298188
2812473510
2592875830
2600163505
1736896130
2593090610
2592797556
2812673033
2787799656
1569680264
2592975145
1569714150
2786307013
1569933784
1569747633
1557211877
2774402940
1569673687
1569892393
2789362048
2593061578
2774471097
1569737420
2788481471
1569716089
1570031939
1569753584
1569922148
2774389803
2786246210
1569696920
1556422339
2801617268
2787809546
2801544195
2789670508
1569841854
2801015544
1569930360
2592937663
1569912989
2070046725
1569711594
1569736624
1569911896
2774415135
2799408770
2070018199
1655514452
2592813963
2814028946
2786309909
1569904258
1569891688
2592969210
2786275193
2601516953
1569689380
2593039796
1569761820
1654747295
2787729687
1569846378
2592820250
1569883608
2787812473
2774426020
2786325967
2786272997
2786221430
1569945323
2809191645
1570017082
2812766757
2813036408
2799174082
2774370573
2774344181
2799089235
2792549959
1738187809
2592958397
1569739847
1569907295
1569659206
1569949573
1569871094
2070071661
2774420316
1569687765
2788132296
2070016899
1570038611
2592791144
1557284521
1569673503
1569827030
2070070591
2593094788
2774373302
2792923352
2809001786
1569937716
2789532078
2603624485
1569844757
2600380022
2809086092
1569684498
1569947372
2592844883
1736943032
2812477513
2601658161
1559899742
2786272712
1569902553
2786245498
2592811330
2807151044
2786248987
1569694807
1738101226
2592990722
2600212779
1557364456
2592807483
2786305301
1569890839
1569923402
2070048859
1569710427
2791159868
2786263290
2786346888
2070033448
1569881870
2813735340
2070032212
1560284160
1556304104
1569743571
2774387195
2787772115
1570014259
2786273193
1569853730
2070043515
1569944353
2786273518
2791111467
1569948691
2809429167
1569683782
1570011540
1569879254
1569657239
2808150686
1570014808
1569808585
2792505345
1569937699
2774351739
1570031318
1569694323
1569839070
2788287282
1569815414
1569913984
1569826281
2070031903
2592974283
2677391063
1569949267
2774441996
2786296072
2593076145
1569672724
2786218770
2603340167
1569857757
1569926917
1569880611
1570035088
1569805742
2592800079
2793212296
2786309405
2592799012
2786235495
2774393378
1559283039
2593091885
1569694794
2593013974
2603479570
2788959751
2592895473
2774366832
1569659154
2070029776
2592829235
2786273555
1569680168
1569812981
1569715875
1655511579
2786332750
2592945756
2592837219
1570010456
1569917568
1569848767
1569803958
1569917208
2792944347
1570037945
1569722946
1569715365
2593678896
2774431931
1569874518
2799093125
2807061580
2774339582
2805487278
2592803975
1737777206
2794573623
2593041079
1569741673
2803839792
2774367027
2592979314
1569657326
2774505454
2592830563
2774387577
2812810823
2592963349
1569761656
2678015329
2592841867
1569840500
1570018564
2786348688
2774477750
2809048609
1569727607
2786325064
2774382659
1570018644
1735762721
1561263926
2786288577
2592802439
1569666567
2070035019
2593094708
2592811476
2791055340
1570040635
2592984302
1569903356
1569753666
1569703721
2788472115
1569951293
1570011691
1570026938
2787811008
2070032175
2786219951
2593010922
2592830116
2814325975
1569737536
2788713634
1570006218
2592799073
1570010433
2786280320
2676926644
1570008851
2786282468
1569668439
2786319770
1569951459
2807084587
1570015191
2070025849
1559177176
1569739280
2786296840
2601430063
1569945273
2786237131
2592838215
2807689245
1569682004
1569952147
2593091655
2788239007
1569886932
2812478895
1569804225
2774440258
2788254327
1569743018
2786291897
1569698373
2593011407
2788123870
1570011334
2812675259
2786273829
1569814424
1570028543
1569857593
2786237459
2592795451
2592948984
2786326902
2774336237
2807154283
1569743766
2786211925
1569853749
2812750907
2594595903
2786312898
2592819164
1569662340
1569850807
2786231641
1569898040
2070041015
1569848135
1569678981
2592811313
2592971194
2786241238
2070022481
2592990534
2592794865
1570017388
2787772209
2793163322
2787755142
1569701554
1569715148
1569838340
2592798181
2594093366
2774391611
1569844287
2814050302
2592805797
2592799294
1569679035
2786354524
1570017739
1569938443
1569742813
1569700412
1569915429
1570027663
1569851336
2592808547
2592851741
2774382447
2807211783
2594580204
1569816410
1569667742
2786226043
2801856890
1569818541
1569665027
2808991240
1569820040
1569905808
2592797682
2774427409
1569913902
1569680351
1569930515
1736896269
2774328819
1569666191
2601511481
1569674194
1569840479
2774350626
2809030201
1738480150
1569673767
1569812565
1569882187
1569662047
1570015925
1569942369
2791058874
1569889564
1569683669
2592808571
2592803830
2786221418
2774500537
1559623830
1734596341
1569946080
1570007327
2593064639
1569753231
2592793200
1569824559
2786313593
2795193712
2732359684
2070026861
2592792793
2774462588
2807302322
2592802552
1569670212
2070017218
2807163076
2786315268
2592862719
2070055196
1569750387
2805386092
1560765828
2592806474
1569805114
2593094612
1570009249
1569930058
2729205189
2813843916
1570016146
2808145543
2592942902
2070040823
2774410921
1558982527
1569684110
2807060831
1569863589
1569829133
1569815966
1569737251
1570019312
2808789676
2592963062
2807216834
1556949989
2786227305
2787995298
2774396283
2774406428
1569944441
1737777498
1558104873
2593017640
1569913438
1561226239
1569884122
1569946641
1569951662
2793197926
2593051670
1569806944
2600235565
1556983113
2786237119
1569825130
1569831847
1559140817
1569688970
2774337316
2592922664
1561800741
1569878772
1569929092
2774406224
1570020376
2774451115
2786246719
1569668780
1569682394
2774499954
2786217415
2807135324
2786351831
1569891621
2592798089
1569658836
1570009696
1569912342
2070026409
2794826095
1569890322
2592796016
1569760627
1569750998
1569832546
1569812212
1569746813
1556335926
2593050265
2790209016
1569715351
2592796660
1569720491
1569678593
1569840130
2796435065
2774508525
2683595520
1569812423
1569660819
1569657131
2786288133
2807689967
2786352000
1569953946
2813221133
1569663925
1569803660
2808992299
1655646117
2786305357
2808527876
2594273296
1570027738
2774443473
1569658735
2787748934
1569905401
2786276853
1569882208
1556309712
2592798595
2792836282
2774357437
1569710267
1736123815
1736865935
2593044026
2807252040
2774345951
2789492008
1569856672
1569673255
2592800740
1559956523
2774452774
1569878298
1569827994
2787925624
2787809091
1569823467
2796458652
2789928698
1570017506
2774373096
1569893175
2601493929
2592816559
2774443741
2070070380
2592788690
1570007387
2594553469
1569840742
1569666017
2807253220
2774431011
1569911086
2786344203
1569678823
2774396150
2786319013
2786321296
1569831213
2774326565
2774446463
2774388512
1569675492
2774449512
1569666539
1569673398
2774436045
2774409356
1569687475
2592883078
1569877584
1662418041
1569822391
1569836012
2070048251
1569819077
2592801402
2786307291
1569667037
2593085914
2593055858
1569736681
2774342814
1569837238
1737611609
2808773692
1569695639
2786281439
1569762541
1569843537
1569693544
2600162216
1570014002
2070040756
2807958395
2786238815
1569887484
1569660215
1569803870
2592967976
2774390873
2792931398
2808783060
1569680364
2792914256
1556829086
1569944235
2774503462
2786322734
1737778575
2786260450
1570028910
2592830144
1569933496
2774415765
2792722190
1569901733
2788684133
1569818718
2774406860
1569936262
1569941852
1569829841
1561573876
2070048822
2796230738
2592929241
1570008876
2786232480
2592869736
1569679424
2774392691
1569715269
1569677363
1569716113
2793654565
1569867668
2807162570
1569667203
1569853514
1737776734
1559149155
1569661568
2786219991
1569815435
1569888627
2070067714
2786294189
1569942923
2592870798
2812473137
2808211004
2592804699
1570009849
1569679061
2787719997
1569753105
2070039112
1569865176
2592793691
2592807373
1570000540
1560436095
1569668571
1569951390
1569675421
2774356164
1569697551
1569672752
2786281917
2070021345
2592829874
1556282108
1569817262
2592901500
1569949000
1570006697
1569680006
2738480127
1569680083
1569927327
2787809213
2809279475
1569664075
2070016644
2812411434
2810428386
2786221014
1569668901
1561447277
2592869434
1570020879
2786235864
1570026865
2603054080
1569883615
2788129597
2592938376
2786256294
1569842090
1569944619
2070024149
2787763186
2786221804
2790441985
1569863576
2786352658
1569936222
1569656156
2592843263
1737779355
1569711464
2774398025
2786219327
1569724444
2786211081
2808627732
2774393845
1569717292
2813036362
1570026121
2786220840
2789659521
1569727640
1569657424
2815037481
2793165032
2808995959
2774394012
1569916166
1569907495
1570014695
1569879186
1569732988
1569671139
2786215224
2592994431
1570030003
2774331441
1569806024
2812508262
1569726048
1570030763
2593032572
2792906091
2593037357
1569945429
2793036841
2592829261
2774484665
2774344763
2592831000
2774344885
2070036409
2602735883
2603417840
2592840894
2601439256
1569715428
2592845223
2793171834
2070027397
2593088970
2592787270
1569940777
2592799906
2592796511
2070054732
2592791127
1569723315
1570024302
1569836814
1569730349
1569862805
2807152727
1569892794
1569723610
2808628837
2070043648
1569676315
2601481522
2592822242
2774338843
2808148663
1569735566
1569688707
2786339491
2789179075
2786221079
2786236386
1569844087
2592939070
2592975776
2774400854
2812746166
1570027802
1569865209
2593046699
2677779414
1737779306
2774505469
1569819879
1569913957
1569845355
2788659942
2787937715
1569693413
2807128507
1569947544
2795302420
2593026086
1569953479
2592801489
1569848889
2808997047
1569747503
2788289930
1569842974
2795332244
1569710322
2790149056
2593059229
1570022932
2792818466
2786316568
2799316185
2808607431
1655717569
1569843399
2592834075
1569746510
1569921254
1569690430
2592956422
1569903066
2807125511
2788659571
1570040581
1570030104
2786310513
2600315244
1569759231
1569678398
1569815703
1569815739
2774435566
1569904115
1569880883
2592801207
2592914403
2774424825
2786317789
1569695766
2592953190
2786235164
2812766784
1569849274
2795241987
1569717246
2774420975
2786211702
1569927243
1569879174
2812476429
2600158647
2786224981
2801757148
1570038687
2070067975
2774424863
2592836468
1569669730
2774380929
2592795316
1569711298
1556815648
1569828787
2792999204
2070021397
2592977699
1570027788
2592866492
1569864998
1569832333
2808777076
2788254393
1569759363
1569660833
1569845301
1570014907
1569663540
2592799567
2593074031
1569716912
1569869939
1655724664
2774359272
2786342431
2592792217
2774377617
1569697540
1569894487
2787995230
1569874528
1569754328
1569663496
2774423919
1561125279
2786211908
2738478176
2801473955
2592963669
2070029437
1738153348
2070032255
2593089769
1569953397
2786323516
2593043950
2593099818
1569758687
2809019948
1737308143
2786271750
2796436061
2070029821
2592811269
2774385978
1569820572
1569929182
1558848184
2593104722
2592803995
1570040765
1570026884
1569666697
2592863145
2593096831
1559161668
1569946194
2786288530
2592788960
1570028654
2808836306
2787791539
2786215602
2592840154
1570014667
1570031739
2774400006
2592957163
1736441967
2592802595
1569943400
1569945364
2592842659
2788177964
1570007974
2593035941
2592813463
2791058812
1569672067
1569705151
1569912969
2774376962
2774368723
2810270337
2592801163
2070077208
2814139509
1569700197
1570037258
1569840896
1569920559
2786261395
1569663635
1570011904
2792839826
1569858034
1570038674
2785663044
2593072333
1569836593
2774362413
2789361948
1570040912
2592791032
2786222237
1569929683
2070050415
1569930182
2786212963
2798952486
1569727167
1569749823
1569759608
2786285583
2592801433
2787724236
2796634024
1569866639
1569717313
1557776894
1569677628
1570039465
2592935954
1569659641
2786274989
1570011413
2593019505
1569943329
1569878061
1561658281
2593458309
1556668023
2592838234
2786313619
1569664452
1569939624
2799057813
2786281417
1570010942
1569680877
2790929568
2774349546
2592838268
1569674886
1569855598
2790530592
1569723128
1569807861
2806621128
1570016966
1569734349
1569722278
1569889612
2786274551
1569690997
2592808436
1569662604
2593618290
1569931224
2786217365
1569871619
1569757643
1569848213
2808986821
1569933640
1569917837
2774328177
1569945502
1569864363
2786212330
1569664314
2809044566
1557076218
1569743266
2786247574
2798999680
1569838753
2786275634
2786235705
2809000394
2774449607
2806021971
1569872110
1569678370
2786222100
2593052516
2070035665
2592803893
1558553530
1569951323
2790631691
2592840017
2786308447
2592894496
2774422703
2786323264
1569942937
2786251189
2774396906
2786295058
2812761580
2774337948
2592805910
1569662019
2070027912
1569951505
1569684056
2592807018
1738191778
2070035934
1569808817
2801540569
2809145607
2786358879
2774442035
1569822337
2774455631
2594427528
1569834305
2786315408
1570014400
2786331602
1559284281
2807804423
2592802045
2793298943
2786225092
1570008592
2809213765
2070021722
2792821719
2798963659
1569724325
2738446649
2794573646
1569948563
2787905208
1569847973
1569732924
2070068178
1570027447
2738583059
1558665944
2070016657
1569916982
2792444880
1569919300
1569740657
1556668371
2786292962
1569758183
2774475644
2786238601
1569665972
1569871336
2603741898
2774357520
2593095879
1569736560
2787741497
1569665363
2592963305
1569911206
1569847830
2792840736
2812990740
1569928779
1570017023
2774354149
2774375132
2806627093
2592806747
1569870401
1569687400
2070024307
1570017752
2592788778
2603638749
1569758649
2070044897
1569667907
1569919462
2070072006
1655530525
2070018264
1569655987
2594678835
2774344872
2592990494
2804957242
1569872020
2774495730
1569902111
2787992575
1569948610
2592954172
1569843162
1570006746
2774477857
2786323816
2786251071
2593014387
2683034363
1569928994
2786259765
2774438135
2774502480
2789946922
1569808442
1557636153
1569761790
1569839311
1570026831
1570033764
2788961675
2787995478
2786424013
2593012558
2593020249
2592899929
2786226005
1570014967
1738124354
1569915823
2807158716
2786223422
2814512055
2592807307
1569836397
1569911395
2592827463
2070068307
2070017205
2592805423
1569695465
2808221513
2593666048
2786218883
1569722310
2774418068
1570016468
1569840577
1655540109
2774349944
2812441815
1569734011
1569692703
2774402812
2793109563
1569900310
2599693018
2593080954
2786327997
2594253596
2592796247
1655516094
1569692995
1569841640
2795332266
2789381609
1570029299
2070024715
1570014556
2808804515
2070035742
1569814411
1569842249
1655670415
2805993537
1655617014
1569674006
2592807182
1569883722
1570023298
1569675287
1569820680
1570016531
1561209691
2795337709
1569661044
1569828658
2774386839
2786443017
2789381555
1569816544
1569743696
2786336321
2774392523
2790003397
2774458631
2792897832
1570037540
2786318039
1569730401
1569699714
2592865700
1569899387
1561406991
1569659471
2070035393
2806616983
1569887150
1569675189
2787759906
2774428090
1569813421
2786235584
1569947956
1569715888
1569920615
2592996177
1569921443
2070016615
2592976175
2774345204
1569686492
1570016278
2799174144
1569869460
2592981879
1569859568
2600354887
2786248226
2593031203
1569690861
2786218871
1570017768
2789951099
2799091721
1569942095
1569870874
1569887751
2592819978
2786221442
2787903099
2774422603
2602410065
2786222268
1569836342
2592788407
2594256729
2806021838
2787799496
2593060207
1569668591
2593468365
2809001493
2788289957
2792954610
2593077473
1655745225
1570006840
1569942690
2592808470
2787808364
1569944881
2592813892
1737779792
2792514715
1569950172
1556911689
1569837805
1569953496
1569832283
1569900151
1569939380
1570037459
2592814993
1569759270
2070030039
2786252944
2592993456
2807462792
2601510678
2808786561
1569723300
2070044784
2593089651
2793172971
2070045259
2806011994
1569915193
1569914813
2600156278
1559282991
1569734411
1735762685
1569814334
2774387220
2774337650
1738219585
1559745676
1569724500
2070019485
1569657947
2807765042
1569761001
1569738125
2774450864
1570016329
1569754661
1569939787
1570015672
2592810607
2805478756
1569670376
1569940472
2774436178
2805364405
2774443125
1569662099
1569757935
1569919435
2593004879
2592882574
2809003968
1569672974
1569941721
1569680891
2786215297
1569927747
1569900621
1569920594
2774515470
1569690881
2592821304
1737778471
2592980229
2808152046
2774427800
1569894129
2593055916
2592807415
1570008318
1569671819
1570016295
2786273238
2592792865
2592805443
2592858342
1557777030
1570030891
2070048056
2594262374
2786212511
1570008816
1569930502
1569864970
2774423212
2808627712
2592843326
2810193822
2592793325
1569658748
2774433455
2774333362
2786313193
1569692670
2592799038
2792931610
1569876028
2802158475
2786327004
1559223522
2792843217
2070021895
1569697294
1569667482
2593010990
2592788168
2786274426
1570024400
1569872771
2786325921
1569675943
1569752944
1569735086
1569673753
2787808953
2807765023
1570016312
2786254116
1569694834
1569920363
1569929705
2787937846
2774332281
2600244398
1569890461
2786211244
2723635611
2786434048
2774409140
2786239888
2594464253
2600157977
2600296209
2814036068
1569820126
1569920314
1569670640
2786329373
1569755112
2592969227
2593517336
2774435436
2786301753
1569747922
2593994651
2594195411
2774342871
2774507836
2593059435
1569692020
1570020116
1569685147
1655536534
1569938365
1569668425
2593091101
2592805925
2807264118
2070069884
2592814330
2808243642
2786276574
2813781299
2786241728
1569891659
1570020011
2786336862
2786319043
2774504393
2592983744
1569675435
1569837402
2070024881
1569673027
2070067986
2788121409
2786339326
1736443296
2592811709
2788287260
1569733046
1569850246
2786283266
1569676943
2813735295
1570017878
2592975614
2786319281
2786235136
2786322406
2786323276
2809049056
2593061525
2592831111
2807690018
2592963045
1569752893
2799909295
2592800702
1569711663
2786288505
1569828475
1569945916
2774441847
2774387761
1570023738
2592836820
1569852298
2592974149
1569739954
1569680511
1560793432
2592854083
1570025362
2070068211
1569661528
2070020148
1569750836
1570031392
2786366502
1570033006
1569875561
1569660273
2593019858
2594274002
1570007932
1569715927
1569818913
2809138192
2592815970
1569848290
2774344436
2592802896
1655508697
1570041305
1569887166
1569923220
2786261686
2792852037
2809013529
1569658595
1569806061
1569819730
1569910761
1569658227
1569697603
2600368582
2592977412
2774373319
2592795876
1569844816
2793654589
2681997681
1569809181
1569698909
1569875287
2774423785
1570007958
2592800270
2795307366
1569923500
2774418140
2592803528
1569816505
1569850518
2790148985
2786309203
1556430171
1569752680
1569675519
1738210938
2592795565
2593081702
2795580162
2592793370
1569712483
1569659141
2792866531
2592870779
1569854349
2774363740
2786272430
2592895428
1569945255
1569755208
2786237954
1569872142
2786239793
1569838226
1569669807
1569734368
2592973708
1569945403
1569935404
1569921576
1569670980
1569847940
2774373353
1569703735
1570028704
1569827962
1569683772
1569871025
2070042658
2592988138
2601422453
2070016912
2809003060
1569877305
2774425348
2592799423
1570025049
2795241639
2070054961
1569918394
2592934183
2774396833
1569847747
1569837555
1569871403
1570028016
2602923815
2774392014
1569868167
2787726658
1569662699
2592794398
1569903974
1569913228
1569683393
1569907400
1569826875
2788261846
2592817110
2592862404
2592843473
2786239053
2788713797
2593060199
2592853688
1569700758
2603892884
1569685747
2792849286
1569725878
1569888918
1569888828
1569667668
1569715134
1569882952
2812512630
1570027239
1569857676
1569900252
1569752695
1569686403
1569869710
2799409982
1569683091
1569888799
2806627846
2786274156
1569940865
2786284581
1569666687
1569674628
2774403447
2600157081
2774499931
1569846428
2593028193
1569868577
2813222304
1569697617
1569903026
1569949591
1569921678
1569672446
1569930623
1569747954
2592803511
1569820624
2592837238
2809028822
2070024785
1570007681
1569918613
2592828406
2814322537
2809148336
1569681318
2795307686
2774399322
1570006954
2788959696
2774342831
1569879768
1569663595
2786243516
2070045651
2786319027
2592799315
2070050378
2070019245
2070044760
1569666372
2592821398
2793341208
1569659851
2774380156
2593103427
1569880576
1569917962
2812473155
1569886414
1570018857
2594430183
2786288334
1569814506
1569670613
1569815178
2774451136
2807124829
2593079801
1570009081
1569946280
2789659586
2786324551
2774390982
2592965417
1569953648
2592971471
1569933605
2070020297
1570016346
2786309318
2592807394
1569948599
1569943242
1569676933
2592798237
1569906316
2803424869
2786292815
1569840695
2786300239
2774365055
1569662480
2600164453
1569917790
1569859823
2786282976
2812732315
1569657104
2786241945
2592837009
2592955997
1655117487
2801635724
1569757350
2592942880
2809032134
2600164927
1569679611
1570037811
1738273690
2786322935
2592944329
1569658578
2070022114
2592803216
2592807650
1655484817
2786309967
1569819486
2808616121
1569886494
1569724972
2592790669
1569697564
1569894399
2774452530
1569890178
1569704270
2786319057
1569894460
2786355604
1569893913
2774441666
1559956780
2796434887
2808988765
2592993558
2592791111
1569753866
1570015601
1570006363
1569804851
1569672323
2808991180
1569689673
1569942382
1556527351
1569930097
1569712816
2592794654
1569846092
1569657118
2592796920
2809152336
1569667728
1736885009
1570007144
1570006969
2786302264
2592945959
2592793675
1737777337
2070046695
1569836578
2592794381
1569831806
2592843305
1569693845
2592798578
1569816167
2592788655
2786353827
2592872495
1569671266
2774328148
1569832694
2789178939
2812598419
2600051367
1569668872
2592836189
1569695842
2786364537
2788122108
2808788179
2814144782
1569807075
2592819313
2774410781
2789044583
2774442691
2786239686
1569876456
1655465432
2070045117
1569902902
1569918777
2788260825
2786321202
1569953341
2592871883
1569742411
1569803918
2070022541
2792849187
2792690746
2774403462
2593052053
2592799638
1569890661
1569754057
2812579414
2800732381
1569660103
2593014985
1569678412
1569811238
1569864349
2601430474
2592838607
2809000311
2592794269
1570017562
1569751685
2600417855
2592849017
2593623380
2786215170
2594430213
2592797140
2809034873
2592865557
2786328693
1569845828
2594357442
2786321310
2070044245
1569864241
2593614476
2592802838
2788145017
1569848410
1569709955
1570008517
2774523673
2592933942
1569657929
2592853947
2812758966
2593010516
1569884019
2592841268
2601481493
2786286398
2774509760
2774319234
1569917949
2592806633
2593054752
1569838912
1569927286
2774420175
2593066682
2809042643
2786251135
2070016962
2592797597
2774423762
1569715570
2592798615
1569665251
2788144951
1734283228
2808627671
1569822606
2814218633
1569914203
2602894026
2786322377
1570001080
1569710706
2786323360
2774328562
2786254369
2795396081
2592790653
2592802371
1569660756
2812608715
1556141301
1569815296
1570025249
2603743617
2070044542
1569880364
1569712291
2807158734
2757874445
1569719059
1569742587
2786242983
2786310781
1569815623
2786212438
1569688118
1570000513
1570021804
2786286480
2593620294
2070022088
2792445987
2774396740
1569746803
1569889463
1570010297
1569906922
2070027088
2774354128
1569928853
2786252535
1569913721
2738445906
2794546564
2806993042
1556918734
2792842157
1569803424
2592975032
2774390999
1569657197
2593678806
1569685652
1569917044
1569671980
1570015331
1569906219
1569808705
1569692532
1556602163
1569679580
1570009296
2786272887
1570007027
2774436848
2774370217
2600295664
2786336208
2787809377
1570015136
2774357195
2774402263
2786280872
2070048093
2786313887
2774344559
1569656376
2786210999
1569825939
1569937947
2593077990
1569673717
2592838196
2593088588
2795438702
1569871308
1569898174
1569816244
2787799876
1569689218
1570015690
1569751726
2786325548
2786317999
2814047619
1569744002
2786276321
2808611571
2592829698
1569828255
2786221888
1569851794
1569931637
1569869679
1569895164
1569845882
2592959161
2786223322
2594514058
2592796035
1737775789
1569826739
1569833808
2774445463
2786273114
1569697756
2070033395
2786253983
1569753446
1569949148
1569892346
2592800729
2592822046
2070047275
1569666579
2809057729
2786307406
1569869542
1569759211
1569897505
2792823762
2594323259
1569680522
2070054950
2070071903
1569871418
2774362623
2795302525
1559385169
1570027830
1569848675
1569752262
2600230716
2786216649
1569879229
2070077507
2786327876
2788289876
2597709096
2070071918
1561264152
1569738351
1569842599
1557777284
1569891589
2598546663
2786296159
1569852030
1655208169
1569663090
1570018094
2788168743
2812761684
1569672483
2774359700
2774328132
2592830723
1570029257
2795502115
2774476498
2808783041
2070046781
1556430111
2592789581
2805484286
2592977987
2786318605
1570037792
2786323853
1556984236
1570035241
1569933509
1569859177
2786307937
2070036022
1569875760
2070019390
1569900236
2809030808
2598560614
1569677871
1569674777
1569734202
2774386673
2796438571
2786347291
2593028220
1569711422
1569741001
2593050953
2774359014
1569906205
1570015020
2593005684
2801019689
2812579458
1569871487
2786215136
2786255960
1569911005
1569809075
1569813404
1569741037
2807152017
1569716868
1569667394
2592797718
2070046391
1569743473
2774349417
1569933569
1559950702
1570015471
1570017810
2070046759
2592795138
2600485331
1569932268
2600297097
1570014179
1569702980
2786295381
2592836743
1569948327
1569656704
1569690983
2070044973
2786235876
1557798807
1556083516
2787762736
2601474790
2600590606
1557912587
1570024052
2774427673
2774316978
2807407468
2593055003
2592864244
1569816697
1655516355
1569905952
2592804681
1569948583
1569946451
2786318025
2592827660
2774436674
2681906584
2786293468
2808147351
2792432317
2592816862
1569913064
2814139482
2792922016
2070025108
1569658774
1569870320
2786319709
1570029519
1570009328
1570010721
1570009432
1569699333
2774485662
2592796081
2774449698
1570006188
2593643940
1569823147
1569943535
2592795436
2600348359
1569658808
2592789393
2070029526
2788475750
1569660343
2774365930
1569708112
1569918378
2809140172
1570016501
2070027987
2774319750
1569948903
2809004688
1569944310
2774417328
1569848570
1570028216
1560658388
1569818781
1569927208
2774416122
2774455555
2786231715
1556915804
2786243796
1569921164
1738187572
2600268575
2593059419
2593076053
1570020631
2774340561
2774452671
2814186921
2592802328
2786284701
2774316959
1569688526
2793622231
2801756834
2786325907
2787773569
2070023343
1569916618
1560466042
2812565175
2592845740
2786231917
2600518824
2786326938
1569724587
2592808871
2787818890
2592815161
1569664697
2070019787
2592947022
1569943835
1570006984
1569722481
1569913550
1655566609
2785385438
2789361971
2786222314
2594553848
1655285299
2774408817
1569734215
2592795548
1569722651
2808995939
1556283625
1569680560
1569916005
2774373285
1569870630
2774502197
1570029786
1569910412
1569853688
2592799655
2592971405
2676980565
2792527538
2786314966
1569679979
2786217709
2788249669
1569945666
2592858899
1737777635
2786293032
2070046712
2788713993
2592801385
2774450834
1569697468
1569910833
1559613128
2786319826
1569726554
1569658485
2592860241
2592854596
2786252509
2814035929
2774475968
2806867137
2592795651
1569804751
2793009743
1569953354
2786233274
2774343243
2786295252
1569942190
1559149106
1569713121
2786260035
1560284220
1569688336
1569850156
1569680298
2812831896
2786288548
2600156850
2809434570
1569803784
1569835237
2070034028
2680616534
2592808250
2792923748
1569810110
2592920710
1569686549
1569842809
1569679149
2786237483
2774449030
2814512032
2792549736
1569663512
1569827382
1569948799
2812764972
1737237507
1569889970
2786361222
1569844721
2814015204
2592800140
1569835859
2592799692
2795438038
2774410949
1570010657
1570008916
2592824228
1569803536
1569729302
2809195362
2814374426
2786296246
1569680822
1569946295
1570025137
1569836832
1569725959
2812670627
1569935759
1569916509
1569831405
2593086273
2070046644
1569755374
1569830476
2592863509
1569723272
1569716921
1569715862
1569939205
1569864656
1569844960
1569680198
1569671351
1569711408
2592969648
2593034683
2592810965
2809213838
2070030793
2592852182
1569892012
1737778994
2593059460
2786213722
2787818414
1737308326
1570035343
2070046300
2774342547
2814195653
1569885756
1569891409
1569754224
2786253538
1570024289
2592797435
1569930476
2793059841
2599701042
2070028737
2592799605
2798963607
1655467410
1570016762
2809109797
2786291913
2070021929
2788961412
1655214727
1570032637
1556244252
2593038268
2592942128
1569915891
2801015362
1569710413
1737775029
1569757018
1570007433
1570041252
2774412157
2594488291
2774360943
2786310192
2592791946
2786212299
2786249530
2791159822
2593070077
2592966045
2809011445
2793538282
2799379217
1569660151
2774376389
1570010232
2788177916
2799105762
2070015407
1569717031
1556693719
2592937602
1569666358
1569664270
2786250032
2792818588
1569670415
1569658079
1569953961
1569872619
2797122404
2592848250
1569703681
2602739413
2786322430
2070020871
2774462501
2786274257
2789526302
2807162634
1558369715
1569673364
2786328135
2808811547
2593059927
1569757127
1569709837
2792515198
2786248272
2813284792
2774426439
1570014869
1557841422
1569757949
2774388844
2815037223
1556342803
1569928243
2786251103
1569762018
2594355297
1570037287
2809134690
2786321190
1569949512
2801762160
1570032626
2807135256
2592828170
2786212347
1654843425
2786284689
2774324596
2593354160
1570015489
1569836181
1569942577
2813781402
2593061509
1569675620
2601509048
1569875819
1569913046
1569712720
2592985367
1569675161
2593033416
1570031335
2601049754
2592944663
1569949345
1569756590
2070027162
2793140182
1569825850
2793298897
2786263121
1569812883
2774446364
1569897197
1569828977
2786308952
1569719117
2812758986
2070040875
1569666102
2791058890
2809004665
1569754672
2593516810
1569911044
2774329996
1569919499
2774373117
1569931302
2809015301
2592808453
2070022193
2592797378
2592810625
2786211412
2594524539
2787721594
2070043056
2592843152
2593076739
2593086004
2592803196
2592859869
2677973095
2774389658
2070022664
1569906072
1569837432
1556117355
1569888815
2600156863
2786214755
1556187993
2601421304
1569659310
1569660506
1569907483
1569819235
2806662798
2786322782
2813157415
2786241170
1569916432
1556438923
2758082001
1655739499
1569681151
2786285753
1569819826
2786238893
1569870441
1569943264
2786300198
1569906056
2594524490
2786323091
1569874773
1569900550
1738198505
2806870045
2792549771
1569679007
2592868148
1569657885
2678591237
2774386864
2592870055
1569658651
1569668527
2774445450
1736894852
2592992837
2070046159
2786230284
2592865494
1569883803
1569684531
1737777228
2594764543
2786238853
2786328710
1569838835
2774326717
2592801285
2592801353
1569842540
2792406277
1569666091
1569683433
1569807554
1569814197
2774365783
1570016207
1569750159
2814015730
1556872017
2774451155
2070028572
2807264551
2592814172
1569950334
1569897891
2807128489
2774428126
1569850650
2786317913
2786261481
1569940302
1569876502
2592812682
1569716567
2592966385
2805429130
2812569541
1569856984
1569820642
1569664814
1569945811
2593037168
1569875239
2592801760
1569884088
2786216727
2795255393
1570012063
2592931802
2786321133
1655197234
1569840622
1569753221
1569829273
2790493277
2786349550
2592802663
1569828427
1569673743
1569672339
2786322770
2592994621
2774328263
1569754043
1569837515
2070016683
2795241736
2594255184
2070046402
1569672077
1569944776
1737777536
1569703754
2808469278
2786320260
2786299577
2070022224
2788125828
2786243465
1569715770
1662417225
1569868379
2786219524
1570029128
2592792046
1569920750
1569846938
2786275016
1569948922
2592795704
2801921024
2786214908
2798966124
2600420654
2593043999
1569834182
2592813907
1569938878
2787812361
1569876307
2592856560
1569682705
1569688692
2774516292
1569822322
2774336275
2592799056
1655646047
1737778980
1569950930
1569878495
2593022950
1569930489
1569917596
1569735061
1569913939
2070067369
1569662464
2805982333
1556121752
2808207224
2592798729
1570016880
1562252147
1569670054
2774443512
2774321550
1570014759
2774392239
1570034256
2774441795
1569873329
1569697590
2592807589
2070031097
1569746618
1737102571
1569733896
1570031122
1570006122
2592987196
2593052036
1569851522
2794802906
2786280398
2593041538
2787822813
1570011993
1569762667
2592843112
1569902832
2809302266
1569877912
2786331320
2786215369
2774501161
2592860125
1569927592
1569870306
1569681196
2592789123
2592795999
2592828388
1569670456
2592830369
2812453945
2790235861
2786220517
2786326950
2808630232
1569834674
1569655907
1570011235
1569850264
2798958937
2786303917
2786223027
2813075141
2774444942
2774360281
1569897904
2070032156
2774523552
2592838837
2802898339
1569852636
2796913110
2795309537
1569947448
2592865053
1556591551
2812670751
1569665071
2786359708
2774431878
2800024133
2593005539
2786316820
2790631580
2810193856
1569827685
1569839563
2786319695
1569953880
2807128567
2774328476
1569674422
2070016088
2774352082
2813735551
1570015037
2774422454
1569704382
2786313947
2807302281
2812869684
1569883005
2786243702
1569893351
1569686614
1569807447
2786287202
2594520347
1569911988
1569680246
2787811099
1569951413
2786242005
2070029562
2786216848
1569678993
1569816487
1569716452
1569683555
1569949068
2786346070
2594253412
2786273779
1569753694
1569859625
2593050485
2787850658
2786276659
1655717995
2774398296
2788659594
1559385239
2070028300
2786323348
1569684452
2774484535
2774496670
2808156527
2592813513
1569847775
2786214487
2592813533
2787716236
2070032036
1569852138
2592805838
2774337929
2774362883
2592837350
2786354016
2803191085
2786237768
2070069443
2592814817
2805487192
2070020102
2601430670
1655658743
1569830069
2601678808
2796691120
1569665680
2774359293
1569754164
2786338990
2597818464
2786261326
2794578474
1569896900
1569870616
1569712828
1570032241
2774447659
2774432400
2070048312
1569674182
2592831567
2592920690
2787724210
2593094379
1569825726
1569709923
2595013514
1569680602
1569672400
2786290706
2774480891
2774373489
2795238394
1558553377
1569947324
2600164313
1737777191
2774436777
1569806900
1570017859
2592869679
2786238993
2786219461
2786295271
2593039818
2788846613
1569761221
2786219050
2594283585
2593010356
1569894520
2602715357
2593076517
1569657811
2786238933
2592882561
1569944847
1738207638
2788961360
2793388098
2593061447
2592810834
1569665101
2814126714
1569916705
2592843210
1569665057
2600231312
1569882741
1570013101
2593056744
2592858229
2809001942
1569812044
2593041556
2774500362
2803416567
1570016647
1569928550
1569665568
1655590500
1569707858
2592799955
1570006711
1569711450
1569922493
1569670498
2592815586
1569949080
2592791869
2592794671
2774343226
2592812876
2774359683
1569675128
2807525709
2774493031
1569842491
2786253157
2592981098
2603781433
1570008158
1569846339
2774424180
1569862718
1655625469
1569817211
2774350545
2812451624
1570015812
2787752524
2774342101
2786328813
1569813897
2800732424
2597705291
2813844089
1569938504
2786319323
1569833615
2592795611
2592809431
2788472193
2601437474
2592803130
2592964210
1569848614
2593087891
2592867095
2786211458
1569815578
1569679667
1736876759
2592800122
2774350532
1569913410
2593055574
1570013380
1560292851
2793191110
1569730807
1569900486
2592938392
1569710609
2786221871
2592790711
2774388044
2774441931
2592797188
2786326914
2806614749
1559527671
2786222252
1570015552
2774380458
1569936078
2601416785
2788959647
1556117166
2786323191
1557838265
1569804105
2795384243
2676758410
2070046311
2070045177
1569747689
1569835957
2601414677
1569683810
1569660578
2786278513
2592815252
2786235644
2789928777
1655745266
1569929790
1556186189
1569921147
1569730749
1569726062
1569841120
1569659603
1569876981
2786319085
1570035265
2592955310
2070015847
1569942729
2786300722
1569736722
2678092308
2681081432
2786272351
2786318247
2806718825
1570012475
2592852420
2786317801
2680036470
1569905997
1569811526
1569938954
2788123972
2738476068
1569700789
1569661542
2592935818
1569881604
1569758850
2807061529
1569666673
2601466705
2774505192
1570010781
1570012117
1569843892
2593013449
1569893295
1569942952
2593032554
2792909113
2592987335
1569673222
1569942112
2786309352
2592801338
2592839950
2593046275
2786212937
1569823919
2592797450
1655672619
1569923532
1569892567
2786259897
1570011276
1569819132
1569849321
2814232194
1569883636
1557333415
1737779078
2592838251
1569913585
1570028099
2594553537
2786239941
1569749416
2799629172
1557818636
1569847401
2601414396
2774423609
1569758664
1569818646
2592868518
2592789618
1655568157
1569899409
2786214719
1570014640
1569912785
1655676156
1569662295
1570011804
1569684856
1569681103
2592805665
1569753085
1569725991
1569836539
2593113597
2593085765
2774362944
1569681599
1569902299
2070016670
1569930014
2774389983
2787809791
2070035781
2786313249
1569734231
2813003850
1569753852
1569751899
2792877815
2786355808
1569899043
2774346328
1570037931
2799901032
2801866771
1569705952
1569695104
2774446500
1569838986
2592800684
1570000978
2814035953
1569726417
2788196867
2593049086
2787818435
2786308365
1569678218
1569805141
1569885882
1569835609
1569673314
1569742139
1569740718
2592858130
1569814688
1569687810
2592985928
2592801050
2808434006
2786237780
1570023151
1558369619
2593027764
1569657984
1569937991
2807161976
1569951278
2774444795
1569899306
2070021961
2794825649
2812678703
2592798751
2592789709
1569846636
1736864731
2593035373
1570015312
1569672123
2786274359
1569672053
1569724573
1569738271
2774358374
1569913397
2786294982
2774515756
2592845411
2792925513
2774469487
1569727627
1569663953
1569843479
1569687283
2799002557
1569666871
1569905480
1569683539
2774455698
2592946786
2786435568
2601406390
2774326757
2592793872
1569943850
1569748154
2593489826
2594086561
1569823906
1569755743
2774332233
1569850600
2600257439
1556358356
1569819755
2592836440
2786333010
2592968979
2600510429
2774504408
1569906248
2792840084
2774393995
2592790242
2814036092
1569822102
2812668121
2592792134
2592794148
2792501787
1569848518
1734595990
2786386236
2788327865
2786220134
2794802928
2801019667
2786321420
2592797354
1556310065
2786354797
2790450524
2600155386
1569756704
1570009829
1570015942
1569881747
2812505356
1569685719
2593018107
1569937629
1570015830
1569678204
2592802512
1569757855
1570040806
1556845135
1569673300
2786355870
2592935936
2786210987
2594098849
1556386811
2774395621
1569667682
2593028637
2809128566
1560716656
1570015054
1655699847
1569677844
1556100415
1569802994
2592806459
2789200901
1569916770
2774424676
1569663247
2786322710
2788123848
1569915809
2786322794
2592802858
2786256481
1557065664
1570029445
1570033482
2592827640
2804612639
2774422141
1569720445
2786323947
1569674317
2786364194
1737308308
1569658564
2592802803
2789875584
1569917849
1569899973
1569941869
2593044016
2809056290
2786299504
2786256941
2593086974
1558234651
2592805347
1569836383
1570011474
1569894929
1569905932
1570018750
2592790040
2800645495
1569668028
1569659575
2774520324
1570028555
1569718338
2774441834
2592788832
1569826926
2774393968
2592985411
1559668381
1569843630
1569685659
2592805380
1569860584
1569672262
2592807633
1569848857
2788714192
1569675882
2592965478
1569837351
2774319857
1569706817
2786319351
2774419091
2774451974
1569705941
2807765192
2592831241
2801596113
2592841232
2592974405
1569666262
1569705427
2070030893
1569833464
2807084570
1569667262
1569754073
1569755312
2592794810
1569674916
1655516250
1569753638
1569758102
1569682216
2786291881
1569720335
2592806895
2774447640
1569674600
2786313162
1569890246
1569728289
2786366061
2599682830
1556430265
2592799157
2792923770
1569666607
2809049655
2592851898
2774370544
2793212397
1570007661
2592798047
2774457600
1569888576
1569696367
2774500404
1569755322
2774503936
2592821808
2813222970
1569680281
2592794635
1569816349
1569850954
2774394638
2812869121
2787777995
2592794453
1569657455
2592947295
1569818947
2795193134
2786271965
2070031570
1736864530
2592958420
1569673059
2774401498
2795206168
2592968665
1737779819
1655605030
1569826221
2814035878
2809044032
2592841829
2774498940
1569803102
2812679249
2070024128
2786328012
2592832200
2774503831
1569674689
1569745409
1569718994
1737227215
1569682820
2603162288
1569752646
2798958961
2809030790
1569927611
2593009940
2592799582
2592809160
2812782418
2774441918
1569750537
1569891109
1569945630
2809002260
2792869975
2796634127
2774436261
2809478722
1569927061
2601399855
2601426125
1655567862
1569674948
1570029102
2602013199
1570014768
2786277467
1569948441
1569664328
2786259562
1569947936
1655680120
1569669504
2592797123
2788055797
1569717019
2592793650
2786218146
1569698115
1569897244
2808982921
2070038755
2808147582
1569894411
2809013779
2792494410
1569757870
1557585631
2774388646
1569756378
1569743127
2786313972
2774446583
1570013973
1569947842
1569832978
2806614600
2592793795
2812418306
2788123901
1569690044
1569863039
1569675274
1569814595
2786278055
1569817423
2682382583
1569883060
2593001993
2592892050
2787741728
1738137284
1738155279
2809059176
2592996521
2786240795
1569918064
2593027699
1570012766
2774476010
1557840014
1570031024
2786296147
2593054185
2774343488
1556121788
2592802981
2786316832
2786239393
1569865277
2774360926
2593061283
2786240657
2070029760
1569939220
2787819059
1569900584
2786285292
2774482338
2592808889
2594463694
2774433976
2786275001
1569897609
2792985719
1569841176
2809144021
1737007017
2786310396
2774495005
2793206361
2592795271
1569936810
2593088954
2788153370
2807764367
1570015228
2786322529
2070031670
1569744803
1569918533
2774445502
1569674672
1569944216
2592794292
1570031978
2786301357
1569915034
1569843570
2774339735
1569725918
1569660624
2774340790
1569820917
2592804268
1569858960
2774401281
2801544268
2774344360
1570027021
2603425467
2808613748
1569898143
1569669772
2774486367
2774424882
2592856541
2774359247
2788120354
2592861739
1569741067
2593064489
2808846906
1737777790
1737233122
1569738253
2758082343
2774418165
1569891938
2786274378
1569820738
1569749385
2795904877
2683041528
2786323059
1569730317
2794802884
2812605358
2812746442
2070040184
2594256712
1556826683
1569842727
2807256078
2799244017
2592808848
1556667161
1569705439
1569835354
2774437270
1569938022
1569715162
2592810033
2774393418
1569659121
1569703033
1569762054
2592791574
1569828835
2786260521
1569671407
2787727663
1569816594
1569706759
1569933888
1569688322
1569830421
2774427547
2815170096
1569685363
2070037067
1569902507
1569743752
1569693506
2592800604
1569908019
1569754194
2593039724
2812430499
1570040847
2600361104
1569738561
2786306853
1569917628
1569873828
2799110994
1569706856
2786218847
2774379208
1570032711
1569708759
1569900856
2812477553
1569921045
2592867735
2593017951
2786280411
2786365913
1569820983
2786244882
2787772564
2786321083
1569915706
1569944514
2598552058
1569873802
1569857606
1737777596
2592798155
2592817696
1569660433
2592814750
2602749038
2787715659
1570029273
1570016193
1569689299
1569872066
1569700095
2592805397
1569911031
1569883690
1556814553
2774358881
2808876386
2774370878
2592964636
2788254349
1569757575
1569953675
1569906099
2774390019
1569817563
2603520318
1655494551
2070038947
2786272339
2786282409
1569950958
2592801856
1569815157
1569672460
1569848055
2786277840
1569671021
2592851335
1569824695
1569687358
2808792833
1569750984
2592794363
1569677316
2593014342
2592797049
1569918120
1569906523
2593070211
2593011753
1569823811
2774442009
2594254865
2593039782
1569740803
1569899096
1569674706
1569922843
1569664619
2786219036
1569694711
1570027307
2592800755
2774378447
2809042626
2592805535
1569836947
2593101640
1569716018
2787721940
1570010398
2803453323
1569696846
1655370133
1569859530
2594311286
2070029450
1570008173
2592891999
2809213856
2808992281
1569821819
2786300703
1570016577
2592813155
2070069581
1569940603
2786272842
1737777673
2786235150
2786325336
1569658407
2774483769
2070031630
1569918361
1569817630
1569838490
2593073769
1569843509
1569754799
2792913060
2799386810
2774438817
2786241307
2592804995
1569666785
2774359898
1569679496
2070022720
2786313960
1558848907
2799238828
2793544295
2592854221
1570016392
1569710572
1569839381
2814740404
2786315280
2592831130
1569688298
1569758131
1569898551
1569679089
1569904803
2593082172
2808789006
2774350513
2787718256
2592793467
1569850281
1569836211
1569904561
2070016730
2070045080
2792837661
1569682509
1569731769
1569754768
1570041361
2786319868
2792404325
2594310408
2786221623
2594330396
2676757315
2786334278
2807525726
1569893246
2593028943
2070033511
2593080017
1569742911
1569947286
2794825694
2787800708
2787771436
2593039738
2797072214
2799387684
2774501836
2786348201
2774446048
2809052819
1569750031
1569848151
1569656076
1569882663
2809109675
1569888860
2786326183
1570016950
1569665184
2592800522
2800742682
1569823632
2786338558
2592965434
2786323203
1569931239
1569938939
1569666417
1570041415
1570014353
2786253997
1569908084
2592800061
1569833714
1569844885
2070018169
2070036011
2786220982
2808148991
1570016048
1569657386
2809002056
2070033096
1569749462
2812454852
2070047025
1569903987
1570011707
1570013307
2592950445
1569669079
1557906023
1569679821
1569852059
2593069818
1569952349
1569879311
1570030830
2070022926
1569666799
1569941609
2594261791
2774373194
2786323699
2592791056
2793277807
2786223469
2795188410
2806784443
1569916317
1569704299
2792446012
1569692682
2774406821
2789363450
1569710646
1569868326
1569741922
2808984743
1570016798
2812675286
1569839460
2800732333
1570037302
2592859892
2786218112
2592957624
1569893964
2774370963
2774356740
2594277868
2592791557
2786315938
2774318068
2070045823
2774394827
2774393395
2592817203
2786223011
1570018657
1570012317
1569684006
2786320120
1569920576
2774401602
1569659194
1570035060
2070029351
2070070170
2592960738
2593620632
1569851030
2774419714
2774344857
2592836454
2774502044
1569906112
2808988801
2786301837
2800754139
1569848503
2593396576
1569670952
2592789782
1560302053
2593031217
2799040446
1569836850
2809407416
1569705172
1569662324
1569943565
2806993076
1569833673
2786221062
2774505439
1569683107
1569830342
1569807481
1569912396
1737205063
1569667363
2593061299
2593110863
1569691222
1734043326
2774427861
2593651059
2738582428
2600266267
1569835669
1569735247
2676886359
2788153424
1569744819
1569825802
2774359336
2786323421
1569884543
1570017239
2592977111
1569680315
1569946310
2602566551
1569944733
1655743223
1569921173
1569730734
2592994116
1570015211
2803458343
2787996016
1569951265
2801768721
1569658946
1569846357
1569815670
2593086021
2799091542
1570010553
1569916781
2592811507
2806617000
1569738102
1569757690
1737213387
2070022005
1569716379
2795302436
2808986397
2070044822
1570040776
2718820267
2592948785
1569750374
2774410307
2601484557
2600419907
2786336588
1569741084
1569889858
2790090564
1569943509
1569731613
2788130960
1569852559
1569842007
2592794240
2592796462
1569733827
1569952282
1569731821
2070018315
2786322196
2806784426
1561676449
1569848959
2592791739
1570009130
1569949923
1562252072
2808783521
1569762071
1569948473
2774425310
1569684023
2786234877
2813222840
1569686772
2792867381
1569830316
2592807698
2786286389
2601435702
2786219105
1557283934
1570028781
1556527048
2070021771
2774509171
2808783002
2786368117
2786255558
1569728237
1569658960
1570008737
2808774736
1569715793
1569835432
2592803625
1569720353
2786319840
2070038218
1569946061
1569731062
2774443298
2592801103
1569910781
2786275770
1569887299
1569682719
2786345200
2788121522
2592947587
2803432807
2592807464
2592886821
1569928498
2593093484
2786221503
2813201979
1569724266
2808466999
2070026225
1569713522
2774405336
1569727472
1569906303
1570016591
2593064837
1569675262
2793197907
1569743375
2786220324
2792836857
2774443842
2786328123
1569683523
1569676725
1569901455
2807256131
1569747940
2798998423
2786358597
2070048809
2601446815
2774342852
1569736341
2786215029
2774364380
2787808178
2774451569
2786255101
2592813553
2789361889
2735849094
2774326734
2592984834
1738267454
2774461493
2070078140
2592799776
2812565754
1569871460
1569817530
1569919247
2774492095
2774398848
1569699903
1569675706
1569828383
1569850374
2592812621
1569932000
1557446060
2786319681
1569932823
1737778040
2592805646
1570033685
1569829286
2592984553
2812416217
2792835859
2774441905
2794825486
2676820692
1569731459
1569760917
1569682071
1569743070
2774351509
1569943109
1569692694
2807158674
1569848039
1569759377
2812685328
1569665265
2774502372
2774373171
2786275151
2774471308
2592950213
2592841889
1569696042
2592827414
1569825707
1569846040
1569897522
2592964925
2786319309
2786212610
1569715816
2812489732
1569848395
1569762118
1559510263
2592800498
2600369771
1569906191
1655615268
2774445878
2786260743
1569688104
1569814176
1569890860
2774421508
2592986126
2787808047
1569746494
2070031425
2592840911
2593064413
2787777792
2774465552
2592976054
2592803097
1569673731
2593050753
1655726608
1569863327
1569869829
2603079216
1569816994
2593087411
1569930608
2592986685
1569913127
2592984173
1569879018
1558263438
1569825783
2070048543
1569677068
2593020748
2070026481
2786240952
2070022706
2593023687
2774397121
2592821674
1737773953
2592796734
1569889915
1569802636
1569709647
2592890418
2774361362
2801572877
2774503755
1569830161
1569837498
1569717259
2070044667
2789660115
1569816073
2600827773
1570028891
1560563275
2774336861
1569813132
1569710596
1569868563
1569810355
1569921596
2786217427
2774509591
2786223402
1570015534
2786216820
2787903608
2592815703
2788013945
1569761591
1569870943
1569896918
1557023765
2593097427
2774431032
2592796966
2809397891
1569715979
1569803634
2795428672
2774519695
1569695691
1569727590
2796438645
2786295416
2592971222
2787937763
1569942646
2603914984
2592989096
2774373578
2774441866
1569711649
2774351561
2774336090
1569675480
2601402985
2070021941
1569841506
2786275756
2593063875
1569709828
1569735683
2592814978
2786282445
2786211877
2814043925
2774395363
2774393567
2786248543
1570016174
2592840041
1569949803
1570011020
1570009682
2812505199
1738200286
1569692429
2786217337
1569661075
2799094400
2774409375
2774423141
2592867222
1569906263
2592876127
1569841076
2592992819
2070022561
2592868950
2600365549
2786299678
2070027712
2788713914
2806627059
2792899546
2805489300
2807283051
1569850301
1569740729
1569881565
2786301132
1569859422
1569719016
2593027954
2600375312
2592809311
2793172948
2796437974
1569934690
1569715487
1569687556
2786349086
2788713942
1556802822
1569900465
1569810073
2592862906
1569928276
1569759584
2774342439
2786212127
2813223026
2774391453
2774441821
2774508059
2786329304
1569929740
2592799799
2807154179
2592800663
2592836322
2786313328
2774371110
2593033283
1569678835
1569829806
1569927770
1569949934
2788680797
1569820961
2592960686
1569750934
2788261894
1569677688
1569723517
2789807881
1569716934
1570022896
2070030530
2787739859
1569898853
1569681833
2593055532
2592813642
1736877091
2592959213
1655214873
2592790607
1569697728
2070077567
2592831267
1569755052
2806722230
2592889030
1570028875
2796433898
2774442022
2592789975
1569755186
1569856089
2812761562
2774333341
2812680293
1569667008
1570030029
1569874195
1569953328
2592840877
2786256612
2787822643
2774411693
1569811511
1569937511
2812680312
1569913097
1570038189
1569678155
2593011375
1569701150
1569848789
2592813841
1736864123
2786217262
2592836933
1556290390
2070044731
2593010384
2596049661
1570028367
2786358865
2786256335
2774446315
1569811915
2774373215
2592804721
1569944161
2809028382
1569951953
2592827583
1569754567
1569703699
1570034526
2592968473
1569734657
1569911460
1556589617
1556820927
1569879299
2070054903
1569705591
1569948758
1569946128
2786234366
2735775098
1570009814
1569812548
1569906409
1569840031
2070071329
2592799679
2593029311
2786299706
2812598786
2600374244
2070044849
1569680546
2774507252
2786249741
1569676054
1561257006
2597785628
2809013892
1569951679
2592821972
1569943629
2592918015
1569946912
1569910360
2815094925
2774407660
2786367474
1570032407
2600600850
1569727616
2799391677
1570011124
2774523525
2592843282
1569820718
2812979931
2814374290
2813057075
2786325078
2774373743
1569744841
1569913025
1569754489
1569953597
2792818807
2807151961
1569897627
2791257674
2801699197
2812780448
2796436016
1737777278
1569885192
1569818866
2813018069
1569748010
2814034678
1569873687
1570015095
1569755300
2699594832
1569808955
2594290539
2786474334
2786232954
1569676288
2774413831
2594280097
2593094534
1569944638
1569659745
2786227371
1569926987
1570016084
2788659546
1569951436
2592796940
2786319267
1569802869
2786254667
1570011363
2774407466
1569927225
1569878036
2812920451
1570027265
2809008384
2808991395
2808836767
1569828567
2070030057
2793248906
2812433078
1569938624
2592794930
2786234412
2786210865
2599683328
1655469227
2593478290
2787991493
2592838539
1569728013
2592791644
1569921523
2592787283
2806869541
2070016279
1569756043
1569658762
2812479058
2592851854
2592796191
1569809233
1569849706
2592959705
1738194124
1569921506
2070028708
2774440830
1570016515
1556508133
2070015780
2592801638
1569945338
2592796494
1737774104
2774503816
1569825410
2774402280
1737779113
1569913484
2786225001
2814036001
2786255641
1734001541
1737779693
1569882042
1655568987
2774413117
1569922733
1570017465
2592842401
1569680680
2592792775
1569950830
2593001977
1569875477
1569762555
2592827348
2592799744
1655645359
1569855965
1569656226
2592871593
1569817235
1655671256
2812831871
2774504441
1569749794
1569815033
2786217214
2594577310
1655614979
1569826236
1569944479
2774345786
2786291394
1569883836
1569675096
1655555500
2806618793
1569839006
1569736296
2593087927
2808615222
1569865223
2786358947
1569870927
2774505520
1569930577
1570041152
1569912318
2070049907
2812575718
2593035409
1738160403
2592959778
2812790157
2592956735
1569675466
2592865547
1569874982
1569904592
2593050935
2593645853
2592806676
2592800043
1570008899
1569696832
2592800950
2786322722
2806021366
2592796170
2814322561
1569671629
2812454832
2070027533
2676971639
2786255900
2786319379
2786399897
1569743105
2794825976
2774456200
1569812526
1570010011
1569852980
2593013938
2813781317
2809391885
2786239805
2786329292
1570028255
1569849614
2593086047
2592817975
1569927573
2807302302
1569673899
1569676140
2789718746
2774328104
1655652014
2774424814
2070047038
1569817073
1570014950
2787723446
1569849310
2808244848
2774373438
1569897577
2592800910
1569678516
2592788452
2792851670
1570008188
2787809171
2593456815
2799529352
2592803145
1569697166
1569849654
1569702527
1569928259
2787732532
2592805267
1569695479
1569918702
2592789351
2593032608
2592796369
2592845608
2786323841
2592863107
1569660163
1569885664
2601476312
2809042518
1569749098
1569830175
2786218668
2812763916
1569870453
2592803941
2786234310
1569875302
1569952074
2592805284
2787777720
1570021105
2774425299
1569674469
2787822717
1570011628
2789118312
1569674747
1569842910
2593093079
2814217930
2792598297
1569811427
2786253681
2787995208
1569906176
2774445001
1569905978
1569844217
1569911954
2812529559
2774385951
1569752550
1569929154
1569679993
2787721439
1569834466
2809145625
2809011579
1570026953
1569736539
2789954046
1569746604
1569664344
1569687950
1569897558
2800723228
1569919486
2592859983
1570038041
2592791707
1569699231
2786363957
1569853666
1569836998
2601404813
2809030844
2592977745
2592982042
2592796992
1569732954
2592848211
1569833596
1569708316
1570014848
1570013065
2600216641
1569864798
1569852123
1569945831
2786309291
2070022601
2792905571
2070031967
2593647813
1569914927
1569762426
1569885122
2810241730
1569877614
2592803878
1569688268
1569719007
1569668726
2593035441
2791055357
1655456113
2774455359
2812831822
2786216244
1561220326
2786340076
2788472548
2786284269
2070071175
1569747062
2792835615
1569681940
1569672507
1655642585
2774443981
1569833961
2593759771
2786234048
2793622269
1737774523
1569742256
2812685394
1569860052
1569841134
1569938899
1569688675
2592788596
1556343609
2786219147
2774449550
2070021536
2786238383
1569912280
1569873919
2809040512
2786348600
2787903586
2592806384
2592799105
2787819121
2789542711
2774337720
2786313935
2592789000
2806720047
2788680657
2786226111
2070031954
2786300973
2809138226
1569752374
2808847221
1569804937
1569753878
1569818374
2774396196
2592801511
1569680410
2592808153
1737777249
2592798110
2593051726
1569918405
1569757404
1569832578
1569865100
1569717912
1569870180
1569716127
2592790109
1569851194
1570008577
2786364857
1570008622
1655626709
2593678608
1569673824
1570030737
2774367163
1569913217
2070045033
2809035826
1570024365
2681096346
2774400415
1569867955
1569912668
2774352592
2792599620
2812680936
2592792431
2809006988
2786240685
2592984124
2592793282
1736302321
2774349529
1557908773
1569950131
1569917243
2786221454
2070038200
1738207469
2593010145
1569673284
1569916085
2786313899
1569667831
1737242896
1569893979
2592790760
1569913170
2594253274
2786219923
1570010745
2786251151
1654746487
2809071151
1569912079
1569903637
1737777840
1570012594
1569693802
2813221096
2592965891
2677650796
1569882304
2593042386
2786222300
1570014711
2786246649
1569665491
2786253810
1655747541
2790152038
2774442972
1737777097
2799409339
1569892508
2774354109
2786279247
1569698131
2774373421
2808148730
1737070890
2070048982
1737777367
2774350428
2603416016
1570011102
1569948384
2786313150
2812761542
1569663380
1569663037
2786291929
2786249924
2786310420
1569888785
1569755931
2774482789
2594418801
2594350871
2592802996
1569736752
2799410029
2593035425
2774455473
1570016483
2786322418
2808986695
1569818281
1569665667
2594262063
1569703977
2592794470
1570032607
2812474029
2774443486
1569734096
2774410548
2592808081
1737777321
1569877046
1556283556
1556899426
2070015765
2792874857
1569837128
2070026178
2786312618
2070030322
2786319295
2592858170
1569710378
1557022540
2786319393
2593103074
2808990289
2593050832
1569948645
2592798693
1569804076
1569851356
2792988725
1569723471
2680348261
2592831869
1738182178
2786274515
1570015249
1569850577
1569839751
2787726641
2774388357
2592803287
2593060215
1569948245
1569830767
2592791161
2070035231
2070029403
2774392880
2787872315
2786313508
1569684084
2808459274
2070033137
1569927305
2592796269
2786320986
1569738445
2774444087
1569667654
2815126754
2792527511
1569846542
1570018057
1569918556
2786256972
1737777291
1570034214
2786315992
1569953832
2774436000
2786313911
1569686057
2791159924
1569664843
2603001815
2808244997
1569682983
2808772127
1570006791
2786219537
2592820192
2592805013
1569914680
2814051647
1569674132
1569663407
1569737596
1569900039
1561170281
2774446613
2592792492
1569874211
2592828743
2792954956
1569741050
2592865036
1569884731
1569835887
1569810387
2592809178
1655665255
2786326979
2603080457
2713614475
2594463664
1569918499
1569738511
2592796416
1655510212
2786336562
2809020559
1569674331
2794578528
1569750238
2795396007
2774443501
1569946553
1569668196
2070016486
2070027414
1569914750
2792444493
2786390673
1737777555
2808211021
1569858042
1556826078
1569819529
1569857061
2070019573
1570027198
2592800350
1569762337
2678606012
2683109801
1569710719
2594258607
2809133883
2592812222
1569752807
1569827702
2594534463
1569759622
1569712991
2795438083
2592827752
2593050437
2798965147
2070029235
1569698496
2594273759
2592794691
2809038520
1569948460
1569839936
2593005343
2070017707
2774386731
1569723286
2809118245
2592984262
2678023429
2592795401
2793042070
2592990508
1569704257
1570006482
1569713551
2786256908
2786218859
1655527883
2786274835
2593094626
1569840461
1570024081
1569815657
2592787362
1737007039
1556539544
1570014044
2786315912
2592803162
2786317987
2592826079
2809109777
1570011347
2786341866
2593022800
2786246941
1569755905
2793042047
1569754475
1569715597
1737779099
2593022857
2592843347
2786244272
1569689076
1569891636
2774499916
1569840543
2774390848
2592994537
2592826224
2593075878
1570007901
2592904883
1569950188
2601406233
2803393622
2774421638
1570007014
2774386773
2812746216
2774350664
1569948627
2774428103
1569951694
2070046590
1655214799
1569803158
1569665834
2808147225
1655741498
1569803145
2786299987
2774362237
2787809435
2787919240
2788959673
2592829435
1569891740
2786330167
2592797173
2786313176
1569740251
1569674557
1570028987
1569906606
2592983336
1569944090
1569672679
1569861267
2070016990
2786222194
1737779719
1569686521
1569673587
1569812813
2787822748
1569933011
1569803833
1569819678
2774396795
1570015346
1569928214
1569663679
2787755283
1569709360
2592805305
2070048606
2592801552
1569732937
2786237106
2738477910
1569663138
1569806529
2774397138
2774344915
2786220392
2809047605
1569945720
1737237433
2799218908
2592812942
1569890367
1570008231
1570006201
1569725804
2592793582
2786301299
1556397741
2786244748
1569757840
1569934707
2593037185
2787903518
1569677035
2786216795
1570028318
2070045446
1655501589
2592796789
2774516108
1737079871
2786285807
2788684361
1569679342
2592869300
1570014592
1569810263
2593023381
1569948410
1569685289
1569908036
2786238621
2774420705
1569824232
2790530320
1570010267
1569811218
1569919066
1734145115
2592889976
1569839844
2786318261
2592959417
2774399874
2592815529
1569674763
1569756392
1569709322
2774430159
1570027278
2774458700
1569762037
1569949501
2592966512
1569828869
2774319215
1738176938
2600259125
2592838556
2774446924
2070034084
2603552041
1569705577
1569740345
2592802351
1570017190
1570000434
1569676386
1560274315
2787762839
2592796528
2593051413
2593098587
2593005327
2774441808
2786321107
1737775593
2786287391
2592979289
2809195326
1569838245
2774502108
2786227957
2786318749
1569671865
1569835474
2592976147
2774508701
2795418627
1570012353
2774410563
1569706017
2789332720
1570029018
1655711669
2774337583
2592993528
1569869495
2774434603
1569686840
2592830538
2774394903
2774364655
1569737921
1569693340
2593003970
2786324942
1569809581
2592978607
2592830553
2786250458
2593069972
1569923328
2786319854
2592861683
1570011614
2786362794
2592855523
1569948299
2592799140
2801702247
1569915052
1569934859
1569919420
1737188593
1737779706
2774392205
2801634119
1570009182
1569723258
1569730362
2593058408
2592797026
1569689974
2593054738
2774341364
2592961681
1569691267
1738479717
1569938306
2774359917
1570016725
1570028861
1569922828
1569744257
2787727867
1569897156
1569816725
1569668132
2593005370
2794825932
2774391484
1569716320
2592869315
1569759087
1569910574
1569670966
1569848731
2592863948
2787726569
2070028559
1569665509
2774359158
2774392548
2594261482
2789201019
2800740300
1569898729
1570021090
2788684240
1569865012
2774335026
2788122819
1569906290
2786297719
2786240200
2070031485
2807135464
2786219811
1570033642
1569680689
2786244402
1570015423
1570020102
2774428041
2786306991
2593035839
1570013085
2592812756
2815094901
1569900701
1569827562
1569830262
2792999181
2592858363
2774476671
2070045302
1569897211
1569900603
2815129390
2774396665
1569901082
2592820784
2592796810
2592917044
1569682277
1569732911
2774349845
2812795541
2592875041
2774360332
2774519710
1737202870
2593064429
2592795238
2603703945
1570032310
2788120238
2070078764
2774390921
1569660496
2812544466
2792954633
1569947723
1569741024
2788241169
2795241942
1569716418
1560438479
2592812553
2594583713
1569951089
2786256543
2600158692
1569687316
1559602396
2787771510
2786219135
2788144995
1569739759
1569712880
1569838537
1569899255
1569926781
2592827089
2592831202
2594553493
1569747972
1569658610
2592948535
2801609318
2812541687
2592807881
2592925179
2592806285
1569843041
2592836728
2683111319
1569673151
2792821040
2592954525
2786288497
1569732971
1569665333
2806869991
2070015981
2774373506
2789046180
1569948834
2593031233
1569946677
2790235628
2774441782
1569755784
2812922884
2807151892
1569886601
2786297873
2786256566
2786323179
1569852075
2807082888
2786297972
2593043968
1737205163
1570014493
2070044686
2592793561
