2602735883
2592803893
2774436178
1569922526
2592803755
2592789393
2774318440
2774333362
2592830538
1569663380
2592792414
2789807881
1569882663
2804652664
2806867137
1569736722
1569656144
1570035088
2807154835
2812680312
1569658960
2592800498
1569816285
1569751204
2601470850
2592822759
1569838132
1569676725
2600256556
2070040823
1569951482
1556845135
1569665926
2070022664
2592836728
2592938376
2593050676
2070071903
2593059229
1569677857
1569871336
2070016615
1570016798
1569673687
2786309967
2592788596
1569944479
1569913517
2594086561
2593485105
1569953479
2786255783
2593041538
2070048056
1569751014
1569849614
2070031670
1569875561
1570015312
2774393598
2786256908
2808532638
1569883608
1569825783
1561170281
2795193712
1569825939
2787771436
2790493277
2786255152
2774332233
2786341866
1569917790
2774387577
2786297009
1569911395
1569934352
1569911460
1569827962
2807253220
1557840616
1569953328
2774430205
1570010566
2592796901
2814035878
1570010297
1560466042
1570013307
1569916317
1736926650
2594553936
2070045538
2593055026
1570000488
1655741498
2786286389
2593087891
1655670415
2774396283
2786367474
1569920576
1570030830
1569843537
1569730317
2592807373
2801019667
1569749011
1569848857
2593048146
2070016990
1561257376
2786274551
1570006201
2774370217
1569887299
2594195411
2786242005
1569911253
2593032554
2774359272
2786338558
2774433976
2594553848
1569813404
1570010721
2592956735
2593035425
1569731782
1737114848
1569898337
2786280411
1570018985
1569734657
1569882304
2774442022
2070045302
2592868950
2603741898
2786234382
2786308365
1569754073
1569665319
1569816544
1570011308
2796436061
1569837671
1569832561
1569906233
1569888785
1569708759
1569901082
2594310408
2786222995
2600419907
2786355808
2786231641
2774425239
2592798595
1569822954
1559648117
2812990740
2593004879
1569723300
2592813623
2792840084
1569949934
1569819132
2774318068
1569835177
1569949591
2786315408
1569720445
2808986397
1570009568
1569929154
2774392014
2812569541
1569672400
2786284667
1569844176
2592800379
2814218633
1569815739
2774365913
1569886601
1569753969
1655285299
2809013892
2593016639
2601600867
1569942937
2070036022
1556186189
1569869460
1569655959
2592868047
2786217427
2786238815
2593110095
1569815435
1569659154
1569941609
2786322935
1569938624
2601511481
1569673824
2774400595
2790148985
1570007719
1569676919
2592985928
1569680198
1569674872
2786261340
1738216252
1569911820
2809002056
2603990448
1570009432
1569657972
1569902772
2593079787
2808847221
1569686549
2592891999
2774350664
1569812981
2808148881
1569950958
2681906584
2594122645
2786326979
2593057191
1569671629
1569656076
2793108245
2774411610
1569812212
1737776734
1569752249
2592808081
1569908019
2786272842
1569723531
1569916781
1570015830
2592807589
1569748154
1569730349
2786237131
2787777836
2787721439
2812746216
1569803549
1569672974
1569812883
1569913170
1569827030
2600156863
1655555500
1570026938
2603638749
2774344807
1569687475
1569808442
2592792793
2774402095
2774484569
1569682071
2800677372
1569672323
1569691279
1569660756
2592827660
1569840543
2592994116
2792954671
2786259897
1569692995
2786434048
1557841422
1569719059
1569732937
2592827414
1569927703
1570029257
2774437270
1570014808
2792914256
2809052881
2792505345
2792874857
1569926987
1569727167
2787762736
2774402940
2814232194
1569857486
2774343226
1569820983
1738176938
2592803287
1569891659
2786217262
1569736111
2592800702
1569715337
2070029760
2594261791
2812473299
1569730734
1569812172
2774388044
1569892763
1569711663
2786237483
2592803774
1569916195
1569833961
2813036384
2786219327
2799410029
2774415765
2786326938
1570006420
2799200446
2774375132
2787718256
1570011276
2786231844
1570038041
2070015795
2592795206
1569731048
1569871993
2593056744
2592829635
1569822360
1569904379
1570032310
2786355870
1557076218
2070018315
1570021980
2603079216
1570017859
2070045138
1569818718
1569710719
1569897577
1570025362
2593087123
1569836947
1654746487
2809059176
2592845740
1569715262
2809004688
2593064489
1569710994
1570012594
2738476068
1569802746
2601509048
2774395621
2800077990
2786238383
2792835859
2786334278
1569670640
2786328905
1569715148
2592792690
2592825335
1569933784
1569928498
2808216901
2592838607
2786224981
1569893175
2592795876
1569870385
1569658651
1570015211
1569655907
1569820680
2593103427
2793622269
1569898729
2809006952
2774501161
2812922884
2809071151
2804653116
1569698387
1569871035
2593110863
2600156850
1570012475
1569675189
1569878772
1569913397
2786330167
2592945407
2594463664
2593099422
1569697603
1737774514
1569757643
1569703754
1738267454
2774431931
2774441821
2592827463
2806614600
1569946061
2809003638
1569659952
1569679035
2774423195
2790493463
2593065344
2806621128
1569736681
2805487278
2786322442
2786243516
2787819143
2786242995
2592959691
2786235705
1570006122
2603425467
2786241765
1569913228
1569851336
2592814750
2592966385
2774416122
1569915823
2808434097
2600374244
2791055357
2683595520
2592843282
2592931802
1569884731
2592802663
1569678218
1569819730
2592801285
2592807633
1569911619
1569917582
1569897211
1569916982
2070054903
1569874518
1569852138
1737774104
1569673167
1569666358
1569731769
2774359247
1569825850
1570014907
1570033685
1569666687
1737779306
2592801338
1569740251
2593620632
1570009682
1569667863
1737775466
2070044760
2786243702
1655527883
1655739499
1569731062
2070046590
1569675161
1569816167
1569852123
2592836958
1570008768
2786242983
2786323829
2592815586
2789361842
2592791127
1569750387
1569803158
2592830553
1570015002
2812832566
1569753638
2774407660
1569713506
2592802045
1569675314
1569824695
1570009880
1569920697
1570010398
2070067975
2786298188
2592794470
2774500362
1569885664
1569938344
1569949923
1569665251
2600161556
1737007039
2592800350
2788475750
2807161976
2592813945
2786322529
2793388098
2592795999
2592808871
1570018075
1569890860
1736876759
2592829235
1569667772
1569953729
2593063821
1569693506
2795186643
2070033137
1569750866
2786211877
2601435702
1569859625
1570024400
1569815310
2774406821
2786221503
2786221430
1570019312
2600158610
1569894929
1557065664
1569753694
1569758687
2786313176
2774420175
1569837555
2597799022
1569920559
2789542687
2592815161
2801544268
2808997047
2592798110
1569949345
2786344958
1569889858
2786231917
2774506427
1569826281
2788974930
2786276321
1569824232
1569816073
1569848055
2592838234
2774360926
1569848789
2786237966
1569890788
1569911425
1569879018
1569670068
1569688284
1570033642
2786318025
1570012353
1569752262
2070078764
1569950334
2593051122
2809003060
1569836814
2787937763
1569927592
2786319281
2774484665
2593011375
1561205415
1569755448
1569706017
1569717299
2788680428
2592981650
2788659571
1569751726
2070068660
2592838556
2813222304
1570015942
2592963349
1569902299
2774409356
2786258663
1569658407
2791159924
1569677363
2592980229
2813075283
1569677132
1662417225
1569923220
1569837351
1569741001
1561658281
2592805159
2592793325
1569736334
2786278513
2774424814
2801634119
2774508059
1569676315
1569828869
2812668121
2592821808
1570026953
1569755931
2592948785
2774340561
2593061283
1569674706
2774359898
1569683772
2592860241
2809109797
1569943225
2592838215
1570032241
2786219461
2592796035
1569842540
2793078812
1569712720
2795241639
1569949723
2808607431
2592794635
1569680006
2592843491
2592959417
2786246210
1569820642
1569848290
2602566551
1569740657
1569717923
1570014667
2786256972
2593044227
1569752058
2787992575
1738200286
2774399322
1569705591
1569665595
1569756704
2808982921
1569927061
1569745599
1569873919
1569746632
2592831202
1569744841
2774498940
1569679007
2774370573
2592830334
1569666607
1569891688
2791058890
1569702980
1737233122
1569822916
2594290539
1569892346
2593094612
2593029311
1569946641
2592799038
2812505199
1569892508
2594254865
1569864656
1569944235
1655717995
2592855356
2786241202
2592795401
2592803625
2593031518
2795904877
2774504441
2786255641
1569691222
2774419110
2809028859
2774411693
2786239888
2592884167
1570026747
2786323276
2676886359
2774393323
1569709789
2593496517
2070053562
2593070077
2601439256
2070044879
1569811427
1569917697
1569947919
1569842249
2774443512
2793109563
2790456212
2676971639
1556335588
1570014044
2070077567
2792906047
1569741067
2603703945
1570034343
2786328075
1569810355
2774451569
1569846040
2774373540
2774441931
2592869315
1570016193
1569739759
2786286480
1737779792
1569930577
2786223027
2808243642
1569835029
2786323091
2774386773
2070067833
2699594832
2789376058
2592805423
2799174082
1569916705
1569911031
1570011293
2070033511
2601420594
2812477513
2592828020
2774390999
1569727896
2786255101
1569738125
2786326902
2792722190
1569907495
2774345830
2774389803
2787801861
2593054717
2790486982
1569736244
2801871739
1556283556
1569848675
2592830563
2774385881
2593044026
1569820797
2600213716
1569890661
2792837661
1569681436
2594098849
1569744257
2070055007
1569697166
2786313899
1569724573
2786319027
1569877912
2795188410
2070022601
1569910574
2801633026
2786313508
1569724972
2774362413
1569681599
1569920314
2807525726
1569921443
1569715196
2786219537
2792494410
2592797123
2809434552
2808770637
1569851356
1569884122
2810241730
1569809233
1569675882
1569852046
2774345805
2774389677
2809109777
1569661044
1569887751
1569944711
2809039392
2807516580
2792549959
1569736122
1569859530
2786235584
2801844538
1556826683
2592937602
2786299692
1569838912
2070025444
2788481471
1570010657
2786245090
2593010384
1569945630
2592845411
2788121522
1569817262
1569944310
1569853612
2774423609
2592809178
2070070183
1569912342
1569663925
2592993558
2070019787
1570039271
1569823919
2807060831
2801625170
2600266267
1737777278
2594577310
2070020102
2788959751
1738075305
2809030844
1569674886
2774445476
1569733046
2070048809
1569822606
2592882574
1569835432
2792839826
1569665088
1569669772
1570017810
2808992299
1569950830
2070045959
2786315268
1569759231
2787800708
2592825184
1569920615
1569910781
2600295664
2795396081
1569833440
1569906099
1556121788
1569833362
2786288530
2592803528
2791082056
2807302302
2786320120
1569724266
1569674422
2592856541
2774424882
1569905978
1569754588
1559140817
1561125279
1569676905
1569678412
1569874700
1569849321
1559149106
2592790742
1569705952
2774396833
1570031024
2718820267
2070067986
2812473224
2592860484
2774319215
2812478895
1569902668
2592799423
2600502055
1570016468
1569747503
1569943660
1569838245
1569907295
2592799906
1570038622
2786307013
2774443823
2787799496
1655676156
2601470896
2801757148
2592813513
1569948245
1569948410
2786255236
2594463694
1655469227
2792826354
1569821819
1569848395
1569703977
2809391885
2592797682
1570014537
1569729451
1570028555
1569878061
1569899043
1569918533
1569897156
1569872905
1569927327
1570020376
1570017023
1569672053
1569757840
2070074454
2809145625
1569664452
2592827393
2593030055
2774519710
2786331602
1737777228
1569715979
1569921576
1569682394
2786218146
1736441928
2070070261
2801476019
2592947295
2592799294
1569933011
1569749053
1569942577
1570030029
2786289241
2788684240
2774356740
2592793200
2592798978
1569674006
1569845828
1569921164
2793274523
1569872709
2786276676
2792954587
2594430183
1569830316
2683111319
1569857676
2593643940
2774443981
1569690712
1569717031
1569879311
1569683782
2774379208
1569668378
2070015735
2786221442
1569873605
2592798615
1569762337
1569843162
1569720353
2786234023
2070067714
2593019505
1569664075
2786261395
1569742601
1569677068
2602734554
2809038520
1569928910
1569899960
1569893849
2592971586
1569913957
1569740901
1569871025
2786214737
1569663138
2774499497
1737779719
1570008622
1569862718
2788961412
2593086273
2786259765
2813735295
2812761562
2792931398
2774336575
1569806992
1569941986
1569716452
1569684056
1569686403
2592969210
1569671687
1569722707
1569912768
2774393968
2774445450
2592799655
1569675466
1561406991
2592968979
1556358356
1556591551
2070033582
2774345951
1569732911
1569918556
1736894852
2070016657
1569931637
2792835615
2809133883
2788680797
1569673587
1569670054
1569918394
2792843217
1737777206
1569929740
2592795271
1569726417
1556539544
2592864758
1569711594
2786244142
1569656226
2808532309
2774476010
1655711936
1569928994
2786328693
2592794810
1569696846
2812888507
2593076145
2602410065
2787791539
2793206361
1569677628
1569874528
1569902466
1570000540
1569898143
1569814424
2809020559
1569689299
2799174144
2593003970
2603162288
2592790607
1569827994
2774349417
1569837432
2592795436
1569841797
1737777673
2774396082
2592843152
1569905401
2774336861
1569842599
1570015489
2601481493
1737778220
1569898551
2813652883
2592889976
2812766784
1556397631
1559625101
1569739280
1569893979
2787991517
2799002509
1569746494
1569687673
1569942830
1569680680
1569751357
1569848959
2593072333
1569668196
2592968665
2812477553
2592805634
1569879254
1569871308
1570021306
2592941679
1569854843
1569816349
2793042047
1569879287
2787809114
2774505469
1736943032
1569747062
1569812548
1569744002
1569733969
2795302436
1569916464
1569948903
1570014192
1569716379
1569837805
2786319057
2786310513
2786291881
1569900252
1655117487
2592977111
2786227371
2592791056
2592797049
1569940472
1569839563
1569677316
1569738291
1569753446
1569746510
2786319071
1569945403
1569933496
1569715927
2786216727
2070039112
1569837238
1569942095
2808788179
2809118204
2774462588
2792599620
2592981879
2592851649
1569842491
1569912472
1569724500
2807135446
1570033720
2774424676
2600297097
2786325548
1569836397
1569871322
1570014933
2774428090
2795302420
2774324772
1569678141
1569946280
2787809213
2592799759
1569915605
1569878495
2593052516
2786217274
1569836850
1569662699
1569725991
1569751899
2592842401
1569937699
1556826078
1569724226
2593035982
2592811890
2592811507
2592871807
2792954656
2813156928
2678023429
2798999680
2592803910
2070035585
2592803941
2808876386
2593058325
2814047619
1569663496
1569683091
1569730004
2786251151
2788659546
1569951459
2786241226
1570017878
2774476498
2592805812
1557022540
1569683571
2774362944
2808467052
2592964210
1569841176
1569673717
1569716089
1570039489
2774471308
2593087105
1569657326
1569748136
1570016258
2592803162
2774434603
2593037357
2601446815
1569762451
2786273967
1569847211
1569666653
2807690018
2786221572
1655518752
1569658485
2786219105
2603446543
2814322561
1569749702
2774495005
1569880552
1570015249
1569675220
1569810387
2795656352
2808260992
2786318039
2592791644
1569847731
2592821750
1569816697
1569678398
1569709971
2592858170
1569727616
1569670484
2774502372
2808148730
2814047654
2600365549
1556084648
2593109977
1569805742
2738445906
1569672752
1569913410
1569947544
2070022088
1569675128
2788713942
2786295381
1559613128
1569670613
1569677775
2793059841
2774446628
2790149056
2592875439
2070054732
1569818541
2593050832
1570010433
2593104722
1570018094
2600157914
2774359014
2786276574
2774422703
2600159394
2812418306
1737774523
2792881170
2774418140
2799204626
1569656900
2786222954
2812512614
1569818110
1570030654
2786273114
1569823906
1570009814
1569875819
1662418041
1569684856
2786255900
2592790242
2774373319
1569953496
2786323059
1569862805
1655566609
2786243092
1569712483
1569899354
2812758966
1569842910
1559620874
1569757404
1569672618
1569660215
2813352372
2593070211
2738582428
2592803830
2774462892
2592835952
1569672432
2774389744
2792922016
1557605188
2814512032
1569809181
2592985411
1569870441
2812675286
1570009849
2592837219
1569659296
2803452194
2774442987
1569836181
2813075141
1570038230
2594272120
1569943850
2786234940
1737779113
2592795416
2070035231
1569748691
2789789204
1569906523
2787777853
2592841829
1569930608
1569874047
1570014640
2681367348
2812421864
2592812553
2593022932
1569730045
1570009081
2807525709
1569715816
1738198537
2070046644
2812418286
2592829670
2593683403
2793654589
1569949803
2788472115
2793084575
2070025849
2801617268
1569699714
2786222284
2788261846
2804957242
2786291199
2789946922
1570010011
1569953946
1569737236
2600257439
1569674132
2592965891
2594086239
1738205114
2786319868
2786362794
2774446924
2774423141
1655658743
2592798938
1569940777
1569921678
2592843263
2807128567
2786219923
1570008851
2786241238
2774328177
2774344900
1560793432
1569675274
2786325967
2592787440
1570009159
1569893964
2774516851
1569889231
1570024081
1737777555
2786285583
2786226095
1569756590
2592959213
1569665265
2070019462
1569870616
2592994431
1570009696
1569883636
1570010329
2809042562
1569944216
1569915491
1569656289
2070031941
2792549771
1570027343
2786319826
2592813963
2592836468
1569954110
2786346888
2603352283
2774443473
2592976175
2592851994
1569666191
2795656303
2600158438
2593011753
1569839969
1569693802
2786315280
1569663090
2070016644
1569949148
1569878046
1569943400
2592831241
2601474790
2070036409
2774351561
1569667394
1569683509
1569951436
1655530525
2786424013
2813346349
1569718338
2786217709
2786256501
1569844721
2774436848
1569917568
1569859593
2592800604
2592811345
1737775315
1569695842
1570011235
2774399403
1569663540
1570034269
1569833808
1569679952
1569859307
1569846378
1569686614
1738207469
2592805284
2592864719
1569664843
1569851030
2786313345
2788287282
1569938878
2774393418
2786474334
1569666799
2592854221
1655197234
1569857061
1569876307
2786281917
2806021971
2774473527
2786321133
2786273779
2805426288
1569688298
2592837009
1557585631
2774507252
2592794671
2592866199
2774359700
1569819879
2603672976
2809144021
2592992837
2592793282
1569874183
1569673398
2786309405
2774358881
2774420705
1569662324
2786235251
1569889915
1570015020
2774344915
2600150294
1569694834
2786258619
1570027211
2070031097
2774462418
2592852420
1570033900
1569923470
2792549736
2807765192
1569694807
2786390673
1569738351
2070035046
2070020871
1569889970
1569853749
2592957624
2592819802
2795241987
1569939380
2601658161
1569659503
1569699005
1569689165
2592788134
2774427861
2813717361
2786256481
1569921003
1569666250
2593090610
1569953597
2592828743
2774359336
2593080954
2592797026
1569933605
2592853688
2793009743
1569805055
1569912785
2592796753
2592852182
2070017218
1569871094
2593005539
1569850650
2786226005
2592993528
1655471093
1569736135
2592944663
2812579458
2592984028
1556438923
2592801266
1569687283
1569665639
2070077208
2774388512
1569660496
1569933569
1569738311
1569868379
2592788655
1569723559
2592799567
1569906205
2593079572
2807264118
1557777284
2786364194
2600510429
2070027712
1559899742
2774523525
1569723142
1569754567
2070023141
2592816862
2793163300
1569693601
1570011691
1569679021
2806870045
2815037223
2787872315
2601509162
1569948441
1569734635
2796458652
1569823525
2070071175
2786288133
2593055003
1570020116
1569665568
2786214487
1569918361
1570013101
1569741037
2774504393
2793276171
2807128489
1569746991
1570010781
2592803017
2807515341
2807163076
2786257325
1736416359
2592819164
2593027970
1569814874
2681997681
1570037287
1569930502
2594514058
1569681318
1569872110
1737779819
1569697551
2812541461
2812575718
1570015690
2774506262
2786254998
1569759211
2786211244
1557906023
1569937640
2786215602
2070072006
1569848614
1569743333
2592810625
1569882042
1569819755
1569867955
2592801450
1569708316
2774444087
2600236392
2070031954
1569692342
2814051647
2592800910
1569700412
2808995026
2786313328
2592788960
2809001493
2774390982
2592829261
2809047645
1569661528
1569680457
2070026409
1569738271
1569940455
1569677844
2786356073
2774482789
2592799334
1569694711
1569876456
2774410307
1569842007
1569816576
1569947706
1570015228
2786244748
2786235982
1569930182
1569839393
2786219811
2786322196
1569889956
1556141167
2774365783
2788132296
1570014967
2786294680
1556667161
2592836454
1569657239
2807154752
2592815529
2070028300
2786227305
1655516355
2774345204
2070021698
2798958937
1655494551
2786234048
2806869976
1569823147
2774371433
2786261800
2786324127
2788011256
1569886951
2814036115
2070069660
1569677035
1569662295
2786238993
2786288577
1570039465
2774449550
2592810607
2812685371
2592803252
1569951605
1570010865
2786312994
1569942382
2602659167
1570033764
1570026918
1569690632
2789928777
2787732532
2592811792
1570024302
2786252535
2592817696
2592796462
2786220392
2592842878
1570017897
2814059784
1569839070
2592801489
1569936262
2593013974
2786326950
1569715351
1569674628
1569660561
2801762160
1569805141
2070023467
1569951953
2788411554
2592807858
2786292962
2787812361
2593077990
1569672262
1569754489
2774500404
1569657386
2592800477
2786324954
1569839460
1561263926
1569753221
1569814688
2593042386
2799409339
2592792967
2774329996
2786331614
1569916085
1737007017
2813221096
2070016486
1569875477
2774343488
1569697564
1556283625
2787809171
1569903542
1570040765
1569892567
2786288334
1569678370
2801921024
1556188082
1569809844
2592948535
2786253927
1559282991
1569953702
2786275770
2807151892
2813284792
1569939787
2774501836
1569841134
1569927286
2774466546
1569893295
1569804851
2786323179
1569932259
2774444795
2774382447
2592806797
2787772209
1655654473
2786312618
1569757949
2774389820
2592798369
2774336632
1569808906
1560716656
1569710596
1569738102
2795430307
1569758850
2801015362
2774387220
1569730415
2774367027
1570011431
2592788407
2787919483
2601471636
2592856458
2774503936
1569887166
1569942923
1569932109
1569699903
2592862719
1569906922
1569675943
2593038268
1569864798
1569736708
1569747922
1569849654
2786258981
2786282468
2593036041
1569841347
1561209691
1569761656
1655614979
2786315992
2592992819
1569949525
2774345786
2787850658
1569668340
2774387761
1569711464
2070048953
2677779414
2593076053
2789951164
1569753609
2774443486
2787808047
1570032407
2789179075
1569826926
2070020956
1569681103
2774509760
1569676943
2593017951
2592793818
1569753982
1570016048
1570011020
2600485251
1569744803
1569857593
2809015301
1570016547
1569746813
2787777720
2774406224
2801768721
1569817211
2592920690
2813781299
2786322393
2070040756
2592882016
2594539403
1569892056
1569906606
2786332750
1569665834
2786303917
2786214719
2070030296
1570035290
2070054961
1569843095
2806627846
2806618793
2808628837
2792954570
1569920363
2793172948
1569759608
2597818464
1654843425
1738187809
1569828475
1569754043
1569716418
1569685719
1570013085
1570009369
2070048859
1569693544
2809118245
2592814062
1569819826
1569678859
2593027764
1569945916
2774445001
2786219076
1569912668
1569687316
2808988765
1569753596
1569802672
1569948834
2786241170
2788684133
2774520341
1655617014
2786231597
2070046759
2774406250
2774441918
2592895473
1569687556
1569918702
1569667334
1569688526
1569953648
2809398631
1560292851
1569687810
1569887150
2807152017
1570029273
2592851854
2592848211
2799040182
1569837067
1569728013
1569940302
1569946553
2070029450
1569944182
2592826079
2794573646
2594553795
2786285753
1570016295
2603340167
2774427673
1569830284
1569928214
2787771597
2786302264
2808992281
2592899888
1569882208
1570016207
2601678808
2592848274
1556563946
1569719194
1569664314
1569823874
1569736050
2070037724
1570041152
2788659495
2786212330
1737205163
2774496670
1569835859
1569694734
1569944847
2786354524
2592797173
2600156278
2592951974
2592954172
2592965417
1569752807
2787995478
1570009249
1655501589
1569807075
2594311286
2774440258
2803191085
2592979314
2070050415
1569927573
2593019973
1570012766
1556091276
1569932126
2786244882
1570015363
1557211877
2592829874
2592963305
1569845355
2790493308
1569723678
2592820250
1569754799
2774359917
1570037792
2603129375
2592801433
2793274358
1557912587
2592841867
1569878036
2809152336
2592840041
1569877305
2592861315
1569716567
1569739220
2809525615
2812579496
2592807801
1569879299
2592813907
1569906263
2592801207
2070018199
1570013973
2786274257
2592813065
2758082343
1569882741
2786211577
2070041015
2593011407
2786305301
2787763186
2592806676
1569695104
2070029235
2593050265
1569719007
1569735061
2593013129
1569943242
2603781433
2786217415
2593010990
1569802869
2070047867
1569682085
2594253412
1569756357
1570024245
1569928225
2786226111
2593073769
2593064823
2593005684
1569807481
1569803958
1737775174
1569831405
1569917596
2592868148
2592917044
2774358374
1655725719
2774475644
2786324942
2812474029
1569900621
2592984262
2070021991
2787716236
2796434976
2808783521
2799089235
1569673059
2070044542
1569854971
1569852636
2592849017
2791058874
1570041305
2792909113
1569659627
2794826095
2592788611
1569904592
2593095055
1569915193
1569906782
2592805326
2790530592
1569749385
1569848410
1569697617
2070031832
2774402612
1570006772
1570011474
1569915809
1569918613
2812675241
1569945666
1569903339
1570028543
2593014558
2592844164
1569672507
1569947286
2774424825
1569709322
1569676933
2774505454
2786274378
2601483647
1569749416
1569735247
2786255558
2774405336
2070037110
1569689218
1570008517
1569666731
2787903250
2799105762
1570015269
2795396007
2593065858
1569834182
2812679272
2786281439
1569743000
1569678155
1569679993
1569851558
2796435065
2796634024
2786219036
2592911454
2592996177
1569806061
1569885056
2594323259
2594583713
2774350532
2786250458
1734283228
1569815178
2795438038
1569834615
1570007914
2786260051
2592994537
1569675588
1569838089
2592796081
1569832978
1569756544
2786260691
2786318735
2814380969
2812565175
1569910689
1569842809
1569875287
1569742139
2592805013
2592974283
1569739931
2592989096
2787777812
2601430474
1569850374
2774412157
1570039536
1569876028
2774337515
2592953190
2592812942
1736867754
2592792775
2600380022
2789526302
2070016899
1569683363
1569948599
1569753666
1569683107
1570014711
1569899306
1569859422
2815094874
2787772564
1569927305
1569666003
1557777030
2813223665
1569819235
1569667728
1561573876
2774396795
1570017782
2592975145
1569877629
1569859568
2788961360
1569852298
2774472741
2809138192
2774451136
1569869542
2788327865
1569687535
2593012558
2792999181
2799800386
2592806592
2809310342
2808836767
2792899546
2592805838
2592934059
1569704270
1569667682
2592836820
2594330396
2592868910
2774502480
2786238893
2786274515
2812746442
2774386839
2593061578
2592796528
2592838268
2786211702
2801702156
2808986695
2592799623
2801544195
1570009182
2070054426
2809213856
2070023055
2592864699
1560341929
2592812222
2600216641
2807158734
2592810116
2786273474
2774352082
2803839792
2812790157
2787741728
2592973131
1570007990
2600158692
1569671819
1569660819
1569741050
1569687358
2678591237
1569690927
2774457630
2593076295
1570008577
2813740129
2593091052
2599701042
1569680351
2798958961
1569803918
1569684110
1735762685
2592853947
1569852980
2592823396
1569941631
2070044973
2592820421
1569709937
2785663044
2070048606
1569880829
2600238809
1561226239
2603037428
2774397138
2786329373
2786212963
2789875584
1569673731
2792866531
2592805267
2807282249
2774328476
2592862404
2070030309
2070049907
2601437474
1569838340
1570038070
1655636006
2774364380
1569889243
2592802371
2786317913
1738183995
1569753866
2814325975
1569900603
2592986126
2774420316
1559161668
1569834466
2593084179
2786328087
2799218908
2786256566
2774373039
2592865547
2593069986
2809307074
2774457600
1569697294
1569682509
2070017296
1569916166
1569932268
2593046699
2592974149
2809044566
2805993537
1556527351
2592798089
2789532078
2786296840
2786219991
2786236386
2789532054
1569732988
2592845608
1569856984
1570026884
1569758697
2795224357
1569930529
2774344559
1559385169
2795658295
1569711450
1569873828
2788713797
1569917044
1569927770
1655699847
1569727736
2592801552
2814015730
2774445502
2601510678
1569811511
2593052053
1569720335
2774367629
1569935740
2792849187
2593995497
2808147243
1570031335
1569811931
2677411824
2599683328
1569696367
2593059927
2774475968
2681081432
2805487192
1569948327
2600827773
2812433078
1570034256
2786299382
2786317987
2592971471
2592803878
2789178939
1569932142
1570012197
2809407416
1569658079
2683034363
2592839950
1570010553
2774449698
2592801470
1569943565
2774344857
2774380458
2809001906
1569869679
2070035330
1569899096
1569820192
2774373489
2592944997
2592883078
1570006711
1569906276
2786222314
2786230447
1569803706
1570015115
2795302503
2594418801
2808988801
2786325336
2070029526
1569830476
1569917962
1569760917
2774337316
2787799656
2774500320
2592921789
1569665653
1569738253
1570038674
1569816505
2600369771
1570028216
2592989157
2774349529
2592875041
1569683539
1569869710
1569696920
2070022561
1569931224
2592807352
2809213765
2593061509
1738479717
2786214908
2601406233
1569833615
1569687444
2786232480
2592791144
1569671439
2774503831
1569868167
1569760875
2592984302
2592969227
2592984124
2592801385
2592808848
2812979931
1738122841
1557636153
2786325078
2774350626
1569732971
2592836217
1569668919
1569840156
1569865128
1556342803
1569667831
1569921523
2787809435
2070040875
2592794240
1569932000
2601406390
2774392548
2795332266
2790209016
1569746618
2774392205
2070028708
2070032255
1570037459
2592787283
1569835354
1558553530
1569911988
1569847953
1569815296
1738191778
2787720049
1570034513
2807523228
1569929790
1569727607
2593013467
1569832776
2809397891
1557023765
2774441970
1569817630
2594553822
1569742587
1569848518
1569657455
1569853666
1569803833
1569680264
1569736161
1570016174
1569690881
1569879174
1569921410
2592824246
1569828255
2592973765
1569848889
1569812731
2601422453
2793165032
2592968473
2786310476
2774425310
2809005833
2801866771
1569906072
2786261628
1569827382
1569753584
1569884003
1569953397
1570022915
2808459274
2786260743
2592799969
2801596113
2786322770
1558859047
2793212296
2786293032
1569657797
1569756392
2786322782
2593051413
1569945390
1569929705
2809195326
2592977699
2774393207
2801617738
2592859983
2682382583
1569715966
1569923500
2792869975
2592838289
1558982527
2592814366
2807264551
2592799679
2786212347
1569919435
1569822118
2786319043
2592792015
1569709955
2592813270
1569679424
2792527538
2774376389
1569678981
2786342431
1569941704
1569836578
2774439064
2774403462
2774336840
2786275001
2787721940
1569737536
2594273296
2786295416
1569665057
1569663595
2592963556
2697077887
1570028910
2592841889
2592933942
1556668097
1569722346
1569727472
1569673314
2592819313
1736865983
2593031203
2790631580
1569685423
1569948460
2812703620
1569930097
1569844757
1569685652
2070016730
1569810730
2786248272
1569911896
1569755186
2786319840
1569815781
1569723128
1569863589
2594553339
2070045524
1570014179
1736864530
1569683555
1557716021
2593028943
2774373194
2592811409
1655657182
2592858342
1569688692
1569893005
1570035402
2800024133
2786336588
2787808364
1569671980
1569859177
1655214799
2683109801
2812761580
1569951265
2593049286
1569753023
2774441996
2592866294
2593088954
2774316959
1569944441
2592815252
2594534463
2592840877
1569917208
1569835474
2592789618
1569666417
2593758472
1569906290
2757874445
2593516810
1559745676
2592807415
1570037258
1569716868
2592863948
1569688104
2786211412
2808616121
2070045177
1569888815
2593087016
2786234510
1569855598
2809035826
1569944619
1569696960
2594524490
2592795451
2774393995
2601430670
2799529352
1736864123
2806614749
2593028220
2592820169
2795302481
2797072214
1570037302
2809000486
2786311640
2594524539
1569705563
1569666697
2593043999
2813352336
1569902507
2786252509
1569749998
2592987196
2786322710
1569667758
2070078140
2070022481
1569938473
1569832204
1569656827
2809048609
1569918378
2597709096
2809013779
1569673767
2774350545
2593087081
2593028193
1569757855
2793036469
1655476706
2786217214
2070021739
2799387684
1569946451
2786338990
2796433898
1569857366
2592803097
2592869338
1569682004
1569907400
2786219951
2592799582
1569823467
2808985841
1569668872
1569723286
2809030790
2792821040
2592838196
2592958397
1569751100
2594261537
2787729687
1570016682
2774456200
2795332244
2786358865
1570032607
1569817705
1569730362
2592990508
2807256078
2799316214
1569814595
2592971194
1569813912
2600259125
2808150686
2592807307
2592797861
1570017562
2774329328
1569882447
2807061511
2786219975
1570016950
1569705439
1569923328
1569908036
1569717019
1569946128
1569672724
2786313717
2774390738
2592859869
1569693413
1569667907
2592831320
2592956422
2592851898
1569947936
1569688268
1569659851
2786261142
1569687950
2792954610
1570021105
1736443296
1569836539
1569713691
2592791032
1569934690
1569823811
1569916005
2774503462
2070077507
1569937629
1569858042
1569930623
1569908084
2592842659
1570008876
2592792395
2786319337
2786323947
2774441782
1569816994
1655625469
1569740345
1569875302
2592942880
2787903586
1569754781
2593049086
2774342101
2592799277
1738101226
2786336321
1569938899
2786213722
1569858130
1655741362
2774349226
2592830144
1569678204
1569852849
2808150424
1569672245
2808789006
2799091542
1569679496
2600315244
2786239793
1569846938
1655590500
1569754057
1569937511
2799091721
2592792865
2774507836
2070026481
2774446613
1569657947
2592799744
1570033027
2792913037
2070022169
2774362237
2070026225
2600234791
2593013449
2812920532
2786214701
2070044784
1569713251
2786345200
1569863039
1569674102
2774412794
2592944778
2677438497
2592798155
1569913127
1569822510
1569695691
1569896918
2592797435
2592791557
2786212872
2786325064
1569854349
2774385951
1569871418
2806021838
2808211004
2807135256
1569698233
2789381555
1569944514
2070024149
2592794292
1569668092
2814196628
2592808250
2793274488
2806869991
2600348359
2774503816
2786243465
1569821245
2786221454
2797122404
1569942690
2786318605
1570006363
2070039821
1569659141
2598552058
2807256131
1655465432
2786239941
2593050690
1569945502
2601404813
2790455661
2786238853
1737775029
1569657312
2786216074
2592967976
1570012063
1570007327
2070021941
1569673431
2809042626
1569704395
2786211081
2808627712
1655622914
1569930515
2594262063
2786347291
2070035781
1569803251
2592805535
1569871389
2786320986
1569912989
2786306991
2070048965
2592812756
1570014695
1569918120
2788959673
1569662395
1569870306
2786216848
1570011204
2593058408
1569852059
1569855965
1569835994
1569806900
1569833673
2799379217
1569730807
2592984553
2788713634
1570033878
1569899255
2806718825
2786216832
2812920451
1556829086
2600212779
1569941721
2798952486
1569707858
2793212477
2070029821
1569951293
1569726048
2601426301
2593022800
2592993693
1569831847
1569757099
1569948426
1569762018
1569657811
1569681066
2774442009
2786313947
1569692703
1569705172
1569900151
1569889612
1569661243
2592796016
1738153348
2786336862
1569902703
1570006890
1737194323
2812441815
2592920710
1570025137
2592889727
2812930441
1570023738
2593994651
1569820256
2070030530
2593033311
2812759013
2592996521
1570018750
2774373743
2593044036
2603520318
2592788832
1569839511
2592793691
2593037229
1569666044
1569933509
2809012693
1737779147
1560563275
2592851335
1569716044
1569943705
1569697590
2774399538
1569848718
2774436045
2592950445
2592814172
1569944090
2592901500
2592807182
2601430063
2592868131
2592812085
2774509152
2593032608
2774356164
1560632456
2070070380
2592807650
2774342831
1569884088
2785665014
1569890246
1734749912
2787995208
1569934859
1655536534
2774350014
1569850807
2786256543
2786222194
2801756834
1569931302
1737778575
2594261482
2786277840
1569688336
1569952282
1569729302
1569906409
2592803960
1569832283
1569897522
2593094570
1560465902
1569844217
1560539807
2786237459
2786233274
1569809581
2592966166
1569935142
2793009766
1569658836
1569676329
1569832546
1569660163
2786256335
1557106717
1570000434
2595215566
1570000978
2774357437
1569665972
1569816839
1569716333
1569921539
1569946295
1655646047
2070023343
2603783870
1655214873
1569914908
1569750101
2786352000
2774441983
2592812979
2786319770
1556100415
1569710322
2774367163
2774419699
1559177727
2796691120
2787905178
1569664270
1569922751
2786319784
1569905808
1569913550
2592801353
2814374290
2807128507
1655567862
2774504408
2592797718
2774455555
1569679441
2786235136
2070017205
1569848336
2592802552
2592795611
2812451817
1569659745
2592805347
2786316568
2070029339
1569920959
2789718746
1569830262
1570016531
1569899233
2774398848
1738194124
1569949068
1569907483
2792607931
1569932092
1569656156
2786212127
1570031000
2593022857
1556911689
1569676054
1569830342
2786292815
2787919240
2600161196
1570016577
1735762721
1569841120
1569759584
1569883060
2592801638
2678773526
2774451155
1556386811
2796436016
2592827089
2807152727
1570018057
1569672446
1556117355
2790929568
1569948610
1737777321
2593011319
2774340790
2070024881
2682216835
1569872066
1569757000
2601400534
1569818332
2593028857
2774406860
1569679667
1569666871
2774523552
1655514954
2600164313
1569668076
2786366061
1569658578
2788713914
2592861683
2808211021
1569655987
1569658748
2787991397
2593098587
1569713522
1569704382
2774441666
2774337948
2808415651
1569681257
1569667203
2774382659
1569905932
2786283109
2774407018
2786323841
2070021771
1569912280
1569661075
2774396665
2786313960
2789659586
1569742911
1569845301
2070067729
2812437921
2786291897
2786229271
2592831130
1569886932
2600296209
1570030763
2601414396
2594253274
1569698115
1570026831
2070044245
2592806285
2812411434
1569703735
2070021345
2786327876
2814374426
1569702527
1570010456
2592801050
2786217250
2070041149
1569676302
1569814334
1570013380
2814714132
1558848184
1570012317
2786253681
2593113597
2070069443
1569660255
2792877815
2789362021
2786358597
1556282108
2593060199
1559623830
1569825410
2786326914
1570028891
1569933888
1570031939
1569913078
2786215353
1570038687
1559287111
1569928276
1569678835
2774345064
2601414677
1570029519
2592838837
1569948922
2592890418
2786247574
2809071437
1569817423
2592988138
1569825641
2774502044
2787808178
2789361889
1569828383
1569864363
2593103074
1569716320
2593093079
1569862691
2786239805
2592801760
2808786561
1569680877
2070029776
2786219135
2592800740
2799093085
2786274591
2786283266
2602724689
2592796810
1569672095
2786313863
1569747940
1569663635
1569890367
1557084144
1569911005
2786253538
2593028957
1569725878
1569657929
2592791687
2593080017
1569681451
2813044535
2774525017
1569698909
1569659121
2786349086
2786321107
1737775304
2593091101
1569848997
2070045509
2592803511
1569674672
1556122598
1570040912
1569713261
2787799876
2774427409
1559509860
2812416217
2774450834
1569928338
2786435568
2786328258
2592792217
2806616983
1569689673
1569951711
1569911206
2774447640
2592788778
1569803068
2786323203
1569803396
2774338843
1569904822
2799244017
2791111467
1569675706
2592796992
1569722946
1569753892
2592800079
2790494980
1569853688
1569869495
2786239393
1569680364
2786322377
1569820572
2786241307
2812670627
2592982220
1569870874
1569822391
2774431878
2786327997
1738187587
1569953989
1569736313
1569712991
1569853730
1569804105
2595013514
1569865176
1569945364
1655511579
2774328132
2795302525
1556092690
1569835887
1569754262
2786296159
2593041556
2786317801
2793274336
2592805443
1570035265
1569856707
1569669472
1569825130
1569678593
1569659603
2603914984
1569750224
2814740404
1570032680
2600230716
2795309537
1569829273
1558665944
1569803424
2787726641
2774443648
1737779078
2787937715
2594280097
1569740885
1569850301
2803393622
2592945959
1570026865
2774401281
2787719997
2592790711
2812505356
1569844287
2594085360
2809011579
1569842974
1569897627
2592844883
1560562053
2808244997
2774434764
1569668901
2592788452
1569750850
2592976054
2593061299
1569953341
2790631691
2786301837
2676980565
2599686383
1569835411
1569906176
2592832200
2070024715
2786274156
1569696042
2680036470
2593094748
2592948984
1569938306
2774400854
2792928390
1556668371
1569688707
1570029080
2787937780
2592790653
2593066518
2786299678
1569759270
1655510911
1556872017
1569657984
1570015381
2810428386
1569952111
2801856890
2774388338
1737777498
2814217930
1569841828
2808991222
1569826221
1570007681
1569750374
2809006988
2592793872
2774327232
1570008737
1570027239
1569680522
2788713993
1569840742
2786315396
1570037945
2786354797
1569818281
1570026974
2786219937
1569713121
1570027802
1569666222
1569688970
1569916509
1569911018
2601433471
2592815269
1569671341
1569945811
2786348201
1569739902
1569719117
1569815657
1569709647
2786399897
1569896900
2600163782
2812479058
1570011413
1560445414
1569826739
2786221418
2774425348
2070018186
1734001541
2793622231
1569736189
1570016762
2807082905
2774391799
1569743018
2812544466
1569678993
1569890322
1569710315
2774408817
2774492620
2774429806
2774341364
2786222300
2774411046
2593623380
1570034145
2774483769
1569687733
2592796344
2732359684
2774428126
2774331441
1569685263
1737611609
2774413831
1570009328
2592843210
2774376962
2786216677
1569731401
1569825707
1737079871
2786368117
1559283039
2774401602
2600244398
1569686772
2070038218
2070022224
2592810081
2774445878
2796634071
1570039926
1569711298
2813223026
2792925513
2592799105
2593055574
1655647788
2592831869
2815170096
2786273193
1569695766
2070044667
1737777337
2786319681
1570007958
2593033416
1562252072
2786320260
2786255960
1569692532
1737777596
2789364520
2774359230
2799629134
2788122108
1569716934
1570009311
2786284581
2600158647
2808777076
2070068178
1569747954
2786278055
1557364456
2592803145
1569848250
1655717569
1569869939
2793341208
2793042070
1655208169
2808773692
1569920670
2786318247
2592935936
2788659594
2796438571
2812673033
2070021895
2792867381
2793253181
2592794829
1569919247
2774402812
2774461343
1569720491
2809025610
1569839751
1736302321
1569945338
2786214378
2738480127
2787726569
2809042607
2774396639
1569814411
1556117166
2774441847
1569888860
2592811906
1738480150
1569802834
1569726554
1569948299
1569762088
2593092035
2594595903
2794825932
2070046725
2809008384
2592863509
2814322537
1569894411
2593001993
2799093125
1569863327
1570027265
2786326992
2592790669
1655510212
1734043326
2070022706
1569757690
2592975776
2786313972
1569690997
1569754164
2774430159
1569754768
2603310344
2806627059
2593085914
2774345968
1569822102
2592974405
1570028255
2774492095
1569830161
2774428103
1569850398
2594427528
1570028861
1569692682
2786319882
1569874810
1569762541
2788680657
1569871064
1569666017
1569712816
1569921367
1569712828
1570018644
2070015981
2738583059
2592805305
1570002059
2774332281
1557839580
1569735683
2786235164
1569879031
1569679061
2592791739
2812685394
2796634127
2787771510
1569751157
2786253810
2774441879
2786327004
1569674331
1570037903
1569678761
1569949556
2787723446
2774394012
2774443842
2805982333
1569894498
2592861739
1569828545
1570025249
1569723610
1569808488
2592958441
1569916618
1558481778
1569952241
2070039372
2792690746
2786316832
2796437974
2786330391
2793274472
2774410995
1570011804
2593044007
2592875203
2786293468
2786297873
2758082001
1569918405
2788472193
1557908773
2799238800
2786251135
2792821719
2592796789
1556899426
1570007901
1569900550
2774392299
1569945899
2794825976
1569826236
2774362883
2774437794
2601399855
1736577155
2600316256
2788123848
2786305357
2787809355
2592793166
1655743223
1569919486
2812598419
1569666635
1556141301
2592795548
1569906757
2592849264
1570032711
2786292942
2070048093
2786299987
2592813806
2807154283
2774366563
1569836383
1569753105
2774319268
1569944353
2070045231
1569735360
1569716018
2592796170
1569730085
2592855523
2789044583
1569750934
1569679342
1569672067
2786235150
2808989013
2592803564
1570040806
1569818781
1569879768
1570032030
1569922424
1569914203
2592808470
2600590606
2809019989
1655568987
2592969164
1569870109
2786313619
1569948627
2594355297
2774393395
1569671049
1569872605
2592864740
2070048822
2070019245
2809086092
2786215548
2786312898
1569897244
1569892012
2738478176
1556430111
1569863576
1557024074
1556083516
1569657104
2786260521
1737777097
1569818646
1557776894
2774447659
1569658904
2789954046
2774390873
1570029102
2774503755
2592805380
1570031392
1569657039
1570006954
1570035343
1737205063
2594281465
2070045080
2786316556
1569847830
2786218564
2786299808
2592808889
1569938396
1569927208
2786238953
1569910833
1569733827
2593035941
2593027954
1569874982
2786220982
2787762839
1569668308
2786323075
2592788469
1558104873
2070035393
2792999227
1569947842
2592826523
1570008188
2787822765
2774447678
1569807447
2070047275
1569662218
1569893913
1569697984
2806784443
1569685289
1569938365
1559599712
1570030891
2807162592
1569817563
1569677871
2793538282
2786263121
2592830723
1570006482
2790003397
1569715386
2787903099
2592795029
1570006218
1569859861
2676760965
1569879186
2070033096
1569682216
1569899409
1569723186
1569735566
1569819678
1569807861
2774380929
2786218847
2774386673
1569944733
2593094626
2806615739
2805364405
2809030808
2592840911
1569885649
2786295489
2812831871
2592854083
2786322734
1569916304
2592795500
2810193822
2070069884
2592858130
2807283051
1569668780
2592947587
1558491880
2592789123
2592790059
1569673899
1737773953
1569893947
2593043950
1569761221
1569810110
1569675914
2774443501
1570020631
2592836743
1569664697
1738137270
1569897086
2593020249
1557283934
2592796940
2592796369
2592826012
2786309909
2594056700
1569666102
2806720047
2593064150
2786291187
2592790992
2600600850
1569939173
2812451624
2809019948
2801702247
2592986685
2600361104
2807135400
2070031570
2774500537
1569693845
2774354128
2794826119
2070069647
2070016912
2774337720
1569900701
1570031926
1570008899
1569839311
1569820738
2786310781
2070032141
2793253257
2592804268
1569663233
1569811238
1738187572
2786221014
1569885329
2774433455
1569947448
1569675480
1569697468
2788123870
2786319709
2808147225
1569843892
2815037481
2808804515
2592806747
2786257125
2774391453
2786212610
1569941852
2592810965
2786218859
2786280398
2592798751
1570007402
1569917684
1570034157
1569734349
2774373353
1559223522
2592822046
2592789289
2774365055
2786294982
1569680891
2592966045
2815094925
2774344872
1569919420
2070032212
2774442035
1655622420
1570017174
2592799485
2786256294
1570015552
2070020148
2786221079
2795304052
1570011334
2774370878
1570026493
1569885486
2592863145
2807302281
2774422454
2603416016
2786210865
1569859823
2070032156
1569877584
2812804470
2786255324
1561676449
2787755283
2786316820
2592994391
2813735340
1569745614
2592858607
2786243487
2786301299
2592816559
1569904258
2786215136
2786299706
1570011614
2594382884
2786216820
1569740803
1736865935
1570040847
2678092308
1570009279
2808627671
2786310396
2592858363
2808148684
1570037540
2774471097
2789951099
2592802981
1569755784
2774502197
2592895428
2808984743
1569947044
1569901034
2786217820
1569658774
2774451115
1570010942
2808145543
1655680120
2599685326
1569931239
2592914403
1569932322
2801596392
1569891409
1569761820
1570015812
2807162570
1570029299
1569723355
1569883690
1569737420
2592827640
2592959387
2813003850
1569747019
2792652294
1569870401
2593094534
2788239007
2070030793
2592814330
2592798310
2592801856
2774392039
2786238532
2774352995
1569885882
2601484557
1569933640
2603054080
1569918104
1738192785
2680616534
2593088588
1569923532
2786251103
2070044731
2792598297
1569752680
2592918015
2774344763
2790235861
2592798729
2774440830
1569860584
1738273690
2774477750
2788129597
1569898853
1569683433
2806011994
1570000291
1569685747
1569658191
2594093366
2593032572
1737308143
2812473155
2774399874
1570016146
2592964925
1569838753
2788287260
1569820961
1570011540
1569724587
2786260035
1569820917
2786220517
2795418627
1569690861
1569857757
1655514452
2592867116
2786221820
1569752532
1569837498
2601466705
1569894460
1569659575
2070050838
2676820692
2795238394
2774401498
1569660151
2592958383
2786281417
2774410781
1569865277
2774495730
2788177964
2774393378
1570034214
2809279475
1569668439
2787995230
2794802906
1569932229
2786253700
2593023687
1569870180
1569662604
2793197926
2800742682
2812761542
1559852508
2592799315
1569664792
2774414155
1569713916
2592788575
1569684531
2809191645
2593030067
2592817975
2070016975
1738182178
1570021073
1569922828
2814267579
1569816487
2794825486
2592856560
1569946912
2793298920
2812678703
1570023298
2594764543
2592978607
2774519695
2593050437
1569843630
2786261616
2774458515
1569673151
1569870073
2600157977
2593011734
2774424901
1569726117
2798998423
2592815970
2795438083
2603417840
2774353014
1569739847
2786241092
2788144995
1569695959
1569741922
2592810033
1569700095
2786238601
1570034539
2592806726
2774440849
2790149014
1559668381
2592787362
2070027162
1569914680
2601053342
2602923815
2774396906
1569903066
1569704408
1569665184
2592802328
1569757630
2070044822
1738207638
2592908919
2786275756
1569942646
2593033180
2592796416
1569734202
2792406277
2803424869
2592858899
2786214755
1738137284
1569944325
2592800043
1556422339
2592962809
1569846357
2592828388
2809006041
1569758102
2788680520
1556983113
1569754176
2812679249
2786313911
1569746604
1569683080
1569829133
2801019689
1569833596
1556310065
2774366659
1556918734
2070016683
2801015522
2774391707
1569700758
1569894582
2601476312
1569698960
2774344181
1569662047
1569900039
2774397121
1569680643
1569734096
1569715487
1569852559
2808783041
2790493210
2789542711
2813149492
2597785628
1569682277
1569850827
2774475505
2815094901
1570022932
2793191110
2809302724
1556815648
2593489826
2809032134
1569814506
2592812876
1559557362
2786273685
2593050935
2796434887
1569674469
2593067021
2592854596
2787818435
2774398264
2787721594
1570015925
2592789581
2806627093
1569683810
1569747972
2786261686
2593069818
1570008158
2786315938
2774337929
1569756043
2786235864
2789659521
1559385239
1569686057
2807151961
1569950131
2806993042
1556238199
2594553537
2594430213
1569805114
1569760627
2774401572
2592795704
1570032626
2786364537
1569806736
2592831111
1569755766
2786273518
1569912079
2793059888
2070032175
2803432807
1569683393
2592939050
1569709828
1569715403
2593079542
1570011993
1569840130
1569877614
1569906316
2593023381
2774410921
1569837128
2592827583
2786312880
1569675066
1569669730
2774435550
2774443298
2592805910
2592843112
1569822322
2774371110
2592858579
1569848767
2592977715
2592986304
2774413846
2793298943
1558824381
2774373421
2592960686
2592838251
1570030264
2786348600
1569734026
1569872142
2786220312
1569851622
1569682705
2774392239
1569693340
2593064413
2786324551
2070019573
2815050271
1569732013
1569903974
1570027830
2786272712
1569733896
1569722365
1569917807
2592961681
1569710413
2787819077
2592796494
1570014768
2070046300
2786284269
2070031903
1569803145
1569911954
2592963669
2593647813
2786328028
1570017290
2792985719
2774324596
1569755112
1569890461
2786363293
2814036201
2786319099
2592795316
2786257153
1737775789
2593062072
1569897891
2792913060
1569687547
2774395363
2070054877
2592789372
2774318279
2792931610
2786324001
1569722278
1570016346
2814126714
2592870055
2774342814
2592803216
1569755052
2592805646
1569921173
1569756937
1569710111
2774455631
1569907580
1569690044
1569848039
1569715428
1569816725
1569891109
2774352192
2593086004
2593054738
2774462501
1569845882
2786328710
2592813642
2592795238
2592802595
1569670907
1569832578
1569950188
1569717912
1569670376
1569731821
1569705577
2786325921
1569681038
2774425299
1569895164
2793072821
1570014869
1569731459
2786274359
1569952349
1569833464
2597705291
1569858612
2592789782
2789697760
2789332720
1570012620
2793544295
2592791707
2786272327
1655626709
1737237433
2774389658
1569742411
1570007734
1569916770
1569687765
2592799073
2600162216
1569870943
2793274542
2808244848
2786310420
2807765023
2812780448
1569877046
2786221888
2793163322
2786364857
2774326717
2807764367
1569849310
2070015407
1569951413
1569840479
2786309318
2592957163
1569868898
2814239228
1556589617
1569692020
2592904883
1569709360
2786301357
2786234877
2774338421
2070015847
2774328104
2801597718
2812529559
2070038200
2592804995
1556187017
2786291929
1569686521
2795428672
2594580204
2070015765
2680348261
2594464253
2786219524
1736876776
2787759906
2593052036
2774415794
2774339735
1569812423
1570031318
2592811313
2786212511
1737774054
1569941869
2795337709
1569917628
1570041048
2786231715
2786211458
1569663438
2787818414
1569677199
1569900024
2809144038
1569870927
2774391484
2808836306
2786253997
1569951390
1569948092
2592865053
1561447277
2070034084
2070031967
2786240701
1569891740
1569827685
2774349845
1569826875
1569660533
2808846906
2795241942
1569857660
1569732954
2808207109
1561220326
2790450524
2603159901
2070024128
2774446300
1569844087
1569757018
2593075878
1569715269
1569854312
1569872180
1569711649
2592817827
1569665027
1569930058
2592938392
2592882561
2786311138
1558369619
1569843399
2774328148
2774449569
2592790760
2788846613
2806011889
2774482338
2592950213
1569670966
1569937947
2788130960
2592789000
2600158252
1569937903
2592831149
2676757905
2593087927
2809003461
1738210938
1569750444
1569829303
2592799638
2592812740
2787822643
2786313249
2592839493
1570032288
1569838490
1569678823
2592812791
2807282994
1734043342
1569705941
2786308952
2814035929
2786210987
1569715570
1569881565
2070029562
2592797140
1569671865
2593033283
2807163196
1569705151
2593022877
1570024289
2592812682
2808148991
1569680822
1738219585
2786221871
2806618773
2786221623
1569944161
2786282445
2808806004
1569678516
2812782418
1569743752
1570008916
2070027088
1569743530
2786217365
2786225001
2774362623
2070048312
2593086974
1569680298
2602749038
1570008318
1569690430
2593088970
1569668527
2774427800
1569752695
2809034873
1569889463
2786218871
2774342871
2809195362
1569736553
1569864970
1569754194
1569743766
1569820126
2593031233
2774451550
2592802996
2592960738
1569843509
2593018861
2774373096
2794720941
2593005343
1569674206
1569847392
2795193134
1569735086
2594262396
2809042518
1570011102
2774335043
1569806245
1654747295
1569732924
1569817073
2814186921
2809109675
1569680083
2594317125
2787925624
2070050822
1569758222
2592810179
2786313237
1569841761
2792906091
2594350871
2786222252
1569846339
2789788540
1569715875
2070030039
2793197907
1569755312
2593005310
1569803464
2070035934
2799057864
2592828170
1569871403
1569741024
1569663247
2807689245
1569753852
1569759377
2592790109
2786296122
2592792492
2593648651
1569667668
1569669748
2786239817
2774337583
1737779706
2592800061
2594294844
1569884019
2774452671
2600157081
2593678608
2070045259
1570011904
2070045823
1569885756
2774413136
2592795138
1737778196
1569906112
1570009981
1569927747
2808148899
1569882952
1570035440
2774384951
2592947022
1570010824
2070046311
1569657131
2774443125
1569675519
2808613748
2070045033
1569677118
2592800950
2594334552
1556309712
2786249741
2786243680
2592848229
1569738445
1569755402
1569710609
1655516250
2774357412
2807084570
1569688484
2593478290
1737777635
1569943509
2786361222
2600164927
2774342852
2786323528
2593068637
2070048982
2602963298
1570035241
1569816053
2786328813
2793654565
2786254145
2599692821
1570038611
1569670456
2786386236
1569750348
2812605358
2774321343
2786274426
1557284521
2592973708
2774515756
2070037067
2786323421
2786215369
1569944368
1570017465
2774360943
2794573623
2592806814
2786272339
2805484286
2592864244
2592789709
2812569500
1570016312
1569755918
1569743127
2786296344
2787812411
1569830175
2592963045
1569944638
2786274835
2813740091
2787755142
2786236071
1570033735
1569888985
2592811709
1569860052
2070048251
2788122819
1655515135
2812489732
1569716113
2786319267
1569666372
1737777249
1569945273
1569929683
1569723258
2789381609
1737774386
1561800741
2681096346
2592865036
1569717313
1655540109
1569680281
2774350513
2592834075
2593043968
1569666811
1570024365
2592793582
1569719016
2592963062
2594256959
2774422603
1569830148
2793109909
2592789351
2593051670
1569698373
2794825534
1569835609
2814511974
2786325893
2774419091
2812746166
1570000513
2803405240
1569865100
2813221133
2787937846
2774326757
2774505439
1569666673
1569668028
2592994621
2786295058
1570028016
2592958355
1569894567
1569663512
2774435566
2809042643
2593084225
1569749794
2807161827
2592798047
1569916432
2807462792
2774390921
1569853514
1569911044
2787809791
2603080457
1569840461
2593037168
1569664619
2791058812
1737237507
2070045154
2592793467
1569673238
2808783060
2786237780
1569676140
2070034028
1569737596
2592806384
1570030104
2814139509
2774446583
2788049356
2809049971
1556187993
1569699333
2601426125
2774523673
2786235644
2070047025
1569813421
2774373171
2812453945
1570015672
1569922148
2787752524
2801699197
1569846428
1569919640
1569762071
2592813463
2070068673
1569715614
2594354881
2786227957
1569934907
2809003575
2786237106
2786223422
2592809431
2786353827
2790493662
2603552041
2070045446
2774441795
2813018069
1569850246
1569873329
1569915706
1569665491
1569877288
1569739874
2774400428
1570011707
1569892749
1569835669
2788714192
1569850534
2592976161
1569725959
2592795565
1569815966
2594445734
2594689799
2789363521
1569671139
2788123901
1569810073
2774373302
1569872033
2774392880
1570009965
1569913618
2787724210
2592971405
1569663679
2786275016
1570015136
2787903518
1655508697
2786241214
2774451974
1655370133
1569660506
2786325907
2786321296
1569937978
2786309352
1570010188
2774430437
2808610479
2592865700
2786248226
2593054773
1569905480
1569700789
1569715793
1569762037
1569816244
2592841232
2774398296
2807154179
2792842157
1569875760
2796437906
2774423785
2070068211
2809429167
2774357520
2788287304
2786272887
1570018857
2593678806
1569857606
1569865209
1569917949
2594258607
2070028572
1569945831
1570025049
2808469278
2812454832
1569836012
2592889030
1569848731
1559950702
2813717326
1569696832
2592954525
1569892992
2593035395
2592792928
1570028099
1569736296
1569920750
1569665667
2792905571
2070043648
1569662309
1569921147
2738446649
2070018264
2592867735
2592813892
1569723517
1570032361
1569880883
2813222970
1569673255
1569836832
2592836322
2801540569
1569688118
2593066682
2803416567
2805488119
1570019698
2809056290
2808995959
1570029128
1569951694
2070047750
2592946786
1569883722
1569930360
2592794398
1570014400
2786216244
2592886189
1570014259
1570031978
2792818588
1569804937
2592799692
2809002260
2593060215
2070029351
2774516108
1569831806
2070029437
2789363450
1569843570
2600235565
2786263240
1569919499
2774386513
1569808585
2603274946
1569716057
2774499916
1569756378
1569881747
2774458631
2774454580
1569672077
1569704257
1569662019
2786276659
1570016392
2070019485
1569667654
2792923770
2592791946
2592943287
2592807881
2786321202
1569850600
2774441892
2774465552
2808627732
2786256612
2809040407
1569683523
2813057075
1570006791
2774462858
2774449030
2774436674
1569906303
2814012508
2814028946
2592796269
2786243015
2593014387
2070046781
1655453481
2592813841
2794578528
2070048591
2812795541
1569673753
2592977987
2070055196
1569750984
1569836342
2808990289
2809057729
1569712291
2592799056
1569840500
1569948583
2786221466
2814036068
1569657424
1569930476
2774469487
1569920635
1569930014
2593101402
1569752409
2807084587
1569743724
2786242828
2592811330
2786261481
2774361362
1569946792
2799110994
2592983744
1569745409
2786245498
1569856672
2774351739
2786251071
1569715597
2592843347
2795306638
2786288548
1569673284
1569658227
1569762426
2786358947
1569762667
2592820192
1569828977
1569910761
2786246941
2592814817
1569658762
1570017117
1569715839
2774341074
1569851522
2788168743
1569658610
2792823762
2774441957
1569695479
2592808453
2809140172
1569728289
2592866492
1569914750
2786223011
2786282976
1569659206
1569948691
2592816849
2786223382
2594520347
2592803975
1569688310
2786234310
2592808153
2593111733
1569681940
2809049575
2592799776
1737779377
2809049655
2795438702
1570017752
2786211925
2774342439
2774368723
1558684115
2786240657
2592803688
2812869121
1569952265
1569755322
2786328123
1570027307
2601481522
2600260941
1569899387
2805386092
1570011124
2774436261
1569668591
2801828335
1569666539
1569667376
1569709837
2799909295
2592796920
2789545823
1570033123
1569681881
1570015095
1569758649
2599693018
1570017990
2801626134
2070022005
1569814139
2774319857
2774357572
1569742256
2774455473
1569942952
2593064067
2593066696
1569676996
2786328135
2786318749
2786287391
1655671256
2792999204
1655726608
1569943316
2592821972
2795580162
2788118934
2812441792
2808774736
1569901733
2786332628
2070053603
2592805797
1570017082
2802158475
1569948338
2792836282
1737308308
2814512055
1569694794
1569742425
2592839894
2786349550
1655456113
2592801511
1569921045
2592803545
1736864731
2786307784
1569831213
2814036092
1569711108
1569888627
1569852030
2593010922
2774502108
2801572877
1569679821
1569673743
2774373523
1569710267
1569875108
1569816410
1737308326
2592799140
1569834305
2808774698
2774404212
2593091655
2774400415
2808630232
2774419714
2786252944
1569824369
2592794930
2792607704
2592815948
2592841268
1736441967
2070046532
2786235876
2070024956
1569675287
1569659641
1569738561
1570008592
2593032712
2786234412
1569685007
2805429130
1569741084
2786443017
2774411010
2808840110
1569897609
2774442972
2592805925
2786290822
2786297972
2786359708
2601421104
2812763916
1569912396
2774446364
2812761684
1570028704
1570010252
2809044032
1569826326
2786217587
1569664121
2593055916
1569659310
1569734231
1569949000
1569948384
1569893246
1570006697
2592922664
1569659518
1569859454
2788153370
1569675262
2594277868
1556527048
1655214727
1655484817
2799189590
2786323699
2786366502
2592807483
2787995298
2592796678
1569877505
2592854316
1569692429
2774365930
2787903608
2774424180
1569689380
2592867095
2592856631
1569826653
2774486367
1570028875
1569715888
2593089428
1738211032
1569870453
2592796966
1569703033
2791159822
2774441808
1569666567
2774341299
2799391677
2807211783
2774363740
1569672339
1557064850
2807135514
2774337650
2786296072
2592797477
2738477910
2788145017
2593036060
1569820718
1569673503
1569710378
2806993076
1569945720
2812421778
1569754328
2786328012
2812413828
2594283522
1569671351
1570017190
1569832694
2774418068
2774392523
1569851794
2774420975
2592792046
2592840894
1569903637
2787822748
1569667262
2786286398
1569866639
2786272055
2593005756
2592959434
1569936338
1569683755
1569918823
1569736539
1569662535
2794802928
1570016084
2814139482
2786276564
2592798133
2592829698
2805489300
2786272997
1569902397
1569725804
1655467410
2592793561
2593010516
2592985367
2774349319
2786254667
1569944776
2786226079
1655568157
1559956780
1569942971
2593044016
1569717899
2593094788
1569943835
2592788168
2786219050
1570023000
2592804721
1569754661
1569809356
1570032637
1569942369
1569820624
1556393152
1569927611
2786334204
1737777790
2593035441
1569888918
1569662099
1556430265
2774504257
1569912237
2788129738
2600154668
2593097427
2593011335
2808995939
2593063264
1569935759
2774335026
2592795828
2774449588
1569811218
2774427547
2786331320
2593099818
2774319750
2593069972
2593054752
2774410548
2601427197
1569672137
1569868563
2787773569
2786297719
2807158716
1569717246
2786323348
2593027699
2592814978
1569857473
1569952207
2794802884
1569670980
2788260825
1570014493
2809434651
2592824228
2592803813
2786237119
2070018169
2813036362
1569815578
1569832333
1569658735
2601402985
1570023151
1556343609
1569657885
1569879478
2786239686
2809145607
1569679611
2806619427
1570019765
1569659194
1569669504
1737233920
1570007014
2786235229
2070027397
2592852404
2812685328
1737774045
2070031630
2592795368
1569753231
2809148336
1569672185
2808527876
2592965478
1569947582
1569828787
2805478756
1569900465
2774409140
1559510263
2592853803
1569836211
1570041415
2592842767
2601049754
1569897904
2786226043
2592809160
1570040569
2790090564
2602013199
2809134690
2792514715
2592892050
2592843473
2813036408
1570027278
1569837113
1570007387
1570010669
2774435455
1569850156
2593468365
1556845152
2592860125
2786220324
2774508525
1569802657
2792988725
1558420837
1569882345
2592849096
1569904115
2070031425
2735849094
1569913046
2774436000
2792851670
1569847940
2800754139
2809128566
2796913134
1569861137
1569674858
2592859892
1569671407
2808789676
2592831567
2786309203
2774505424
1569692329
2070035185
2592963153
2592794691
2774349668
2592803995
1655621152
2787809452
2774393567
2594556124
1569749823
2592969648
2809004665
2786223469
1569930660
2786246719
2593079815
1569674600
1569726778
2592975614
1569665071
2812766757
2807216834
1569803102
1569838226
1570034283
1569906362
2786246649
1569865223
1569815033
2593037412
1570029405
2809434570
1737777130
2788123972
1570014848
1569873802
2795384243
2806021366
1569910412
1569685659
2774426452
2593651059
2786322406
2809030201
2070015780
2786306795
2774373688
2799375256
1560438479
2774359683
1569948645
2070021722
2812411891
2594283585
2774373238
2774446500
1570016781
1569706839
2602739413
2801473955
2592795651
1569749241
2593089651
1569817530
1569943264
1569830421
1570029203
2592990722
2786243796
1569876502
1570027021
1569736560
1569666579
2786255170
1569934989
1569743696
1569902902
1569874557
1569871460
2592843305
1569674689
2070026861
2070016670
1569819529
2592800270
2592791574
2795206058
2774484535
2774370705
2787715659
2774359535
1569666785
2593059395
2592867222
1569715640
1569674763
2788659942
1570016109
2592803196
1569848570
1557367349
2592793650
1569680534
2592827752
1560765828
1569951505
2786272947
1569750159
2593086021
2592796511
1569675492
2593091885
2592839531
2809478722
1569923349
1570023243
2070032036
2592793795
1569911086
2592795054
1569818374
2812758986
1570010267
2786275193
2592800663
1569817056
2676665399
2808991395
1569727640
2809001786
2774480607
2592790021
2786239013
1570031739
2786219147
2786254116
1569680410
1569943329
1569812813
1558263438
1569835957
2786279247
1569730749
1569807554
2786317999
1569694323
1557188554
1569940616
2592800140
2592800729
2594523148
2070028737
2808772127
1570006188
2792954956
1569804076
2592806474
2808145178
1569698131
2794825694
2808611571
1569928853
1569875617
1569922733
2594253596
1569692670
1569753878
2774359158
2786290706
2594255184
2786282428
2788472548
1569675435
2788121409
2592801103
2799409982
1570015054
1570006746
2774373336
2678017822
2786299504
1556668023
1559527671
1569847973
2070045562
2603001815
2786313887
2786213291
1569841084
1569710646
2792515198
2592805397
1569750117
2600164403
1570017549
1569880364
2793238066
2795206168
1569754475
1569827871
2592788797
1570030737
1569942112
1569715365
2593618290
2774509171
1569686417
2592789726
1569660578
2786220840
1569822376
2809185090
2774402998
2786317789
1569850518
2786300722
2786313193
1570000243
1569710572
2592882589
1569865012
2804629085
1569667742
1570040624
2786216236
2593081702
2807061580
2807765042
2774396150
1569815623
2592863107
1559602396
2593082172
2774445463
1569669079
2796433939
1569844326
1569660103
1570015441
1655605030
2592971222
2786280872
2808804467
2786287202
1569736752
1570006840
1569949818
1569906219
1569691659
2677973095
1558110505
2791159868
2774505520
1737188593
2592801908
2786321310
1569825726
1569945323
1569937991
2786297906
2774389537
2592792199
2786274989
1569739917
2813222840
1569749462
2721019628
1557062154
1556121752
2592798237
1569691905
2774396740
1569872020
1569935155
2592829435
1569947372
1569755300
2774380946
1556430171
2592796734
2592801163
2592955997
2592793223
2594357442
1569668571
1655724664
1569658808
2593005370
2593022289
1569755905
2793172971
2592787205
2787748934
1570035902
1569684452
2803442710
1569717292
1569839828
2593620294
2593089769
2592787992
1569937716
2786249924
2774443579
2592840017
1569680602
1570013446
1569888799
2794584714
2786257165
1569906056
2774370963
2809028382
2592802803
1737779526
1569943629
2794825649
2774334291
2774443564
2593034225
1569669807
2774391611
2792931720
1569663407
1569670294
1569716127
1569874773
2592787886
1569680689
2602958664
1569690983
2786238621
1569876981
2774425321
1569828567
1569710427
2786313162
1569751376
2070016088
2793140182
2592821304
2786240952
2812541687
2592864983
2774373860
2592813155
2592794865
2809013529
2774364655
2788241169
2592807929
1569687400
1569657118
1570016483
1569913097
2774385978
2786323853
2809044549
2070078282
2592837238
2592791111
2786344203
1569739954
1569708501
1569943720
2713614475
2593037213
1570017506
1737242896
1569904803
1570021804
2812430499
1569681196
2786313935
2774458700
2774443332
1569762118
2070027987
2792849286
1569675096
2799316185
1569658549
2592803130
2786243104
1569844816
1737779693
2070054950
1569736100
2787925571
2592799012
2597758641
1569760935
2592836440
1570018676
1569723315
1569664328
1569839006
2786254596
1569839936
2786285292
2592797556
2774336237
2798965147
2807135324
2600354887
2774388844
1569708112
2592990494
2774373438
2603624485
2786322430
2796230738
2786299835
2592791426
2786294189
2593050485
2592787307
2809000394
1559177176
2792432317
1569934333
2596861874
2592935954
2796434807
1569740987
1737778040
1569843202
1570021090
2786239053
2592798181
2807125511
1570015889
2798963659
2592806633
2807135464
2808783002
1569891636
1569666986
2786234366
2788130726
2774349944
1569681543
1569904561
2808771463
2787727867
2786257139
1569674194
2592802439
2774370544
1737779355
2786277467
1569727590
2774373117
2592805882
1569685133
2812732315
2813157415
2774443741
2593037200
1569867668
2070022193
2814195653
1570017845
1569836450
2787812473
1569900486
2786240739
1569951679
1569806024
2592799955
1569835237
1569730401
1558369715
1556602163
1569659471
2592796715
1569942729
1561264152
2803458343
2774480891
1569817235
2786324115
1569814292
1569902111
2806784426
1570028781
1569660343
2592793778
2786296147
2774406211
1569898174
1570029018
1736896269
1569723471
2592800822
2786240200
2594678835
2809001942
1556397741
2593011521
1569898054
1569715162
1569870630
2600266102
2786218683
2774344885
2592792085
1569846636
2803453323
2070071329
2788013945
2774373054
1569871619
2789375291
2070070170
2592872495
2786300198
2774442691
2070035665
2592797188
2812598786
1569662464
2808146254
1569850577
1569679149
1569664344
2601487711
1569947359
2601450215
1569884104
1569738511
2786215224
2592827348
2774520324
2792897832
2812680293
2808156527
2774359293
1570016278
2786318261
2786326183
2592843326
1569883836
1570017239
1569719424
1569715253
1569691267
2592942128
2808150537
2593079801
1569939624
2592858229
2798963607
1569869924
1569688322
1655652014
2592794654
2788153221
1569923260
2592798693
2774414195
2593063875
2593010356
2774422555
2070045117
2592976147
2593061525
2809213838
2808466999
2070022416
1569913064
2774352592
2592800122
2592838539
2592790040
1569948473
1569705481
2070046159
2774423762
1569882187
1569880576
1737777291
1570038025
2774338708
2603560320
1570010232
2592821465
2774373285
1569809075
2774360385
2592964636
2809590550
2593050753
1569953354
2795218869
1569922703
1569897505
2599985461
1736857569
2786313875
2592810834
1569679884
2792923748
1569808817
2603147853
1570016898
1655516094
2593060207
1569813132
2593094379
2593051726
2774354109
2774373578
1569939205
2592884975
2592922616
1569688791
2592789042
2592869679
1569753085
2812608715
2070035019
2592966512
1737779099
1655645359
2786250032
1569828835
2808811547
1569814197
2593055858
2592851741
2598546663
2593002539
2813223049
1569667363
1569884543
2787809189
1655646117
2774421638
1570028367
2786355604
2802898339
2593033540
2774391255
1569671266
1569942190
1569806529
2592814643
1570015601
1570017768
1569672460
2807804423
2774366832
1569888828
2070044686
1569736076
2592799605
2774392691
1569836593
2593014985
1569900935
2592835969
2786313923
1557838265
2774452530
2774499931
1569656704
2788153424
2809011445
2592795686
2786307406
2592789975
2593064429
1569870416
1569897029
2809042658
1570016880
1569668425
1557326718
2774515470
2070027533
2809040512
2592853411
1569839902
2592959778
2786321119
2592836933
2792931633
2789362048
1570030003
1569743266
2786225092
2774360421
2812579414
2774350428
2774405520
1569885192
1559284281
1570013016
1569914927
1569674916
1569676386
2593013938
2786321095
1569829806
1569667008
1569868577
2593517336
2788961460
1570037931
1569737921
1569946677
2592806459
2593087411
1569675342
1569685147
1569926781
1556972831
2774461493
1569704299
2774413250
1569812190
1569948978
1569927104
2603270552
2807151044
2786240672
2603085800
1569921596
2788177916
2735775098
2807082888
1569917837
1569749098
1655711669
1569684084
2070043515
2592799799
1569861267
2774446048
2593022617
2070021961
1569716031
2601493929
2786212299
1569946194
2592807464
1569922843
2786271750
2795241736
1569761591
2593050953
2786295015
2774406428
2592958420
1569953675
1569716346
1569913025
1569838986
1569666909
1569939397
2787726658
2592831267
2592818857
1569663911
2787770560
1569927634
2786291913
2600417855
1569806928
1569951662
1570015763
2785385438
1570008218
1569679089
2810270337
1557333415
2592813190
2786310192
1570016515
2594553469
2601516953
2786340076
1570041438
1569952147
1570011628
2786235495
2592875812
1569813897
1569675421
1569670022
1569661659
2808991180
1737777014
2592799157
2812869684
2592794363
2070043604
2774324834
1569715901
2786241728
2798966124
2806869541
1569756990
2592812239
1569703721
2801609318
1569948817
2786239914
2592875830
1569668132
1570015331
1569696892
1569823291
2592797597
2786289794
2786222237
2786333010
2799901032
2593064837
1569872771
2592959705
1569897558
2792954633
1569750238
1569892794
1569815414
2786274317
2812808758
2774446315
1569757350
2786221804
1569841659
2789928698
1569752646
2799040446
1570027788
2795255393
2070021929
2774391546
1569715770
2788961675
2786212937
2593044046
2070038755
1569758131
1569736624
2774422798
1569864349
1569900236
1570015534
1569881604
2787809546
1569751685
2810193856
1569677904
2593035409
2815126754
1569837515
2786244417
1569850281
2786254222
1737070890
1569862109
2790235628
1569658564
1569674777
1570007144
2786223402
2592796660
1569889564
1569943368
1570029458
1570007932
2787772115
2593390289
1569840695
2809047605
1569683669
1569670498
1570014680
2786240795
1570009296
1569947269
2592977745
2774438817
1570007974
2594427388
2786281145
2813781402
2593085765
2786215297
1569666593
1569757575
1570019120
2812831896
2786352658
2786307291
1569722310
2602905453
2793171834
1569918499
2815129390
2808532656
2808985956
2600155386
1569672123
2808615641
2070071661
2774493031
2676758410
2774333341
2792997111
1569668062
2592929241
2592812804
2789118312
2795418041
2786272430
2806662767
2592837350
2774351372
1569841811
2786232954
2593005327
2808221513
2796913110
1570018657
1569663665
2774370527
1569938939
1655747541
1570024004
2774343243
2799238828
2809021520
2593046275
1569948799
1569665680
2592824258
2774509591
1569850954
2592814718
2592830983
2594253365
2592805665
2789046180
1569722481
2592870798
2070019390
1569919462
2592819978
1569685620
1569660520
2592984173
1559732252
2774380156
1569804001
1737777367
2592836426
1569946747
2774388865
1569888844
1569878298
2796438645
1569736213
1736896130
2786273238
2594454947
1557840014
2786321083
1569917708
2592983336
1570016501
1569929182
2809000311
1569912318
1569841640
1569672679
2593062754
1736877091
1570028765
1569667037
2787777792
2592797378
1569903987
2070046402
1737778605
1570024052
1569913217
2814036001
1569703681
2592800930
1570017451
1569673364
2786322418
2070020297
2786211908
1569711408
1569755208
1569716921
2787818890
1569842090
1569862081
1569658946
1569913585
2807252040
1569952194
1569940865
1569708294
2592794453
1569915052
2592815703
1569834674
2593093484
2807061529
2801015544
2812541669
2774389952
2592807698
2592797354
1569891589
2600485331
2070035742
2786218655
2793274293
2812675259
1569681833
1569942908
1569743571
2786322794
2774331658
2592795934
2774452774
1556814553
2808147582
2592908819
2774321550
1569750031
1569848213
1569665554
1570015640
1569823632
2813212602
2677391063
2789660115
1569665333
1569852093
1655745266
1737213387
2592814002
2070068307
1569680168
1569897541
2592959161
1738198505
2786271965
1569919300
2809028822
2774413117
1569938589
2792818466
1569812565
1569827562
2792404325
2592793675
2592798026
2786256941
2786364776
2070044897
2592870779
2592953205
1569875239
1569917100
1570035850
1569829286
1569665509
1569726062
1569679580
2600282638
2786261326
1569949610
2070016279
2800740300
2070046695
2786313593
1569934707
2799386810
2786253983
2801635724
2774435436
2592802351
1570038965
1570027447
1569665101
2592925179
2774395658
2603291214
1569815157
1569882963
2774503166
1570015471
2592790341
2592808547
2592805594
1569838537
2788125828
1569836969
2594256729
2728683825
1570040776
1569685363
1569744819
2809052819
1569720372
1569903026
1737102571
1569670212
1569844960
1570015191
1570033283
1569898040
2592817203
2812667788
1569849881
2070043056
2592800522
1569711422
1569946310
2786220170
1569656376
2808434006
2592862481
1569816594
1556304104
2814043925
2070046391
1569806979
2592807394
1570010745
1569863063
1570040635
1569841203
2786295252
1569803634
2786354016
2786215029
2774455359
2786280320
2774450864
2786222268
1569743375
2593994947
1569897171
1655214836
1569832504
2806721757
2070022720
2592886821
2786307937
2593458309
2070038947
1569708328
2070016962
2774373215
1569824559
1736857304
1569673222
1570016966
1569840438
1569680560
2602894026
2594274002
1737227215
1569689076
1569715134
1569663392
2600156427
1569718888
2592806895
2793036841
1569666262
1569864241
2070039989
2070042658
1569927243
1569673027
1569703699
2774387195
2786223322
1569667482
2592802512
1569658595
1570017665
1569759087
1569747633
1569734411
2600231312
1569949512
1569816619
1569661542
1737775593
2593094708
2814015204
1570014759
2786254686
1569743473
1569945140
1569919066
1569902553
2593678896
2774426439
2070048727
1737777536
2786331423
2600420654
1569758183
1569754354
2786263290
2592798578
2774393845
2774390598
1569910263
1569665539
1569692694
2592808436
2070029403
1738160107
2814144782
2774428041
2774351509
1570040602
1569918777
2774424863
2786319085
2786308447
2786300338
1569873687
2793298897
1569752550
1569674317
2792923906
2593020748
1736416412
1569849289
2786260567
2592845223
1569736063
2592787594
2788959647
1737202870
2786321420
2723635611
2786319854
1569686840
2786220134
2594256712
1655710461
2799002557
2786219064
2070044849
1570038189
2592808793
2786251189
1569953880
1569943109
2787822717
2786300973
1569949080
1570037811
1569759363
1569913939
1569736341
2592796052
2786221062
2787872234
1569747517
1569682983
1569837402
1569913902
1556949989
2774351343
1569884468
2808148663
1560017016
2786241945
1569731613
1570031598
1569938606
2070027912
2786319695
1569684498
2600518824
1569734368
1569732702
2592792063
2786259562
2592807018
2592796191
2070023419
1569889104
2786222100
1569706817
1569945429
1569828427
2786321352
1569821363
2070022427
1569871487
1569928779
1569812021
2786329304
1569940315
1569913721
1570016329
1570035060
1569881870
2774341312
1569670415
1569715914
2676926644
1569914813
2786224965
1569660833
1569859017
2774441834
2070022541
1560274315
2774394827
1569750836
2791257674
2592801402
1569829477
1569938443
2774400006
1569900310
2774499954
1569831287
2812890275
2774328819
2592804681
2774422735
2786313851
2786322722
1569949501
1569662480
1570016591
2809003968
1569894520
1558553377
2806662798
1569945475
2774411579
2805513700
2070017878
2592992973
1569831642
2809001453
2808152046
2070048875
1655642585
2593077473
1569868549
2788261894
2592830116
1569697540
2592934183
2808991240
2774388357
2600268575
2592797739
1569879329
1569938504
2592984834
2786273555
1569663449
1569688675
1569815051
2809138226
2807689967
2592805553
1569677890
2593017640
1569952074
2788221660
2600163505
2795502115
1569753119
1557798807
2774422720
1569915034
2807162309
1569818913
1570009829
2809049056
2677650796
1569710706
1569894129
1569677688
1569724444
2592813553
1569918064
2774449607
1569718994
2808609106
1569657197
1569951323
1569914854
2774414959
1569727627
2678473248
2774423158
2812565754
1569697756
2592906929
1569746803
1569715862
2070030057
1570011347
1569686071
2592801368
2774377617
1559600688
2594273759
2786276853
1569953832
1570015037
1569662340
1569756951
2786218112
2592965434
1569848503
2592939070
1569926917
2774439084
1569751274
2808207224
2786351831
1569706856
2799057813
2786272351
2787905208
1569917849
2786218883
2592848250
2812810823
2807161016
1569944017
2795265309
1569825802
2792923352
1569838835
1570001080
1569754224
1570000272
2594317039
2592796146
2774516292
2812680936
1737778471
1569673300
2592945756
1570018807
1655615268
1570027198
2792501787
2786243051
2599682830
2070035635
2792607872
1569849274
2790148961
1569743070
2594255593
2592830369
2786300703
2809302266
2602412633
1569943690
2592807035
2593009940
2786301132
1737308546
1570009636
1570015854
2774326734
2774418165
1569709923
2804612639
1569660624
2593086047
1569752276
1569762555
1569887484
2603830734
2593396576
1569846542
2790441985
2592871086
1737778980
2786238933
2786299577
1569836998
2786218668
1570020879
2774435177
2070033395
2593096831
1569890839
2070025553
2786217337
1559956523
2603743617
1569842727
1569921506
2592807001
2787737772
1570016562
2786244272
2814149233
2812761704
2592791161
2786222176
2814050302
2593063801
2592840736
2790490333
2592862906
2678606012
2786321190
2774394638
2812411542
2786219963
1569811526
2774373370
1569723272
1569686492
2786237954
1569849462
2592811269
1569932823
2593759771
1738160403
1569803784
1569742813
2787727663
1569802636
2786329292
2592792134
1569902078
2808615222
1569718595
2070030893
1569950172
1569912969
1569830767
2592797295
2593666048
2593037185
1569840577
2774525120
1569953961
1569669093
1570028987
2774396196
2786306853
2070067369
1569897197
1561257006
1569808705
1559101701
1736885335
1569883005
1569843041
1569884300
2812670751
2592794381
2774409375
2592817110
2598560614
1569675604
2593001977
2813877896
2592876127
2592941401
1569666091
1569717259
1569674948
2774407466
2807124829
1569724325
1569677730
2070021536
1570027738
2593076739
2786346070
2593019858
2792944347
2809023732
2795307686
2774319234
1569663037
1569822337
2600368582
1569894487
2787809377
2792818807
2790493592
1569947956
1570014166
2774431032
1569845204
1737778994
2774510532
2786240685
2592822242
2786339326
2786319013
2070039442
2592796247
1569818947
1570008081
2774451626
2592871883
1569803870
1569938022
2786348688
1569660273
2789361948
1569853014
1736123815
2786319113
2593018107
2593054428
2593035839
1569808955
1569740729
2592814993
2789692626
1570012683
1569758109
2604579143
2774412140
1570014556
2774455698
2676864894
1569840708
1569762054
2786358879
2594254849
1557818707
1570008816
2810214893
2791055340
1570040581
1569734215
2593083563
2774339582
2786296246
2788959696
2070017257
1569872619
2683041528
2807152744
1569700197
1559149155
2806617000
1569905952
1556802822
2592975032
1569757935
1655673180
2792550655
2808531827
1569928259
2774386731
1569884311
2786216795
2592800755
2774351647
1569670952
1570007433
2807158674
1569918079
1569711329
2809004088
1569850264
2592987335
1569915891
2592944329
2774485662
2774410563
2786210999
1569820040
2814035953
2774359635
2070071876
1569943535
2786237768
2593031217
1737779666
2808986821
2774349546
2594296000
2786319323
2592937663
2734904211
1570007661
2729205189
2786275151
2774444942
2592831000
2593061447
2812764972
2795775485
2786323516
2593026086
1569742651
2774421508
1569819077
1569927225
2786313150
2593456815
1569668005
2604019313
2592942902
2774410949
2786323264
2809019282
2593085467
1569901455
1569936810
1569932384
1569811915
1569754672
1569803660
2070022114
1569947723
2786295271
1560658388
1569803536
1736885009
2786244402
2592836189
1569761001
1570016725
1569868591
2592981044
1734145115
2592794269
2070021397
1570018564
1557818636
2593067923
2592979289
2070030322
2593101640
2593033196
1569701858
1569812526
1569858034
2593011423
1569802994
2786212438
2592800684
1569744448
1569948563
2594405771
2070044268
1569660433
1569814176
2786309291
1570012117
2786218770
2592821398
1569920594
2774386864
1569900584
2786307848
1569698496
1569734011
1569750249
1569743105
2787996016
2774506051
2774389265
2603782091
1570032372
1570011363
2774505192
1569879229
2800022717
2601402755
2792527511
1569815670
1569664778
2786252561
2592793370
1569661306
2786339491
1569928550
2808792833
1569682719
2592791869
1569682820
2774344436
2774436777
1569851194
2787772181
1569950930
2774422141
1556335926
1569846092
1569879721
2774359177
1569712880
2774373506
2592792431
2812512630
1570028318
1559527596
2774346247
2774441905
2592809311
1558848907
2793212397
2786323191
2807152470
2592797450
2594488291
2592990534
1569852782
1569752944
1557837245
1569827702
2774403447
1569664814
2774443347
2593094768
1569841854
1569818866
1569892688
1569891938
2774406633
1569949573
2593076517
1570030251
2592836762
1569857740
1569752374
1569848870
2799140006
1569891621
2774364680
1569664133
1569684023
2593095879
1569910525
2774394903
1569864998
2592821674
1569928243
1569894399
1569905997
2070048543
1569946080
2592828406
1569936078
2812508262
2808147351
2799629172
2774316978
1569821158
2592788028
2070071918
2787991493
1569918295
1569852015
1569939313
2593027434
2070031731
1569697728
1569921254
1737778891
1569747689
2070036011
2774437918
2790441674
1569930489
2774441944
2786323360
1570024132
1569675620
1569923402
2070031485
2786282409
2774441866
1569906191
2786273829
2593074031
2592843453
2603735731
2774378447
2774417328
2070041342
1738124354
1569694501
1569815703
2812831822
1736882932
1569737251
2592868518
2602683393
2786216649
2593022950
2592802896
2795307366
1569847747
1569804751
1569750537
1569936222
1569665379
1738155279
2807162634
2593645853
1570034197
1562252147
2592798199
2601416785
1569841076
2774336090
2793248906
1569675234
2592795080
2592813533
1569716912
1569695465
2812750907
2601421304
2812473137
1569662588
2592820784
2794546564
2786340444
2070022297
2786300239
2593059460
2592993456
1569946865
1569702240
1569840031
1557446060
1569917243
1570041252
1569820753
1569736087
1569876368
2774342547
2786287791
2592801233
1569819486
2593034683
1558234651
1569852075
1569726003
1569839381
2774406237
2786245469
1569669034
1569858785
1569679979
2800645495
1569915377
1569883803
1569668726
2593010145
2592804699
2592865557
2790152038
2592981098
1559244969
2592865494
2592787270
1569949267
1569755743
1570006984
1569951278
1569695639
1569910742
1569678939
1569666621
1569759622
2070017707
2592796477
1569900714
1569684006
1569701150
1569858960
1570017739
2774410898
2813609252
2789361971
2812454852
2774415135
2786221723
1569839844
2774326565
2794578474
2792781776
1570015346
1569672808
2786295079
1569913984
2774372802
2592977412
2070033448
2070046712
2786249496
2070047038
1569906248
1569843479
1569829841
2808531763
1570033613
2070027414
1570031122
1570029786
1569840896
2786211967
1570014002
2790530320
2070022926
2592788690
2788196867
1655745225
1569674182
2799408770
1569674557
1569844885
2786285807
2814034678
2592808571
1569697935
2070040497
1569883615
1569665523
1569661568
2592894496
1569902832
2594553493
1569674747
1569730375
2786331479
