1468023758
1468120908
1467910391
98371333
1467913450
1468300125
1567829573
1568576335
1468018671
1468002124
1468011893
1469292932
1467898364
1468374958
1467917979
2642238
1468023777
1468348512
651611295
1157831129
1569593751
1467872423
1468338188
670376080
52908417
1469401878
1468312604
128840573
2998305
1467883243
1467986477
1468363743
1468037889
1467883737
1467979305
378938223
1468009477
1468015586
2903019
790253278
348277775
1468346523
171498803
1468288786
1467911492
5246079
639939342
529547138
1467923888
1467919787
1467977461
1467977475
1467903042
630136731
1468346515
190967556
1468098057
1468300244
1569575885
1468324992
1468045657
347135246
1469391417
5465154
1157831107
1467869473
1467975627
1467871630
1467903975
1468341784
383197859
1467976048
190967567
1467868045
1467980818
6257054
1467917752
1467915696
282818792
121555656
1467894597
1468022095
1467877163
1469303060
1467897398
1468304511
1467975862
1467910339
380592959
1468714065
510812848
1469347909
1467980933
1467935189
347375715
110981745
2702083
1468025890
1467971022
1468008763
1467873313
1467890981
1468410195
1467876810
1468039862
122587715
1467979959
1467975778
1468010606
1468293590
1469288899
1469303350
1467900262
1467894952
1467980943
1467918448
1468011618
1569586535
1469309671
1467905391
1469336564
105970871
1468374966
190967545
1467894065
292802
1468300228
1467925702
1467969511
1467917858
1467888594
152232793
1468049228
1467902587
1467883803
1467915175
1467975702
165236853
1468134444
193808821
1467911171
637199775
1468011656
1468043867
1468046806
106790437
1467976152
1468081077
346903694
690128
1467917177
1467932827
154655146
1468266440
1467900620
1469432051
1468049632
184774526
1467896591
1467917143
1469326113
1467979968
1467975164
1468313457
