59937929
1467870680
1468048293
1468048543
1467872033
1467866691
1468007701
1468220209
1469376573
1467865831
1468141313
1467887441
1468373143
1467986632
1468340838
1468285036
1468351044
1468047413
1468351029
1469383229
1468046694
1467868118
1467872119
1468163322
1468270886
2604438717
1468373114
1468041098
1467887892
1468041038
2604439664
1468050008
1174059463
1468217942
1468099331
1468046730
1468096608
1469411255
1468050627
1469425213
1467920391
1468046716
1468007787
1174059419
1468217034
1468116051
1467904948
1468007824
1468373128
1469327340
1467885799
1468047422
1469424833
2767657
1467917940
1468373121
1468041105
1467932278
1468024822
1469369283
1467918521
1469389128
1468141305
2604439752
1468122927
1469389359
5490989
1569799170
1567645188
