1469312942
1467897467
1467871750
138018465
1469396875
1468300173
501141808
787598592
1468370061
1467913598
115445870
1467875985
305747815
1467887798
1469319879
1468303938
1469355642
1468039577
1467884734
210356694
1467877141
191142417
1468049952
122138382
1467910810
1468011609
1467944747
1467905923
1468098265
1468174117
1467970157
1467876008
1469419953
1467884457
1467881193
172732233
1467879231
1468308466
1467872984
1467920311
1569772068
1469334213
1468010648
146688767
1467872140
1467994505
1469406469
115215861
1468170932
1467870496
2756730
1467919245
1468044620
1467899889
1467907537
378704738
1467975230
1467904354
1469364473
1467875006
1569604393
1467893136
1468010592
1467867255
1467913883
1467935532
1467917156
1467900456
1467883459
166412133
1467966542
1467897007
1467910702
1468054135
176174397
1468367588
1468159709
1468045664
1467919774
1467890527
1467975209
121787785
1928145
1467878601
1469341199
5345506
2369146
94890401
1569604268
1467910797
4407767
1468353658
1467920026
77321
1468308642
1467917966
1467890239
1468045229
1468428976
1467871394
351278824
129319778
1468332750
486891108
1468098297
95572399
61103881
1468023720
1157281366
1468324376
1468164454
1469335069
1468300212
671553655
1467883030
1468381235
1468200688
170982134
1468330541
1468278855
1467920725
1468040259
1467894490
1468018124
5448577
1468707016
1468012296
1468049783
1467910471
1467881636
1469415535
2604439219
1467913312
1467923315
112820110
1468308650
377867937
1468300220
1468167515
54482363
1467986387
1031425153
1468024250
1467877604
1469347702
1469395952
2693937
1468380865
1467900133
1468371122
1468097930
1467970934
1467873639
1468047240
161304261
1469364576
1467965407
1468135122
1467878871
1469318805
1468012320
1468011647
1468086936
1467985050
45987930
785922314
1467885307
1468300157
1469360789
1467935311
1467994873
29758512
1467877895
1468308186
1467918473
622050361
1469422011
1090806234
1467922223
1467887659
2792575
299814479
1468082160
1469424153
1467885079
176441879
1467898626
1467879524
1469294107
1468043984
1468244802
1468279798
672343012
1569793065
168116841
1467896427
359591152
1468024260
1468162623
1467907163
1467934672
1468717808
345948949
687648
1468165504
1467986365
1469349149
187187929
1468013295
1467908585
1469380739
1467932954
1467877077
1468371833
107614607
1468181808
1467899424
96225376
1467877411
1467871642
1467976035
1467903511
1468028533
1467908977
349731146
1467937279
1468097922
1467900858
1468046813
511321613
1467887550
1468071357
1467886730
5489144
1468049518
1467923905
1468318208
1467884369
1467898131
1467936701
1469335633
1469429917
154912011
1469333022
1468299981
122926603
