1467870680
1467872033
1468220209
1467866691
1469376573
1468007701
1468141313
1467865831
1468373143
1467887441
1467986632
1468285036
1468351029
1468163322
1469383229
1468046694
1468270886
1467872119
2604438717
1467868118
1468373114
1468041098
1467887892
1468041038
2604439664
1468217942
1468050008
1174059463
1468099331
1468096608
1468046730
1468050627
1468046716
1468007787
1174059419
1468217034
1468116051
1468007824
1469327340
1468373128
1467885799
1467917940
1468373121
1468041105
1468024822
1469369283
1467918521
1468141305
2604439752
1468122927
1468340838
1468351044
