1469326408
1467917051
1467901527
1467877482
1467880967
3005328
1468012885
1467886125
1468368381
1467976306
1467876560
1467868692
1467892965
1168968566
1467874207
788044382
1467916648
1469253737
1467975990
1467918943
1468048928
1467978336
1467983276
1106261562
1469399184
1467895044
1468042924
1468260865
1467875296
1888927
2634725616
630067963
1467978293
1469415469
608573732
1467913988
1468018300
103047057
353317091
1469336121
1469356970
629228237
1468048001
1468014376
1467868718
2211264
1468040079
1468370069
1468002051
1468305337
1469292984
1468359558
1467904471
1467878225
1467911560
1467871215
786524039
1467913386
1468040461
1469300476
1467886466
1468163116
1467902407
1468010692
1467876067
1468002286
613170513
1468264751
349313739
1467867056
1468197202
1468672135
1468010861
1467917663
1468375887
1467892254
1469403003
1467877629
1467876496
1467922942
1468020459
1468055374
1468047860
636987713
1467909362
1467916053
60533728
2647510955
1468160670
1467907362
125065571
1469314627
1469375324
1467875846
1467894816
1468014159
1467868090
193558320
1468423210
1468223899
305267042
1469334016
1468045100
1468013038
1467885732
66195470
63169727
679743817
1467891611
1467899590
1467870508
1467885566
1467910783
1467932442
1468218804
1468024573
1468015933
1469402817
1467878398
5485376
1467928724
1469377691
3004004
1467875034
638484273
1467883157
1467882503
1468306463
1467886235
191343811
1467916182
1467874972
1467867176
1467880519
1469382710
787375939
1569589874
1467871481
1467984489
1467878199
1467886510
1467900207
194058756
1468034731
1468032369
1467895264
1467911591
1468047774
1469370922
1467901632
1469336069
1469412359
1467919717
1467910959
1467902576
1467893972
2604440148
1468007040
1467889952
1468039784
1468046849
1467878188
1467867736
1468034720
1467866677
1467888318
1468007711
1468040421
1468278816
1469262794
