1569772195
1468117160
1468048408
1467975242
667044818
191988592
1467975944
1468278924
1469353161
1467975816
337020305
1468267960
377821045
1468047077
194077374
1468004540
1469362368
1468285355
1468009211
496099903
1469347582
1467911611
2900032
179913543
1467935894
1467877551
380505015
1468023788
1467877208
1467975826
1468163131
1467917929
119899954
1468277679
1467897293
1468310831
1467975900
1468013456
2636590395
1467935919
1468285371
348338212
1467874654
385865946
3708936
1469387853
5445305
1467975737
1467935857
1467899053
3012277
1467976024
2361519
1468373202
1467932841
1467910461
1569780246
151743055
98897360
1173934105
1467898557
676438865
644220474
1467878555
1467975680
1467938196
1467936813
1468099030
1468008821
380169175
146688921
1468002135
1467917437
1569575065
1467936038
1468002921
1467975262
377758815
381193721
60530393
1467870760
536238034
1468030701
670483424
