1468278924
1467871630
1468048408
1467975755
1468009211
1467898083
305267042
670483424
1468373202
5445305
1468223899
1469319858
644220474
1468049632
1468035508
1469336564
2702083
1467899053
679743817
1467903975
194077374
1467903042
1467910461
1467976142
1467917143
1468037440
1468015586
60530393
1468277679
6117764
1467975944
185688890
1467896591
1468030701
179913543
1468099030
1468002135
1469353161
1467897293
1469387853
121555656
348338212
1468117160
1468008811
152207146
112820110
1468002921
1467975242
1467913450
1468310831
