1467892254
1467911581
1468071357
1467899889
5465154
1469368745
1468264751
1468012320
1168580195
2642238
1468015873
1467873313
1467975209
794588607
1467978293
1469412359
529547138
1467970157
1467886466
1467883803
1467877482
1467874654
1468098265
5345506
1468049783
1468011609
1468283215
1467879445
1467986387
1467896405
382828528
1467901632
1467969511
1468046849
1469375324
1468086936
1468095317
1469335069
1468047774
1467920311
1468300212
1468098057
1468042924
1469381553
1467907537
351278824
1468040421
1467873639
1467936701
1468048803
1467915696
1467894597
1468040461
94890401
1468341784
1467879231
785922314
1468285355
129319778
1467975141
1469406469
1468330541
636796945
1467905923
2634725616
1467911611
1468374902
176174397
1468381235
1467970934
1468197202
1468010648
1468371833
486891108
1468164454
168116841
1469415469
622050361
1467896427
1567829573
1467925179
1468428976
1469300400
1468058347
1469422011
1468018145
1467877530
1468028533
672343012
1467909362
1467908585
191142417
1468260865
1467975627
501141808
1467892046
1469286943
1467966542
1469341199
1468218804
1467904723
2647510955
1467877141
1467975230
1102620528
95572399
305747815
1467875539
1468015933
1467885079
1467975164
3708936
1469430913
1467886536
1467976048
1467910959
1467919774
278989958
1467898309
1468165504
59937812
1467986365
1467877163
115215861
347135246
348277775
1468374966
1468288786
1468001902
1467895264
6257054
1467938196
378704738
1467868090
1467910471
1468034703
1468374958
1467882096
1467868692
1467871394
1467918460
1468025741
1469333022
1467978187
1467876067
1468079396
1468077267
1467975816
103047057
1467916053
1468278855
1469318805
1468380865
1468672135
1467885927
1468174117
1468231761
1468023720
1467897467
1467884369
1467917156
1467893136
1467928724
1469262794
1467917966
1468097930
3005328
2752095
1469288899
1468313457
1467876496
380592959
359591152
124563508
1468324376
1467874207
106790437
790253278
1467878188
193808821
1467871215
1467932442
1469312942
110981745
1467975826
1467913883
1468010606
1468045856
1467869160
1468285371
411249412
1467899206
1467932396
786524039
651247073
1467934672
1469405027
1467881870
1468008763
1469300322
2211264
121787785
1467877736
1469370922
1469433695
1467982595
1468299981
2756730
146688921
1467924024
1467900858
1468285530
1468300173
1468118376
1469347702
191988592
787375939
690128
1468279846
1468081077
1467917858
122587715
1468300220
5461670
1468363743
1469335633
1468279798
1469300476
1467878199
511321613
1469364576
1468167515
1467904354
510812848
1467898131
1468011647
2604439219
348882731
1468043984
2792575
378937033
1469380739
2693937
1468097922
1468356295
1467878225
1468163116
1469356970
1468098297
1467975262
1467876008
1467889744
1467975900
1468044620
1468368381
345948949
3004004
2644087936
1467870508
1469349149
1469360789
66195470
1467975702
1468044599
1468045664
1467983276
122280467
166605299
1467911171
1569589874
1468014159
