1468373128
1467887441
59937929
2604438717
1468373121
1468340838
1468220209
1468024822
1468096608
1469389359
1468122927
2604439664
2604439752
1468217942
1468007824
1174059419
1469376573
1468050627
1468163322
1468050008
1174059463
1468270886
1468141313
1468007701
1469369283
1468041038
1468373143
1467872033
351223381
1467868118
1468046716
1567645188
1467872119
1469383229
1468046694
1467885799
1468373114
1468116051
1468285036
1469327340
1467904948
1468141305
1467918521
1467870680
1467866691
1468217034
1468048543
1468007787
1467887892
1468046730
1468099331
1467917940
