1468717808
5246079
1467913386
1467880519
1468010592
1467870640
1467994873
1467913598
1467890994
1467878398
1468063846
1469309671
1467881377
1469402817
1467886125
1468303938
1467910391
1468047458
1467868204
1467976035
1468055374
1467909349
1467882503
1467895044
1467907362
1468205472
2369146
2998305
45987930
1467868131
1467911492
1468018300
1468039784
1467873794
1468032369
1467994780
503061554
1467975862
1467894816
1467885307
1467985050
1467917204
1467878978
1469382710
608573732
1467975778
1468010861
98371333
1467910810
1168968566
166412133
1467866677
1467966634
1467918943
4407767
1467994505
1467922223
1468018124
1467911591
1467902576
1468011372
1468308466
1467883030
1468308650
161304261
1467877604
1468013295
1468049344
1468098826
1467886235
1157281366
1468046632
1468014376
1467886730
1467866276
1467920725
1468332750
1467873324
1467910339
116452243
1468047860
613170513
1467923888
2661980410
1468048928
1469355642
1468375887
1468020459
1467878601
125065571
1467871778
1469362368
1467887550
98897360
1468220201
1468045100
1468043903
1467889928
378938223
377758815
60533728
29758512
1467893972
1467870890
1467919245
337020305
1468046813
115445870
154655146
411704427
1469253737
651611295
636987713
380505015
1468034731
1467868450
1468714065
381193721
1468338188
1469337813
787598592
1468002051
347542167
1468074483
1467884734
1106261562
1467901527
1468305337
1469432051
377867937
1467873155
1468048001
1468170932
1467885732
1468308058
176441879
1031425153
1467907163
1468012588
346649386
1469395952
1467910702
1469292984
1467891611
1467869737
1468423210
1469414215
1468049164
1468359558
1468034711
1469377691
630136731
1467935344
146688767
1468367588
1468023788
349731146
1468135122
1467875985
353317091
1467876684
164552947
1468308642
1468024573
515651935
1467867736
1467887659
1467910914
172732233
1467868718
122926603
1468039828
1468370061
661960156
171498803
1467922942
1888927
1467876560
1467887498
687648
788044382
1467901893
1468371122
1569583482
187187929
1467915328
299814479
1467879524
1467994741
1468318208
1928145
1467890527
1467871406
1467886607
1467944747
1469292932
154912011
1468018671
107614607
1468134444
1467878790
1469334016
1467896799
1468353658
1467984489
385865946
324314116
1468043971
7281120
1468163553
1467932841
1468010692
1467910899
1467881636
1467892784
383213448
5448577
