1467875006
1468213212
1467883851
1467937279
1467976993
1468020371
1467872610
1467889952
1467867945
1467900456
1468024260
1467917041
1467975990
1467913988
1468017310
1468013038
193558320
1467888318
1468023777
1468019272
153991600
1467892965
1468022055
1468019889
1467911560
1467870496
1468370069
1468024250
1467910797
1468047240
1467876178
1467873011
1467917051
1469314627
1469303350
1468023758
1467965407
1467923905
1467875846
1468040079
138018465
1469299661
122138382
1469364473
152232793
1569589690
98905473
671553655
348185166
1467978336
1090806234
629400073
638484273
1467883157
1468196579
1468045229
1467913312
1467902407
1467976306
