1157831129
1467879018
1467897007
1467975737
190967567
2903019
639938970
377821045
1467871642
1467883097
1467935189
1468002286
670376080
1467979968
1467900620
190967545
1468048353
1468049228
1468300228
154891469
1467915175
292802
1468300244
629228237
1173934105
1468223891
1467977475
96225376
1468045657
1468039577
1569604268
380169175
1467903511
1468346515
2900032
1467876613
1467919787
1467932827
1468162623
1467902587
630067963
1468049518
1468244802
346903694
1468011618
1467905391
127203322
1467890981
1467895906
1467979959
5489144
1467877629
536238034
1468293590
1569604393
166067123
1467875296
1467890812
1467881193
128840573
52908417
1467932954
1468300125
1467899424
1469334213
1468163131
63169727
1467975680
1468097914
1468707016
383197859
1467879552
1467869473
1468007711
1468267960
1468008821
1467986477
1468278816
1467878871
1467867255
210356694
1467877208
1569593751
1468049214
1467877411
1468160670
349313739
1469347909
165236853
1467975849
1467912116
2636590395
1468451088
1468082160
1468324992
1467917177
1467868045
1468039862
1468302789
1468200688
1468012296
190967556
1467894065
1468040259
1467976152
1468348512
1467917752
1467900262
1467872423
1467877551
1468306463
1467878555
2361519
1569575885
523575329
1157831107
1468025890
1467898557
1468047077
1468304511
5485376
1469399184
1467979305
1468346523
1467876810
1467925702
1468153310
1467975920
1467882380
1467871750
1467971022
184774526
1468043867
1468054135
1467883737
194058756
1467975836
1469303060
1468011656
1468312604
1467917979
1569780246
1467887798
1469294107
1468410195
1467920026
1468002124
347375715
1468011893
1467888594
1469319879
1467976024
61103881
